 78 102 72 0
 92 118 84 0
 97 126 91 0
 94 119 84 0
 96 117 84 0
 81 106 73 0
 95 126 92 0
 87 116 81 0
 98 124 91 0
 89 116 84 0
 96 120 91 0
 100 130 100 0
 96 129 97 0
 94 127 93 0
 92 120 90 0
 93 124 93 0
 90 123 94 0
 96 129 99 0
 80 106 79 0
 94 125 96 0
 79 111 82 0
 66 100 74 0
 61 92 72 0
 75 114 89 0
 59 94 69 0
 85 122 96 0
 114 127 106 0
 120 131 110 0
 86 116 91 0
 68 96 71 0
 79 112 86 0
 74 104 81 0
 81 116 94 0
 76 108 83 0
 68 103 78 0
 76 111 86 0
 89 130 105 0
 66 103 79 0
 82 118 94 0
 76 110 86 0
 82 116 92 0
 87 126 101 0
 81 123 98 0
 82 123 98 0
 84 129 108 0
 73 111 89 0
 78 115 93 0
 87 116 98 0
 101 130 114 0
 103 129 113 0
 114 134 118 0
 123 142 130 0
 113 133 120 0
 105 127 115 0
 118 143 130 0
 116 142 127 0
 106 129 116 0
 112 132 125 0
 122 142 131 0
 122 141 129 0
 88 112 82 0
 90 115 82 0
 97 125 91 0
 92 120 84 0
 92 115 81 0
 96 119 86 0
 97 127 94 0
 89 117 84 0
 106 134 101 0
 79 106 75 0
 98 122 93 0
 102 131 101 0
 93 125 94 0
 92 124 91 0
 128 156 128 0
 91 120 90 0
 89 121 92 0
 91 125 96 0
 90 119 90 0
 92 123 94 0
 80 113 83 0
 68 102 76 0
 71 104 83 0
 76 115 90 0
 64 100 75 0
 82 121 94 0
 203 177 162 0
 101 122 98 0
 82 113 88 0
 74 103 78 0
 74 107 81 0
 76 106 84 0
 81 116 94 0
 73 105 81 0
 65 100 75 0
 82 120 95 0
 89 129 104 0
 61 94 71 0
 83 119 94 0
 79 113 88 0
 87 121 97 0
 83 124 99 0
 84 126 101 0
 74 117 92 0
 85 131 111 0
 73 112 90 0
 86 123 102 0
 94 122 104 0
 104 135 118 0
 99 125 108 0
 115 135 121 0
 113 132 121 0
 106 126 117 0
 110 134 123 0
 111 139 125 0
 111 138 124 0
 109 131 122 0
 106 126 120 0
 120 139 130 0
 120 140 130 0
 90 114 84 0
 89 113 82 0
 97 123 89 0
 92 120 84 0
 86 111 77 0
 93 117 83 0
 72 98 65 0
 97 127 94 0
 95 123 90 0
 110 140 107 0
 86 112 80 0
 102 129 100 0
 90 121 92 0
 94 125 93 0
 99 130 99 0
 89 117 87 0
 88 119 90 0
 94 127 99 0
 134 161 132 0
 87 119 89 0
 82 114 85 0
 73 108 80 0
 73 107 84 0
 71 111 85 0
 66 103 77 0
 119 137 114 0
 181 163 144 0
 97 117 92 0
 85 114 89 0
 63 89 66 0
 70 103 81 0
 83 121 98 0
 77 112 86 0
 64 93 71 0
 85 118 95 0
 91 131 107 0
 86 127 102 0
 69 102 76 0
 82 120 94 0
 80 113 88 0
 85 121 96 0
 84 126 101 0
 82 124 100 0
 76 118 97 0
 65 104 82 0
 80 118 96 0
 93 129 107 0
 96 124 107 0
 95 128 112 0
 101 126 111 0
 122 141 130 0
 111 129 122 0
 110 132 123 0
 108 134 125 0
 105 134 122 0
 110 135 123 0
 104 124 120 0
 114 135 129 0
 121 141 132 0
 104 125 119 0
 88 112 80 0
 94 118 87 0
 93 118 85 0
 90 117 83 0
 87 114 80 0
 90 114 81 0
 96 122 88 0
 99 128 95 0
 94 124 91 0
 117 148 115 0
 93 119 87 0
 96 121 93 0
 96 126 97 0
 94 123 92 0
 98 128 97 0
 91 119 90 0
 86 116 88 0
 90 122 94 0
 85 117 87 0
 78 110 81 0
 81 114 84 0
 73 108 80 0
 74 109 84 0
 67 106 82 0
 69 108 81 0
 74 111 85 0
 184 174 156 0
 136 139 118 0
 85 114 88 0
 73 105 81 0
 55 82 64 0
 76 111 90 0
 79 115 90 0
 73 103 80 0
 87 123 101 0
 94 133 113 0
 81 121 97 0
 73 108 82 0
 81 117 91 0
 77 110 86 0
 81 119 93 0
 87 129 104 0
 83 124 102 0
 77 118 97 0
 74 113 92 0
 80 118 96 0
 99 132 111 0
 97 129 114 0
 89 121 106 0
 115 138 125 0
 119 139 129 0
 107 125 117 0
 109 131 125 0
 100 131 122 0
 104 132 122 0
 113 136 127 0
 107 129 123 0
 120 141 133 0
 123 144 136 0
 107 127 123 0
 96 124 90 0
 88 112 81 0
 93 118 86 0
 85 111 78 0
 90 117 83 0
 89 113 79 0
 98 124 91 0
 97 126 93 0
 97 127 95 0
 98 130 97 0
 100 125 93 0
 99 124 95 0
 90 120 91 0
 96 126 95 0
 97 127 94 0
 96 126 97 0
 96 126 99 0
 92 122 95 0
 86 117 88 0
 68 98 73 0
 76 108 80 0
 68 104 77 0
 71 106 81 0
 70 111 85 0
 59 94 69 0
 77 114 89 0
 176 173 154 0
 98 122 97 0
 83 114 88 0
 63 90 66 0
 62 91 73 0
 78 115 94 0
 77 113 88 0
 69 99 75 0
 84 120 96 0
 97 134 117 0
 77 115 92 0
 72 106 81 0
 82 117 93 0
 70 102 78 0
 86 124 100 0
 87 125 102 0
 85 125 104 0
 74 115 94 0
 72 113 91 0
 84 123 102 0
 97 130 110 0
 92 127 112 0
 85 118 103 0
 112 137 124 0
 112 131 122 0
 105 125 117 0
 104 127 122 0
 102 135 127 0
 105 133 125 0
 113 136 129 0
 117 140 134 0
 118 140 132 0
 117 139 133 0
 123 144 141 0
 99 129 96 0
 87 114 81 0
 93 119 88 0
 81 105 73 0
 92 118 84 0
 91 116 82 0
 98 124 90 0
 99 128 96 0
 98 127 97 0
 95 126 94 0
 118 144 113 0
 106 132 103 0
 93 121 94 0
 95 125 94 0
 96 125 93 0
 94 123 93 0
 100 132 104 0
 92 120 93 0
 79 108 80 0
 64 93 69 0
 75 106 80 0
 78 116 89 0
 65 101 75 0
 69 110 85 0
 57 94 69 0
 78 113 91 0
 128 142 122 0
 95 122 96 0
 78 114 86 0
 60 86 64 0
 63 90 74 0
 80 118 96 0
 70 106 82 0
 74 105 81 0
 82 119 97 0
 85 122 106 0
 67 100 76 0
 78 111 87 0
 93 124 100 0
 79 111 89 0
 95 133 110 0
 81 117 96 0
 83 123 102 0
 77 118 98 0
 58 95 77 0
 89 127 107 0
 91 122 105 0
 90 126 111 0
 83 116 101 0
 110 133 123 0
 108 128 119 0
 107 128 121 0
 104 130 126 0
 98 131 124 0
 106 134 128 0
 117 141 137 0
 117 140 133 0
 118 141 133 0
 118 140 135 0
 122 143 140 0
 100 132 99 0
 97 125 92 0
 89 117 85 0
 83 108 76 0
 89 114 81 0
 94 120 86 0
 99 124 90 0
 96 127 94 0
 97 126 96 0
 96 126 96 0
 82 112 80 0
 100 128 100 0
 110 139 114 0
 96 121 94 0
 93 121 89 0
 85 115 84 0
 97 129 100 0
 87 114 86 0
 66 92 66 0
 71 100 75 0
 71 101 77 0
 73 112 86 0
 63 99 73 0
 67 109 84 0
 52 83 60 0
 98 126 107 0
 149 158 140 0
 84 115 88 0
 74 111 83 0
 54 81 59 0
 68 95 79 0
 73 113 92 0
 64 99 76 0
 76 106 84 0
 81 119 99 0
 83 119 103 0
 68 101 78 0
 82 117 94 0
 103 133 110 0
 92 122 100 0
 85 122 100 0
 88 124 103 0
 79 120 99 0
 77 120 99 0
 73 110 92 0
 98 136 116 0
 83 117 102 0
 79 113 101 0
 96 128 117 0
 108 132 123 0
 111 134 125 0
 106 128 123 0
 106 137 131 0
 95 127 123 0
 103 130 125 0
 112 136 131 0
 118 141 133 0
 117 140 134 0
 119 140 137 0
 116 135 132 0
 96 126 95 0
 101 132 98 0
 91 118 85 0
 81 107 75 0
 86 110 76 0
 97 124 90 0
 95 121 87 0
 96 125 91 0
 99 128 97 0
 94 124 93 0
 87 116 84 0
 92 121 94 0
 108 137 112 0
 108 134 109 0
 91 116 86 0
 84 112 82 0
 90 123 94 0
 83 114 84 0
 66 90 64 0
 72 104 78 0
 77 108 83 0
 75 113 90 0
 65 102 75 0
 66 108 83 0
 62 94 71 0
 122 143 125 0
 134 146 128 0
 71 102 77 0
 68 107 80 0
 68 96 75 0
 71 102 89 0
 69 111 90 0
 65 95 73 0
 83 117 96 0
 82 119 99 0
 83 118 101 0
 64 98 74 0
 84 118 96 0
 97 128 105 0
 98 129 107 0
 91 126 104 0
 88 127 106 0
 72 115 94 0
 88 129 111 0
 87 128 109 0
 88 125 107 0
 86 121 109 0
 84 120 108 0
 92 124 116 0
 116 140 133 0
 120 143 136 0
 109 134 128 0
 104 135 130 0
 104 135 131 0
 103 129 124 0
 112 135 130 0
 117 140 134 0
 114 137 133 0
 115 136 133 0
 119 138 135 0
50 150 100 0
 93 123 93 0
 89 116 83 0
 88 114 83 0
 84 108 75 0
 94 121 87 0
 98 124 90 0
 99 127 93 0
 97 126 95 0
 96 125 94 0
 89 119 87 0
 93 121 90 0
 96 126 101 0
 107 135 110 0
 91 117 87 0
 87 115 84 0
 88 122 92 0
 84 118 88 0
 64 89 63 0
 73 107 81 0
 78 109 85 0
 75 115 93 0
 58 96 70 0
 61 100 75 0
 74 117 91 0
 69 101 77 0
 133 142 123 0
 69 96 74 0
 67 102 76 0
 81 111 92 0
 62 95 83 0
 76 120 99 0
 54 85 63 0
 68 96 76 0
 85 123 103 0
 76 108 92 0
 78 113 93 0
 82 115 92 0
 91 122 99 0
 99 130 110 0
 92 124 105 0
 88 127 108 0
 80 122 103 0
 68 101 87 0
 96 135 118 0
 73 109 94 0
 81 117 106 0
 92 125 117 0
 121 145 138 0
 124 144 139 0
 115 137 130 0
 107 135 129 0
 102 135 129 0
 101 133 127 0
 104 131 126 0
 116 140 135 0
 115 139 134 0
 113 136 132 0
 110 130 128 0
 120 138 135 0
50 150 100 0
 92 121 95 0
 84 112 81 0
 87 113 83 0
 84 110 78 0
 94 121 87 0
 96 124 90 0
 101 127 93 0
 103 131 99 0
 94 121 91 0
 90 120 89 0
 92 122 90 0
 95 123 97 0
 97 126 101 0
 89 117 87 0
 91 118 86 0
 86 119 89 0
 80 117 88 0
 66 91 65 0
 69 106 79 0
 78 111 86 0
 74 112 91 0
 67 106 81 0
 63 105 81 0
 79 123 98 0
 93 120 97 0
 165 169 151 0
 66 91 72 0
 86 125 103 0
 77 111 94 0
 74 120 101 0
 61 99 79 0
 64 89 72 0
 84 124 101 0
 75 107 91 0
 82 114 98 0
 76 110 86 0
 78 107 85 0
 96 125 104 0
 95 125 109 0
 91 123 106 0
 82 123 104 0
 82 123 106 0
 95 130 115 0
 94 131 114 0
 75 109 95 0
 82 118 106 0
 97 130 123 0
 120 142 136 0
 125 144 141 0
 115 136 131 0
 101 132 126 0
 100 133 128 0
 99 131 125 0
 112 138 133 0
 115 138 133 0
 113 136 133 0
 105 127 127 0
 112 133 130 0
 121 139 136 0
50 150 100 0
50 150 100 0
 87 116 90 0
 84 109 79 0
 86 112 81 0
 95 122 89 0
 93 123 88 0
 95 121 87 0
 105 133 102 0
 81 108 78 0
 89 116 87 0
 91 122 90 0
 97 125 96 0
 96 124 101 0
 96 126 100 0
 91 119 86 0
 84 117 86 0
 77 117 89 0
 65 91 65 0
 67 105 79 0
 76 110 85 0
 73 109 88 0
 59 98 73 0
 63 106 83 0
 90 126 102 0
 141 146 127 0
 109 115 95 0
 67 88 71 0
 59 95 73 0
 75 112 96 0
 64 104 86 0
 49 78 59 0
 69 95 77 0
 78 117 95 0
 77 109 92 0
 79 113 95 0
 73 107 84 0
 84 113 93 0
 95 123 108 0
 96 125 112 0
 92 127 110 0
 72 112 94 0
 83 124 108 0
 106 141 128 0
 91 128 111 0
 76 110 96 0
 89 124 115 0
 119 145 140 0
 136 150 145 0
 116 136 133 0
 111 136 130 0
 98 129 123 0
 96 129 124 0
 101 131 126 0
 118 142 138 0
 113 137 132 0
 106 129 132 0
 107 130 132 0
 118 137 135 0
50 150 100 0
50 150 100 0
50 150 100 0
 92 120 94 0
 90 117 87 0
 87 113 83 0
 96 123 89 0
 87 116 82 0
 99 128 95 0
 84 110 80 0
 94 122 92 0
 75 101 74 0
 89 120 89 0
 94 124 91 0
 98 125 98 0
 96 125 100 0
 87 116 84 0
 84 119 87 0
 64 103 77 0
 55 83 59 0
 65 98 74 0
 73 108 85 0
 69 104 85 0
 59 98 74 0
 65 105 82 0
 77 118 97 0
 120 132 112 0
 90 101 82 0
 76 111 94 0
 54 87 70 0
 77 113 97 0
 68 107 90 0
 50 78 61 0
 67 93 77 0
 71 108 89 0
 69 100 84 0
 75 106 89 0
 73 104 83 0
 82 110 93 0
 90 119 105 0
 97 128 114 0
 89 125 109 0
 79 119 102 0
 91 129 119 0
 99 136 126 0
 88 122 107 0
 87 122 110 0
 99 134 126 0
 119 142 137 0
 137 148 146 0
 112 131 128 0
 100 129 122 0
 98 129 124 0
 99 132 127 0
 107 133 129 0
 116 141 136 0
 110 134 133 0
 106 129 134 0
 110 132 132 0
 119 138 136 0
50 150 100 0
50 150 100 0
50 150 100 0
50 150 100 0
 96 125 97 0
 95 122 91 0
 91 118 85 0
 84 111 78 0
 98 128 95 0
 93 122 91 0
 89 116 88 0
 82 107 81 0
 101 129 100 0
 89 119 87 0
 88 113 85 0
 95 125 100 0
 85 115 85 0
 74 110 80 0
 97 136 110 0
 56 85 60 0
 74 108 84 0
 66 98 79 0
 72 109 91 0
 59 97 76 0
 64 103 82 0
 85 120 103 0
 123 133 114 0
 92 104 86 0
 69 96 78 0
 66 102 85 0
 80 121 104 0
 65 104 87 0
 60 90 74 0
 73 104 89 0
 65 92 77 0
 64 96 79 0
 70 101 83 0
 74 102 83 0
 80 106 94 0
 100 128 115 0
 90 123 108 0
 87 124 109 0
 73 111 97 0
 93 130 125 0
 87 123 112 0
 90 125 111 0
 90 127 116 0
 105 138 131 0
 141 154 148 0
 147 157 155 0
 112 133 128 0
 94 126 119 0
 98 129 125 0
 101 133 129 0
 113 138 134 0
 116 141 136 0
 105 128 131 0
 116 140 141 0
 114 133 131 0
 50 150 100 0
50 150 100 0
50 150 100 0
50 150 100 0
50 150 100 0
 93 122 95 0
 103 131 101 0
 92 119 86 0
 86 113 80 0
 90 118 85 0
 97 128 95 0
 100 127 97 0
 91 116 88 0
 99 126 98 0
 90 121 89 0
 82 103 74 0
 84 114 90 0
 91 124 98 0
 74 110 77 0
 59 97 69 0
 67 102 77 0
 64 99 75 0
 60 91 74 0
 71 108 91 0
 53 90 71 0
 68 109 87 0
 80 116 100 0
 133 142 125 0
 102 110 90 0
 71 95 78 0
 74 110 93 0
 70 111 95 0
 55 90 73 0
 66 96 80 0
 79 114 99 0
 67 95 80 0
 63 95 79 0
 64 94 77 0
 80 108 89 0
 92 120 110 0
 87 117 105 0
 88 123 107 0
 86 122 108 0
 75 111 99 0
 89 126 121 0
 82 118 109 0
 95 129 119 0
 90 126 117 0
 104 135 128 0
 171 176 173 0
 118 139 134 0
 90 119 113 0
 92 124 119 0
 95 126 123 0
 116 144 140 0
 109 134 130 0
 114 137 134 0
 117 141 143 0
 122 146 143 0
 114 131 128 0
50 150 100 0
50 150 100 0
50 150 100 0
50 150 100 0
50 150 100 0
 54 78 57 0
 98 130 100 0
 97 126 93 0
 85 111 78 0
 87 113 81 0
 94 127 96 0
 91 119 89 0
 94 121 91 0
 98 128 99 0
 86 118 86 0
 70 93 64 0
 78 106 81 0
 87 121 95 0
 70 106 75 0
 59 98 69 0
 56 90 67 0
 73 111 86 0
 61 93 75 0
 69 106 89 0
 54 88 72 0
 65 106 84 0
 78 118 98 0
 146 145 128 0
 97 106 87 0
 71 93 76 0
 78 114 97 0
 68 107 90 0
 54 88 72 0
 65 97 81 0
 60 88 74 0
 69 104 84 0
 59 91 75 0
 65 95 77 0
 85 113 96 0
 88 118 106 0
 83 114 101 0
 82 118 104 0
 89 123 115 0
 72 103 95 0
 88 125 119 0
 85 123 114 0
 94 128 121 0
 92 128 121 0
 131 145 141 0
 186 188 187 0
 125 145 141 0
 98 127 121 0
 95 126 122 0
 100 131 128 0
 114 140 137 0
 109 134 130 0
 115 140 138 0
 122 148 146 0
 119 138 135 0
 76 84 83 0
50 150 100 0
50 150 100 0
50 150 100 0
50 150 100 0
50 150 100 0
50 150 100 0
 88 121 91 0
 96 127 95 0
 88 116 83 0
 83 108 75 0
 92 122 91 0
 92 124 94 0
 80 104 75 0
 93 125 97 0
 97 128 99 0
 85 113 81 0
 77 104 78 0
 81 116 90 0
 67 102 74 0
 59 97 69 0
 62 97 72 0
 70 110 84 0
 61 95 75 0
 66 106 88 0
 48 80 65 0
 70 114 91 0
 90 117 96 0
 201 180 169 0
 99 112 91 0
 73 100 80 0
 81 121 107 0
 72 110 93 0
 72 104 87 0
 67 98 88 0
 54 77 65 0
 74 110 89 0
 59 88 73 0
 70 98 81 0
 94 124 111 0
 80 111 100 0
 85 116 104 0
 83 120 107 0
 83 117 111 0
 89 123 116 0
 79 116 110 0
 83 122 114 0
 90 126 118 0
 92 128 122 0
 121 138 135 0
 180 178 179 0
 102 125 121 0
 98 130 123 0
 99 129 125 0
 111 139 138 0
 112 138 134 0
 110 135 132 0
 115 141 140 0
 119 145 142 0
 119 137 134 0
50 150 100 0
50 150 100 0
50 150 100 0
50 150 100 0
50 150 100 0
50 150 100 0
50 150 100 0
 80 109 82 0
 81 115 85 0
 98 130 98 0
 92 118 85 0
 93 121 89 0
 94 127 96 0
 81 106 77 0
 92 123 94 0
 92 122 93 0
 71 97 66 0
 89 117 88 0
 71 104 80 0
 77 116 90 0
 59 92 68 0
 69 105 80 0
 58 96 70 0
 69 111 87 0
 66 111 90 0
 54 87 69 0
 70 114 90 0
 65 103 78 0
 156 144 130 0
 80 98 77 0
 75 103 83 0
 79 118 105 0
 64 101 87 0
 65 97 81 0
 66 97 84 0
 44 68 56 0
 75 110 90 0
 51 75 62 0
 63 89 74 0
 90 121 108 0
 79 109 98 0
 90 122 112 0
 85 121 111 0
 80 113 108 0
 86 122 115 0
 76 115 108 0
 80 120 112 0
 80 117 110 0
 95 130 124 0
 120 133 130 0
 113 129 128 0
 104 131 128 0
 97 128 122 0
 105 136 133 0
 114 140 139 0
 107 133 129 0
 112 138 135 0
 114 141 139 0
 119 140 137 0
 0 0 0 0
50 150 100 0
50 150 100 0
50 150 100 0
50 150 100 0
50 150 100 0
50 150 100 0
50 150 100 0
50 150 100 0
 80 109 82 0
 99 133 103 0
 94 124 91 0
 90 116 84 0
 85 118 89 0
 91 125 95 0
 92 121 91 0
 90 121 93 0
 90 119 90 0
 78 106 77 0
 78 108 83 0
 73 112 86 0
 58 91 67 0
 64 100 77 0
 62 103 76 0
 70 117 92 0
 44 85 64 0
 63 101 81 0
 64 106 81 0
 59 90 67 0
 128 131 114 0
 66 86 64 0
 90 114 92 0
 84 119 101 0
 67 104 90 0
 69 102 85 0
 60 89 76 0
 51 76 65 0
 68 98 82 0
 48 71 59 0
 72 100 84 0
 86 115 103 0
 76 104 96 0
 92 123 115 0
 77 110 102 0
 87 120 114 0
 84 121 116 0
 75 115 108 0
 75 115 107 0
 78 115 108 0
 95 127 122 0
 197 188 192 0
 108 122 123 0
 102 133 129 0
 98 129 123 0
 110 139 136 0
 102 127 124 0
 110 136 133 0
 108 135 132 0
 114 140 138 0
 119 139 137 0
50 150 100 0
50 150 100 0
50 150 100 0
50 150 100 0
50 150 100 0
50 150 100 0
50 150 100 0
50 150 100 0
50 150 100 0
 82 107 81 0
 100 134 104 0
 87 120 88 0
 90 117 85 0
 90 119 90 0
 82 118 90 0
 94 124 93 0
 88 119 91 0
 90 119 93 0
 86 114 87 0
 72 102 76 0
 82 125 101 0
 67 103 77 0
 65 104 79 0
 68 107 81 0
 66 113 85 0
 65 112 89 0
 61 101 81 0
 64 102 81 0
 61 77 58 0
 117 122 107 0
 86 115 90 0
 70 95 72 0
 84 121 100 0
 74 111 95 0
 63 96 77 0
 57 85 70 0
 58 82 73 0
 69 102 86 0
 51 75 62 0
 73 102 88 0
 74 100 93 0
 87 114 108 0
 89 121 114 0
 80 113 106 0
 82 115 110 0
 88 126 122 0
 69 108 100 0
 72 109 102 0
 86 124 118 0
 96 118 116 0
 224 209 213 0
 115 133 132 0
 95 125 120 0
 102 132 129 0
 102 130 127 0
 101 127 124 0
 108 134 131 0
 109 133 131 0
 116 139 137 0
 123 143 140 0
50 150 100 0
50 150 100 0
50 150 100 0
50 150 100 0
50 150 100 0
50 150 100 0
50 150 100 0
50 150 100 0
50 150 100 0
50 150 100 0
 97 124 97 0
 89 123 94 0
 79 111 82 0
 88 117 88 0
 85 123 97 0
 86 118 89 0
 87 124 94 0
 88 119 92 0
 95 128 105 0
 83 112 86 0
 71 106 82 0
 63 102 77 0
 70 114 88 0
 66 107 81 0
 54 94 69 0
 47 86 67 0
 81 124 105 0
 65 104 84 0
 68 104 79 0
 132 134 118 0
 82 114 87 0
 68 97 72 0
 75 112 92 0
 66 103 86 0
 59 92 74 0
 68 98 83 0
 61 88 77 0
 68 100 84 0
 67 92 81 0
 78 105 96 0
 79 105 99 0
 94 122 116 0
 89 119 112 0
 89 122 117 0
 81 113 109 0
 83 123 117 0
 67 103 95 0
 69 105 98 0
 85 120 115 0
 133 136 137 0
 176 166 169 0
 100 125 122 0
 101 129 125 0
 101 131 129 0
 103 129 126 0
 103 129 127 0
 107 133 131 0
 114 137 134 0
 117 139 136 0
50 150 100 0
50 150 100 0
50 150 100 0
50 150 100 0
50 150 100 0
50 150 100 0
50 150 100 0
50 150 100 0
50 150 100 0
50 150 100 0
50 150 100 0
 95 121 94 0
 91 123 95 0
 59 89 62 0
 69 97 69 0
 82 120 93 0
 80 115 89 0
 84 126 97 0
 86 118 92 0
 70 95 71 0
 73 103 78 0
 76 110 86 0
 67 108 81 0
 61 101 76 0
 67 109 84 0
 65 114 86 0
 62 109 85 0
 55 94 77 0
 73 113 88 0
 97 106 87 0
 151 150 132 0
 74 105 79 0
 64 93 68 0
 83 121 102 0
 63 98 81 0
 76 115 97 0
 59 93 76 0
 58 82 71 0
 71 104 88 0
 59 83 72 0
 70 98 89 0
 80 107 102 0
 88 117 111 0
 71 96 93 0
 86 117 114 0
 82 116 112 0
 78 117 110 0
 73 111 103 0
 67 101 95 0
 82 119 114 0
 120 130 130 0
 129 137 138 0
 97 123 119 0
 101 128 125 0
 98 127 124 0
 102 128 126 0
 105 132 131 0
 113 138 134 0
 120 143 139 0
 122 144 140 0
50 150 100 0
50 150 100 0
50 150 100 0
50 150 100 0
50 150 100 0
50 150 100 0
50 150 100 0
50 150 100 0
50 150 100 0
50 150 100 0
50 150 100 0
50 150 100 0
 79 105 78 0
 88 121 93 0
 86 115 88 0
 86 122 97 0
 84 122 97 0
 86 126 98 0
 64 95 71 0
 84 114 89 0
 81 111 86 0
 82 117 91 0
 68 113 84 0
 55 96 70 0
 54 93 69 0
 63 113 85 0
 60 109 83 0
 53 88 71 0
 72 112 89 0
 112 114 95 0
 103 121 99 0
 74 105 78 0
 52 79 55 0
 60 96 74 0
 65 101 83 0
 69 103 86 0
 69 105 88 0
 68 97 83 0
 59 85 72 0
 72 104 94 0
 64 90 84 0
 88 117 113 0
 67 94 91 0
 85 114 111 0
 79 110 107 0
 77 110 106 0
 67 101 96 0
 80 120 114 0
 71 106 100 0
 79 107 105 0
 185 176 178 0
 123 137 134 0
 104 126 123 0
 100 127 124 0
 101 129 125 0
 104 131 130 0
 109 136 133 0
 112 136 132 0
 126 147 144 0
 0 0 0 0
50 150 100 0
50 150 100 0
50 150 100 0
50 150 100 0
50 150 100 0
50 150 100 0
50 150 100 0
50 150 100 0
50 150 100 0
50 150 100 0
50 150 100 0
50 150 100 0
 72 99 73 0
 87 122 95 0
 88 117 91 0
 77 105 82 0
 87 128 104 0
 83 124 98 0
 72 104 78 0
 67 94 71 0
 86 116 91 0
 78 112 86 0
 64 105 79 0
 60 107 78 0
 67 108 84 0
 58 98 74 0
 56 109 82 0
 69 113 88 0
 77 117 92 0
 159 152 134 0
 93 122 98 0
 66 100 72 0
 67 99 73 0
 74 112 93 0
 63 98 79 0
 71 103 83 0
 60 93 78 0
 71 108 89 0
 56 80 69 0
 58 84 77 0
 76 102 98 0
 83 111 107 0
 81 110 108 0
 82 114 109 0
 72 100 96 0
 86 122 117 0
 70 101 99 0
 83 120 114 0
 75 109 104 0
 105 116 117 0
 187 180 182 0
 121 135 131 0
 105 129 126 0
 101 127 124 0
 100 126 122 0
 111 138 135 0
 108 135 132 0
 110 133 129 0
 126 146 144 0
50 150 100 0
50 150 100 0
50 150 100 0
50 150 100 0
50 150 100 0
50 150 100 0
50 150 100 0
50 150 100 0
50 150 100 0
50 150 100 0
50 150 100 0
50 150 100 0
50 150 100 0
50 150 100 0
 82 113 88 0
 83 114 90 0
 85 114 89 0
 80 114 90 0
 79 122 97 0
 71 109 83 0
 77 105 81 0
 82 113 89 0
 69 103 77 0
 50 90 66 0
 67 122 92 0
 63 106 78 0
 53 91 68 0
 53 105 80 0
 68 110 86 0
 53 86 68 0
 75 115 91 0
 111 122 103 0
 57 90 63 0
 63 94 69 0
 69 104 86 0
 54 86 66 0
 59 82 69 0
 69 107 90 0
 65 102 82 0
 56 86 72 0
 73 107 97 0
 75 104 97 0
 73 100 96 0
 62 89 86 0
 77 112 106 0
 75 104 100 0
 80 111 108 0
 86 122 122 0
 71 103 98 0
 89 119 116 0
 125 134 134 0
 198 189 188 0
 106 124 120 0
 100 125 122 0
 106 131 126 0
 101 128 124 0
 103 130 127 0
 105 132 128 0
 126 145 143 0
50 150 100 0
50 150 100 0
50 150 100 0
50 150 100 0
50 150 100 0
50 150 100 0
50 150 100 0
50 150 100 0
50 150 100 0
50 150 100 0
50 150 100 0
50 150 100 0
50 150 100 0
50 150 100 0
50 150 100 0
 82 112 88 0
 76 108 84 0
 82 112 89 0
 63 92 72 0
 74 117 92 0
 52 92 66 0
 80 119 93 0
 73 106 81 0
 60 94 69 0
 47 84 62 0
 63 118 91 0
 53 98 71 0
 50 87 68 0
 49 95 73 0
 62 101 79 0
 74 113 88 0
 189 165 150 0
 92 123 98 0
 67 104 75 0
 67 100 74 0
 84 118 99 0
 51 79 60 0
 71 102 80 0
 60 87 74 0
 56 90 73 0
 52 78 66 0
 70 103 90 0
 72 103 93 0
 71 98 93 0
 81 114 110 0
 71 109 102 0
 76 108 103 0
 81 110 108 0
 82 112 113 0
 78 108 104 0
 85 114 111 0
 128 134 132 0
 125 131 129 0
 92 113 110 0
 98 124 120 0
 100 125 122 0
 100 127 124 0
 107 137 134 0
 106 131 127 0
 114 134 131 0
50 150 100 0
50 150 100 0
50 150 100 0
50 150 100 0
50 150 100 0
50 150 100 0
50 150 100 0
50 150 100 0
50 150 100 0
50 150 100 0
50 150 100 0
50 150 100 0
50 150 100 0
50 150 100 0
50 150 100 0
50 150 100 0
 82 114 89 0
 81 112 90 0
 81 111 86 0
 80 117 92 0
 77 119 93 0
 80 124 97 0
 75 112 86 0
 43 74 50 0
 55 91 65 0
 55 96 73 0
 70 116 92 0
 52 93 73 0
 63 103 84 0
 44 85 68 0
 68 106 82 0
 119 125 105 0
 81 115 89 0
 68 106 78 0
 63 96 71 0
 56 88 68 0
 62 93 70 0
 62 80 64 0
 58 83 71 0
 68 102 86 0
 70 98 86 0
 60 91 78 0
 69 101 90 0
 67 93 86 0
 74 106 101 0
 65 99 92 0
 72 104 98 0
 73 101 99 0
 86 117 114 0
 72 97 95 0
 108 123 122 0
 167 164 159 0
 98 110 106 0
 94 118 114 0
 94 117 113 0
 94 120 118 0
 102 130 129 0
 103 130 127 0
 112 134 130 0
50 150 100 0
50 150 100 0
50 150 100 0
50 150 100 0
50 150 100 0
50 150 100 0
50 150 100 0
50 150 100 0
50 150 100 0
50 150 100 0
50 150 100 0
50 150 100 0
50 150 100 0
50 150 100 0
50 150 100 0
50 150 100 0
50 150 100 0
 82 115 91 0
 86 118 93 0
 86 119 93 0
 66 100 75 0
 78 116 93 0
 81 125 102 0
 77 118 90 0
 71 114 86 0
 62 98 72 0
 67 113 85 0
 48 97 71 0
 59 101 79 0
 48 85 67 0
 59 103 82 0
 71 110 84 0
 197 168 154 0
 63 89 69 0
 63 97 74 0
 57 86 65 0
 77 113 92 0
 55 83 63 0
 57 81 62 0
 71 97 80 0
 70 96 82 0
 71 102 84 0
 56 80 67 0
 69 99 87 0
 53 75 70 0
 67 101 95 0
 62 96 86 0
 71 104 96 0
 84 116 109 0
 78 110 105 0
 82 105 103 0
 112 132 130 0
 142 148 142 0
 107 119 115 0
 92 116 112 0
 93 117 114 0
 95 121 122 0
 102 132 132 0
 102 127 123 0
 103 124 121 0
50 150 100 0
50 150 100 0
50 150 100 0
50 150 100 0
50 150 100 0
50 150 100 0
50 150 100 0
50 150 100 0
50 150 100 0
50 150 100 0
50 150 100 0
50 150 100 0
50 150 100 0
50 150 100 0
50 150 100 0
50 150 100 0
50 150 100 0
 17 25 18 0
 87 119 96 0
 83 119 93 0
 82 115 89 0
 87 126 101 0
 66 95 79 0
 80 125 100 0
 55 96 69 0
 64 105 77 0
 64 110 78 0
 63 111 84 0
 49 93 70 0
 51 86 67 0
 57 101 77 0
 72 102 78 0
 128 129 110 0
 83 106 82 0
 58 90 70 0
 72 110 83 0
 77 106 85 0
 65 96 75 0
 63 87 69 0
 73 101 81 0
 67 94 79 0
 71 104 86 0
 68 96 81 0
 73 105 91 0
 61 85 79 0
 68 102 95 0
 65 101 91 0
 79 115 102 0
 65 96 89 0
 73 98 96 0
 89 114 112 0
 112 130 125 0
 186 175 172 0
 113 127 123 0
 95 118 113 0
 96 121 118 0
 100 126 128 0
 95 123 123 0
 100 122 120 0
50 150 100 0
50 150 100 0
50 150 100 0
50 150 100 0
50 150 100 0
50 150 100 0
50 150 100 0
50 150 100 0
50 150 100 0
50 150 100 0
50 150 100 0
50 150 100 0
50 150 100 0
50 150 100 0
50 150 100 0
50 150 100 0
50 150 100 0
50 150 100 0
50 150 100 0
 89 124 100 0
 84 122 96 0
 76 108 81 0
 78 117 91 0
 55 75 59 0
 78 120 96 0
 67 108 83 0
 62 104 77 0
 48 89 61 0
 55 104 77 0
 53 98 75 0
 56 93 71 0
 53 96 73 0
 74 106 82 0
 184 168 152 0
 85 106 81 0
 56 86 67 0
 72 111 84 0
 63 88 70 0
 72 104 81 0
 60 82 64 0
 74 102 80 0
 68 99 82 0
 67 103 85 0
 63 93 74 0
 68 100 84 0
 61 86 81 0
 71 107 98 0
 54 88 80 0
 68 104 91 0
 62 89 85 0
 73 98 97 0
 81 105 105 0
 85 109 106 0
 145 146 140 0
 106 124 119 0
 95 118 114 0
 91 118 116 0
 98 125 126 0
 97 123 120 0
 98 119 117 0
50 150 100 0
50 150 100 0
50 150 100 0
50 150 100 0
50 150 100 0
50 150 100 0
50 150 100 0
50 150 100 0
50 150 100 0
50 150 100 0
50 150 100 0
50 150 100 0
50 150 100 0
50 150 100 0
50 150 100 0
50 150 100 0
50 150 100 0
50 150 100 0
50 150 100 0
 83 114 93 0
 60 92 71 0
 81 116 90 0
 75 104 79 0
 66 91 71 0
 97 126 108 0
 70 106 82 0
 40 81 57 0
 58 98 71 0
 50 94 68 0
 46 91 68 0
 50 90 66 0
 52 92 70 0
 57 99 76 0
 117 120 100 0
 77 102 78 0
 52 79 60 0
 66 102 78 0
 80 108 88 0
 56 83 61 0
 58 81 62 0
 66 95 73 0
 76 107 92 0
 96 128 128 0
 72 106 89 0
 76 109 94 0
 72 99 91 0
 66 99 87 0
 59 91 84 0
 83 119 107 0
 62 88 83 0
 80 105 102 0
 100 127 124 0
 106 125 118 0
 161 160 153 0
 99 119 113 0
 95 121 117 0
 91 118 117 0
 90 117 115 0
 96 119 116 0
50 150 100 0
50 150 100 0
50 150 100 0
50 150 100 0
50 150 100 0
50 150 100 0
50 150 100 0
50 150 100 0
50 150 100 0
50 150 100 0
50 150 100 0
50 150 100 0
50 150 100 0
50 150 100 0
50 150 100 0
50 150 100 0
50 150 100 0
50 150 100 0
50 150 100 0
50 150 100 0
50 150 100 0
 82 114 92 0
 84 125 100 0
 77 105 81 0
 83 115 91 0
 114 143 122 0
 86 124 101 0
 61 105 80 0
 58 99 70 0
 46 85 59 0
 48 89 68 0
 53 94 70 0
 46 85 64 0
 64 97 77 0
 178 161 145 0
 81 95 76 0
 69 99 79 0
 48 81 59 0
 71 99 81 0
 52 75 57 0
 72 98 79 0
 59 87 66 0
 60 92 83 0
 52 78 62 0
 72 107 89 0
 74 108 92 0
 66 92 82 0
 65 98 86 0
 61 93 84 0
 71 107 96 0
 63 89 85 0
 83 113 110 0
 84 114 112 0
 109 128 123 0
 102 122 115 0
 78 99 96 0
 85 112 108 0
 87 113 111 0
 93 119 115 0
 92 115 111 0
50 150 100 0
50 150 100 0
50 150 100 0
50 150 100 0
50 150 100 0
50 150 100 0
50 150 100 0
50 150 100 0
50 150 100 0
50 150 100 0
50 150 100 0
50 150 100 0
50 150 100 0
50 150 100 0
50 150 100 0
50 150 100 0
50 150 100 0
50 150 100 0
50 150 100 0
50 150 100 0
50 150 100 0
 85 114 93 0
 81 120 95 0
 70 98 75 0
 76 107 84 0
 99 129 108 0
 72 113 88 0
 55 97 71 0
 41 70 47 0
 51 89 66 0
 38 73 56 0
 51 93 70 0
 60 103 78 0
 55 90 70 0
 166 159 145 0
 84 103 81 0
 65 89 71 0
 49 68 58 0
 61 84 72 0
 34 58 43 0
 63 92 73 0
 50 72 55 0
 68 98 83 0
 59 91 76 0
 77 111 94 0
 67 99 82 0
 78 108 95 0
 55 84 73 0
 57 85 76 0
 63 90 84 0
 74 103 100 0
 76 107 105 0
 83 113 110 0
 135 141 132 0
 102 116 110 0
 94 118 114 0
 89 115 113 0
 91 116 113 0
 94 115 113 0
50 150 100 0
50 150 100 0
50 150 100 0
50 150 100 0
50 150 100 0
50 150 100 0
50 150 100 0
50 150 100 0
50 150 100 0
50 150 100 0
50 150 100 0
50 150 100 0
50 150 100 0
50 150 100 0
50 150 100 0
50 150 100 0
50 150 100 0
50 150 100 0
50 150 100 0
50 150 100 0
50 150 100 0
50 150 100 0
50 150 100 0
 75 108 84 0
 66 90 69 0
 86 125 101 0
 76 107 88 0
 97 137 114 0
 57 102 74 0
 48 83 59 0
 58 93 73 0
 51 88 67 0
 54 92 73 0
 57 104 78 0
 56 94 71 0
 123 123 105 0
 77 99 79 0
 61 83 67 0
 65 89 74 0
 64 79 70 0
 67 96 77 0
 54 76 59 0
 82 101 90 0
 68 101 87 0
 62 92 78 0
 63 96 78 0
 73 103 88 0
 71 99 87 0
 57 81 73 0
 66 96 88 0
 78 104 99 0
 69 99 96 0
 78 106 106 0
 109 127 120 0
 152 147 142 0
 111 133 129 0
 89 114 110 0
 121 144 140 0
 88 110 108 0
 90 110 107 0
50 150 100 0
50 150 100 0
50 150 100 0
50 150 100 0
50 150 100 0
50 150 100 0
50 150 100 0
50 150 100 0
50 150 100 0
50 150 100 0
50 150 100 0
50 150 100 0
50 150 100 0
50 150 100 0
50 150 100 0
50 150 100 0
50 150 100 0
50 150 100 0
50 150 100 0
50 150 100 0
50 150 100 0
50 150 100 0
50 150 100 0
 75 105 81 0
 56 84 63 0
 75 101 80 0
 75 108 86 0
 86 130 104 0
 71 114 88 0
 39 73 50 0
 49 77 58 0
 59 101 79 0
 44 79 61 0
 57 105 78 0
 92 116 94 0
 175 163 150 0
 79 98 78 0
 65 92 71 0
 90 123 109 0
 76 97 81 0
 70 95 78 0
 51 70 55 0
 66 87 74 0
 56 88 74 0
 86 121 105 0
 61 91 73 0
 67 100 85 0
 66 91 80 0
 66 89 80 0
 70 100 90 0
 72 98 92 0
 68 97 95 0
 79 107 107 0
 95 118 111 0
 185 176 175 0
 103 123 119 0
 97 118 113 0
 83 104 101 0
 92 111 108 0
50 150 100 0
50 150 100 0
50 150 100 0
50 150 100 0
50 150 100 0
50 150 100 0
50 150 100 0
50 150 100 0
50 150 100 0
50 150 100 0
50 150 100 0
50 150 100 0
50 150 100 0
50 150 100 0
50 150 100 0
50 150 100 0
50 150 100 0
50 150 100 0
50 150 100 0
50 150 100 0
50 150 100 0
50 150 100 0
50 150 100 0
50 150 100 0
50 150 100 0
 77 108 85 0
 75 105 82 0
 82 128 103 0
 80 119 94 0
 55 98 72 0
 64 107 83 0
 46 74 56 0
 57 94 74 0
 45 76 58 0
 61 110 84 0
 42 86 61 0
 148 138 125 0
 55 75 60 0
 64 88 74 0
 46 72 57 0
 74 95 80 0
 68 102 80 0
 77 98 83 0
 54 77 65 0
 71 107 91 0
 64 93 78 0
 70 98 81 0
 52 81 67 0
 61 85 76 0
 74 101 87 0
 66 94 86 0
 70 97 89 0
 73 99 101 0
 73 99 96 0
 109 122 114 0
 122 127 122 0
 111 131 123 0
 90 109 105 0
 103 121 118 0
 79 95 91 0
50 150 100 0
50 150 100 0
50 150 100 0
50 150 100 0
50 150 100 0
50 150 100 0
50 150 100 0
50 150 100 0
50 150 100 0
50 150 100 0
50 150 100 0
50 150 100 0
50 150 100 0
50 150 100 0
50 150 100 0
50 150 100 0
50 150 100 0
50 150 100 0
50 150 100 0
50 150 100 0
50 150 100 0
50 150 100 0
50 150 100 0
50 150 100 0
50 150 100 0
 89 124 100 0
 72 104 78 0
 69 108 86 0
 67 104 81 0
 49 86 63 0
 105 146 123 0
 48 77 59 0
 52 88 69 0
 39 65 49 0
 50 88 67 0
 127 130 116 0
 85 99 80 0
 63 84 68 0
 82 112 99 0
 52 80 66 0
 55 79 65 0
 58 86 71 0
 63 89 70 0
 69 93 77 0
 61 90 74 0
 50 73 60 0
 56 81 67 0
 63 89 77 0
 67 94 82 0
 71 99 85 0
 64 92 83 0
 65 87 83 0
 77 102 104 0
 84 107 101 0
 152 146 144 0
 110 126 119 0
 100 120 112 0
 85 100 96 0
 89 108 102 0
50 150 100 0
50 150 100 0
50 150 100 0
50 150 100 0
50 150 100 0
50 150 100 0
50 150 100 0
50 150 100 0
50 150 100 0
50 150 100 0
50 150 100 0
50 150 100 0
50 150 100 0
50 150 100 0
50 150 100 0
50 150 100 0
50 150 100 0
50 150 100 0
50 150 100 0
50 150 100 0
50 150 100 0
50 150 100 0
50 150 100 0
50 150 100 0
50 150 100 0
50 150 100 0
50 150 100 0
 52 73 51 0
 76 108 85 0
 52 85 65 0
 61 105 80 0
 43 83 59 0
 52 84 64 0
 52 91 70 0
 35 61 46 0
 51 78 61 0
 75 107 88 0
 84 103 83 0
 61 83 62 0
 65 95 79 0
 48 73 60 0
 81 105 93 0
 49 73 63 0
 64 92 75 0
 50 72 58 0
 49 75 61 0
 84 106 94 0
 60 84 70 0
 49 71 62 0
 61 89 77 0
 75 106 92 0
 65 92 83 0
 72 91 94 0
 81 110 112 0
 67 90 86 0
 126 127 125 0
 108 125 118 0
 99 120 111 0
 92 108 102 0
 94 113 105 0
50 150 100 0
50 150 100 0
50 150 100 0
50 150 100 0
50 150 100 0
50 150 100 0
50 150 100 0
50 150 100 0
50 150 100 0
50 150 100 0
50 150 100 0
50 150 100 0
50 150 100 0
50 150 100 0
50 150 100 0
50 150 100 0
50 150 100 0
50 150 100 0
50 150 100 0
50 150 100 0
50 150 100 0
50 150 100 0
50 150 100 0
50 150 100 0
50 150 100 0
50 150 100 0
50 150 100 0
 79 109 87 0
 62 84 64 0
 70 102 80 0
 59 103 81 0
 47 89 66 0
 41 71 52 0
 59 101 78 0
 44 76 57 0
 61 92 73 0
 122 124 110 0
 75 100 78 0
 47 66 47 0
 61 90 73 0
 39 63 49 0
 56 84 68 0
 45 67 57 0
 53 80 69 0
 55 78 66 0
 54 76 63 0
 71 94 82 0
 58 79 67 0
 54 78 70 0
 52 77 68 0
 59 81 72 0
 63 87 79 0
 64 82 88 0
 64 83 78 0
 95 105 102 0
 162 150 150 0
 116 125 118 0
 90 109 99 0
 94 110 102 0
 12 17 13 0
50 150 100 0
50 150 100 0
50 150 100 0
50 150 100 0
50 150 100 0
50 150 100 0
50 150 100 0
50 150 100 0
50 150 100 0
50 150 100 0
50 150 100 0
50 150 100 0
50 150 100 0
50 150 100 0
50 150 100 0
50 150 100 0
50 150 100 0
50 150 100 0
50 150 100 0
50 150 100 0
50 150 100 0
50 150 100 0
50 150 100 0
50 150 100 0
50 150 100 0
50 150 100 0
50 150 100 0
50 150 100 0
 82 111 87 0
 67 95 74 0
 60 102 79 0
 44 73 54 0
 52 81 62 0
 58 94 73 0
 54 97 72 0
 47 73 58 0
 114 119 102 0
 59 80 63 0
 71 95 76 0
 58 85 69 0
 61 94 76 0
 71 98 88 0
 59 89 78 0
 43 64 53 0
 59 77 70 0
 37 58 47 0
 61 83 72 0
 55 72 61 0
 58 76 69 0
 63 84 78 0
 69 96 85 0
 68 89 89 0
 67 87 91 0
 73 96 93 0
 78 94 91 0
 137 134 131 0
 82 98 87 0
 80 96 87 0
 80 95 86 0
50 150 100 0
50 150 100 0
50 150 100 0
50 150 100 0
50 150 100 0
50 150 100 0
50 150 100 0
50 150 100 0
50 150 100 0
50 150 100 0
50 150 100 0
50 150 100 0
50 150 100 0
50 150 100 0
50 150 100 0
50 150 100 0
50 150 100 0
50 150 100 0
50 150 100 0
50 150 100 0
50 150 100 0
50 150 100 0
50 150 100 0
50 150 100 0
50 150 100 0
50 150 100 0
50 150 100 0
50 150 100 0
50 150 100 0
 65 87 69 0
 80 108 84 0
 50 82 62 0
 61 105 81 0
 52 78 59 0
 58 90 69 0
 41 70 54 0
 67 98 79 0
 135 129 113 0
 67 82 68 0
 72 96 80 0
 52 76 62 0
 60 88 71 0
 46 70 57 0
 70 104 96 0
 51 74 64 0
 54 75 65 0
 44 59 49 0
 60 84 69 0
 71 92 80 0
 61 78 73 0
 66 87 79 0
 66 84 80 0
 61 77 79 0
 71 92 91 0
 75 92 89 0
 91 100 99 0
 146 142 141 0
 97 110 100 0
 79 92 83 0
50 150 100 0
50 150 100 0
50 150 100 0
50 150 100 0
50 150 100 0
50 150 100 0
50 150 100 0
50 150 100 0
50 150 100 0
50 150 100 0
50 150 100 0
50 150 100 0
50 150 100 0
50 150 100 0
50 150 100 0
50 150 100 0
50 150 100 0
50 150 100 0
50 150 100 0
50 150 100 0
50 150 100 0
50 150 100 0
50 150 100 0
50 150 100 0
50 150 100 0
50 150 100 0
50 150 100 0
50 150 100 0
50 150 100 0
50 150 100 0
50 150 100 0
 77 112 88 0
 66 101 77 0
 54 94 71 0
 58 92 70 0
 39 67 48 0
 60 96 75 0
 51 75 61 0
 126 119 103 0
 80 98 78 0
 62 87 72 0
 53 74 61 0
 72 96 81 0
 63 87 76 0
 40 63 53 0
 54 80 69 0
 57 79 68 0
 46 67 54 0
 65 96 79 0
 54 76 62 0
 60 76 68 0
 62 83 75 0
 67 85 82 0
 70 87 85 0
 66 86 83 0
 70 87 84 0
 109 116 114 0
 89 98 96 0
 92 110 102 0
 84 97 87 0
50 150 100 0
50 150 100 0
50 150 100 0
50 150 100 0
50 150 100 0
50 150 100 0
50 150 100 0
50 150 100 0
50 150 100 0
50 150 100 0
50 150 100 0
50 150 100 0
50 150 100 0
50 150 100 0
50 150 100 0
50 150 100 0
50 150 100 0
50 150 100 0
50 150 100 0
50 150 100 0
50 150 100 0
50 150 100 0
50 150 100 0
50 150 100 0
50 150 100 0
50 150 100 0
50 150 100 0
50 150 100 0
50 150 100 0
50 150 100 0
50 150 100 0
 53 67 53 0
 66 98 75 0
 43 68 51 0
 55 96 74 0
 48 77 61 0
 47 78 62 0
 57 92 71 0
 65 90 72 0
 61 81 66 0
 48 72 55 0
 68 94 77 0
 54 78 64 0
 45 66 55 0
 57 87 72 0
 41 62 49 0
 48 69 56 0
 83 109 104 0
 54 78 63 0
 59 84 70 0
 56 74 66 0
 51 71 62 0
 99 120 120 0
 57 72 70 0
 70 93 89 0
 84 98 100 0
 131 127 128 0
 90 100 99 0
 68 78 70 0
50 150 100 0
50 150 100 0
50 150 100 0
50 150 100 0
50 150 100 0
50 150 100 0
50 150 100 0
50 150 100 0
50 150 100 0
50 150 100 0
50 150 100 0
50 150 100 0
50 150 100 0
50 150 100 0
50 150 100 0
50 150 100 0
50 150 100 0
50 150 100 0
50 150 100 0
50 150 100 0
50 150 100 0
50 150 100 0
50 150 100 0
50 150 100 0
50 150 100 0
50 150 100 0
50 150 100 0
50 150 100 0
50 150 100 0
50 150 100 0
50 150 100 0
50 150 100 0
50 150 100 0
 57 83 64 0
 60 95 72 0
 46 81 61 0
 57 89 73 0
 48 79 64 0
 66 100 78 0
 161 143 126 0
 88 97 77 0
 60 82 65 0
 52 76 62 0
 65 95 81 0
 48 73 60 0
 49 75 63 0
 46 75 58 0
 43 59 47 0
 46 66 58 0
 56 84 69 0
 50 70 60 0
 60 86 74 0
 64 82 82 0
 54 69 66 0
 62 82 78 0
 69 87 89 0
 89 98 104 0
 135 131 133 0
 75 81 79 0
 72 80 72 0
50 150 100 0
50 150 100 0
50 150 100 0
50 150 100 0
50 150 100 0
50 150 100 0
50 150 100 0
50 150 100 0
50 150 100 0
50 150 100 0
50 150 100 0
50 150 100 0
50 150 100 0
50 150 100 0
50 150 100 0
50 150 100 0
50 150 100 0
50 150 100 0
50 150 100 0
50 150 100 0
50 150 100 0
50 150 100 0
50 150 100 0
50 150 100 0
50 150 100 0
50 150 100 0
50 150 100 0
50 150 100 0
50 150 100 0
50 150 100 0
50 150 100 0
50 150 100 0
50 150 100 0
 68 98 77 0
 55 81 62 0
 52 84 65 0
 53 88 69 0
 59 91 74 0
 76 103 82 0
 106 100 80 0
 81 100 80 0
 46 65 50 0
 61 87 71 0
 51 77 64 0
 38 60 51 0
 51 73 61 0
 41 63 48 0
 55 75 62 0
 47 70 60 0
 45 64 52 0
 57 76 66 0
 44 64 53 0
 51 71 67 0
 55 68 65 0
 61 78 76 0
 74 90 94 0
 83 95 100 0
 149 135 137 0
 89 91 88 0
 30 32 29 0
50 150 100 0
50 150 100 0
50 150 100 0
50 150 100 0
50 150 100 0
50 150 100 0
50 150 100 0
50 150 100 0
50 150 100 0
50 150 100 0
50 150 100 0
50 150 100 0
50 150 100 0
50 150 100 0
50 150 100 0
50 150 100 0
50 150 100 0
50 150 100 0
50 150 100 0
50 150 100 0
50 150 100 0
50 150 100 0
50 150 100 0
50 150 100 0
50 150 100 0
50 150 100 0
50 150 100 0
50 150 100 0
50 150 100 0
50 150 100 0
50 150 100 0
50 150 100 0
50 150 100 0
 77 110 87 0
 58 86 65 0
 48 76 58 0
 45 69 55 0
 57 90 74 0
 47 77 60 0
 147 144 127 0
 105 98 84 0
 64 87 70 0
 44 67 52 0
 43 63 53 0
 58 81 76 0
 40 59 50 0
 32 48 38 0
 43 63 53 0
 53 75 64 0
 46 66 55 0
 56 80 66 0
 43 58 52 0
 55 73 71 0
 58 71 68 0
 65 80 78 0
 75 92 95 0
 83 90 93 0
 166 141 140 0
 74 81 72 0
50 150 100 0
50 150 100 0
50 150 100 0
50 150 100 0
50 150 100 0
50 150 100 0
50 150 100 0
50 150 100 0
50 150 100 0
50 150 100 0
50 150 100 0
50 150 100 0
50 150 100 0
50 150 100 0
50 150 100 0
50 150 100 0
50 150 100 0
50 150 100 0
50 150 100 0
50 150 100 0
50 150 100 0
50 150 100 0
50 150 100 0
50 150 100 0
50 150 100 0
50 150 100 0
50 150 100 0
50 150 100 0
50 150 100 0
50 150 100 0
50 150 100 0
50 150 100 0
50 150 100 0
50 150 100 0
50 150 100 0
 59 91 68 0
 59 97 75 0
 48 66 54 0
 56 87 71 0
 57 81 65 0
 178 151 141 0
 57 80 62 0
 61 92 74 0
 53 79 65 0
 38 57 48 0
 41 56 51 0
 48 68 58 0
 50 70 59 0
 45 61 53 0
 50 66 57 0
 58 83 71 0
 46 68 55 0
 54 71 65 0
 55 75 72 0
 58 74 70 0
 58 71 72 0
 73 91 91 0
 122 106 102 0
 95 88 85 0
 0 0 0 0
50 150 100 0
50 150 100 0
50 150 100 0
50 150 100 0
50 150 100 0
50 150 100 0
50 150 100 0
50 150 100 0
50 150 100 0
50 150 100 0
50 150 100 0
50 150 100 0
50 150 100 0
50 150 100 0
50 150 100 0
50 150 100 0
50 150 100 0
50 150 100 0
50 150 100 0
50 150 100 0
50 150 100 0
50 150 100 0
50 150 100 0
50 150 100 0
50 150 100 0
50 150 100 0
50 150 100 0
50 150 100 0
50 150 100 0
50 150 100 0
50 150 100 0
50 150 100 0
50 150 100 0
50 150 100 0
50 150 100 0
 43 68 52 0
 59 87 67 0
 53 86 68 0
 39 65 51 0
 90 112 93 0
 146 129 117 0
 63 92 74 0
 34 57 44 0
 39 59 48 0
 47 69 61 0
 51 67 60 0
 41 56 50 0
 45 62 53 0
 44 57 51 0
 40 54 47 0
 48 69 59 0
 45 60 57 0
 59 76 74 0
 54 77 73 0
 55 69 68 0
 64 76 80 0
 75 80 78 0
 112 103 95 0
 77 84 73 0
50 150 100 0
50 150 100 0
50 150 100 0
50 150 100 0
50 150 100 0
50 150 100 0
50 150 100 0
50 150 100 0
50 150 100 0
50 150 100 0
50 150 100 0
50 150 100 0
50 150 100 0
50 150 100 0
50 150 100 0
50 150 100 0
50 150 100 0
50 150 100 0
50 150 100 0
50 150 100 0
50 150 100 0
50 150 100 0
50 150 100 0
50 150 100 0
50 150 100 0
50 150 100 0
50 150 100 0
50 150 100 0
50 150 100 0
50 150 100 0
50 150 100 0
50 150 100 0
50 150 100 0
50 150 100 0
50 150 100 0
50 150 100 0
50 150 100 0
 49 78 58 0
 47 79 58 0
 53 82 64 0
 53 79 64 0
 89 102 90 0
 69 78 67 0
 48 80 63 0
 53 78 67 0
 38 57 51 0
 58 80 70 0
 40 56 50 0
 44 64 51 0
 37 50 44 0
 49 63 56 0
 37 54 47 0
 46 60 57 0
 58 80 76 0
 45 66 63 0
 59 71 71 0
 70 85 87 0
 66 71 69 0
 87 80 76 0
 78 84 76 0
50 150 100 0
50 150 100 0
50 150 100 0
50 150 100 0
50 150 100 0
50 150 100 0
50 150 100 0
50 150 100 0
50 150 100 0
50 150 100 0
50 150 100 0
50 150 100 0
50 150 100 0
50 150 100 0
50 150 100 0
50 150 100 0
50 150 100 0
50 150 100 0
50 150 100 0
50 150 100 0
50 150 100 0
50 150 100 0
50 150 100 0
50 150 100 0
50 150 100 0
50 150 100 0
50 150 100 0
50 150 100 0
50 150 100 0
50 150 100 0
50 150 100 0
50 150 100 0
50 150 100 0
50 150 100 0
50 150 100 0
50 150 100 0
50 150 100 0
 26 46 35 0
 50 78 61 0
 50 77 62 0
 44 66 53 0
 66 85 75 0
 69 85 75 0
 42 59 51 0
 37 57 47 0
 52 71 63 0
 49 74 64 0
 47 64 56 0
 34 53 42 0
 43 58 50 0
 55 70 63 0
 44 57 50 0
 52 62 60 0
 50 66 64 0
 54 76 74 0
 60 75 73 0
 60 69 70 0
 69 69 67 0
 110 100 95 0
50 150 100 0
50 150 100 0
50 150 100 0
50 150 100 0
50 150 100 0
50 150 100 0
50 150 100 0
50 150 100 0
50 150 100 0
50 150 100 0
50 150 100 0
50 150 100 0
50 150 100 0
50 150 100 0
50 150 100 0
50 150 100 0
50 150 100 0
50 150 100 0
50 150 100 0
50 150 100 0
50 150 100 0
50 150 100 0
50 150 100 0
50 150 100 0
50 150 100 0
50 150 100 0
50 150 100 0
50 150 100 0
50 150 100 0
50 150 100 0
50 150 100 0
50 150 100 0
50 150 100 0
50 150 100 0
50 150 100 0
50 150 100 0
50 150 100 0
50 150 100 0
50 150 100 0
 40 62 47 0
 50 71 61 0
 84 116 99 0
 147 133 126 0
 60 70 64 0
 65 94 87 0
 45 65 56 0
 55 75 62 0
 39 59 52 0
 33 44 38 0
 39 54 48 0
 39 51 46 0
 49 63 55 0
 47 57 52 0
 53 66 62 0
 55 72 74 0
 57 79 79 0
 56 64 62 0
 66 70 70 0
 70 71 68 0
 157 139 135 0
50 150 100 0
50 150 100 0
50 150 100 0
50 150 100 0
50 150 100 0
50 150 100 0
50 150 100 0
50 150 100 0
50 150 100 0
50 150 100 0
50 150 100 0
50 150 100 0
50 150 100 0
50 150 100 0
50 150 100 0
50 150 100 0
50 150 100 0
50 150 100 0
50 150 100 0
50 150 100 0
50 150 100 0
50 150 100 0
50 150 100 0
50 150 100 0
50 150 100 0
50 150 100 0
50 150 100 0
50 150 100 0
50 150 100 0
50 150 100 0
50 150 100 0
50 150 100 0
50 150 100 0
50 150 100 0
50 150 100 0
50 150 100 0
50 150 100 0
50 150 100 0
50 150 100 0
 35 50 41 0
 44 58 52 0
 62 83 70 0
 122 114 104 0
 85 91 78 0
 80 106 102 0
 49 65 57 0
 52 70 64 0
 40 54 49 0
 40 56 48 0
 54 68 64 0
 38 51 44 0
 42 54 47 0
 57 76 66 0
 55 65 64 0
 62 77 76 0
 48 67 66 0
 55 63 60 0
 59 63 59 0
 79 81 77 0
50 150 100 0
50 150 100 0
50 150 100 0
50 150 100 0
50 150 100 0
50 150 100 0
50 150 100 0
50 150 100 0
50 150 100 0
50 150 100 0
50 150 100 0
50 150 100 0
50 150 100 0
50 150 100 0
50 150 100 0
50 150 100 0
50 150 100 0
50 150 100 0
50 150 100 0
50 150 100 0
50 150 100 0
50 150 100 0
50 150 100 0
50 150 100 0
50 150 100 0
50 150 100 0
50 150 100 0
50 150 100 0
50 150 100 0
50 150 100 0
50 150 100 0
50 150 100 0
50 150 100 0
50 150 100 0
50 150 100 0
50 150 100 0
50 150 100 0
50 150 100 0
50 150 100 0
50 150 100 0
50 150 100 0
 50 70 60 0
 58 72 59 0
 153 133 121 0
 52 64 54 0
 49 63 59 0
 39 57 51 0
 59 77 70 0
 50 72 66 0
 34 49 39 0
 40 57 53 0
 51 67 60 0
 39 53 48 0
 44 60 53 0
 51 60 59 0
 53 63 62 0
 46 57 56 0
 52 61 55 0
 62 69 65 0
 72 75 73 0
50 150 100 0
50 150 100 0
50 150 100 0
50 150 100 0
50 150 100 0
50 150 100 0
50 150 100 0
50 150 100 0
50 150 100 0
50 150 100 0
50 150 100 0
50 150 100 0
50 150 100 0
50 150 100 0
50 150 100 0
50 150 100 0
50 150 100 0
50 150 100 0
50 150 100 0
50 150 100 0
50 150 100 0
50 150 100 0
50 150 100 0
50 150 100 0
50 150 100 0
50 150 100 0
50 150 100 0
50 150 100 0
50 150 100 0
50 150 100 0
50 150 100 0
50 150 100 0
50 150 100 0
50 150 100 0
50 150 100 0
50 150 100 0
50 150 100 0
50 150 100 0
50 150 100 0
50 150 100 0
50 150 100 0
 38 52 44 0
 60 96 77 0
 109 102 87 0
 64 78 62 0
 46 53 47 0
 57 77 72 0
 52 67 63 0
 42 59 55 0
 56 72 64 0
 37 52 47 0
 46 62 57 0
 34 46 41 0
 44 60 54 0
 44 56 53 0
 55 65 64 0
 48 59 52 0
 59 70 66 0
 58 63 62 0
50 150 100 0
50 150 100 0
50 150 100 0
50 150 100 0
50 150 100 0
50 150 100 0
50 150 100 0
50 150 100 0
50 150 100 0
50 150 100 0
50 150 100 0
50 150 100 0
50 150 100 0
50 150 100 0
50 150 100 0
50 150 100 0
50 150 100 0
50 150 100 0
50 150 100 0
50 150 100 0
50 150 100 0
50 150 100 0
50 150 100 0
50 150 100 0
50 150 100 0
50 150 100 0
50 150 100 0
50 150 100 0
50 150 100 0
50 150 100 0
50 150 100 0
50 150 100 0
50 150 100 0
50 150 100 0
50 150 100 0
50 150 100 0
50 150 100 0
50 150 100 0
50 150 100 0
50 150 100 0
50 150 100 0
50 150 100 0
50 150 100 0
 52 72 58 0
 149 125 111 0
 67 80 66 0
 51 67 61 0
 34 49 43 0
 53 71 64 0
 44 54 50 0
 47 56 48 0
 41 50 47 0
 34 50 45 0
 41 58 51 0
 51 68 63 0
 46 55 51 0
 47 55 52 0
 52 62 57 0
 49 57 55 0
 66 74 70 0
50 150 100 0
50 150 100 0
50 150 100 0
50 150 100 0
50 150 100 0
50 150 100 0
50 150 100 0
50 150 100 0
50 150 100 0
50 150 100 0
50 150 100 0
50 150 100 0
50 150 100 0
50 150 100 0
50 150 100 0
50 150 100 0
50 150 100 0
50 150 100 0
50 150 100 0
50 150 100 0
50 150 100 0
50 150 100 0
50 150 100 0
50 150 100 0
50 150 100 0
50 150 100 0
50 150 100 0
50 150 100 0
50 150 100 0
50 150 100 0
50 150 100 0
50 150 100 0
50 150 100 0
50 150 100 0
50 150 100 0
50 150 100 0
50 150 100 0
50 150 100 0
50 150 100 0
50 150 100 0
50 150 100 0
50 150 100 0
50 150 100 0
 67 81 65 0
 163 142 128 0
 46 60 50 0
 45 69 58 0
 46 59 54 0
 48 64 61 0
 37 47 44 0
 36 47 40 0
 52 65 60 0
 36 46 43 0
 45 54 52 0
 36 49 46 0
 48 56 53 0
 44 50 47 0
 49 59 56 0
 52 59 55 0
50 150 100 0
50 150 100 0
50 150 100 0
50 150 100 0
50 150 100 0
50 150 100 0
50 150 100 0
50 150 100 0
50 150 100 0
50 150 100 0
50 150 100 0
50 150 100 0
50 150 100 0
50 150 100 0
50 150 100 0
50 150 100 0
50 150 100 0
50 150 100 0
50 150 100 0
50 150 100 0
50 150 100 0
50 150 100 0
50 150 100 0
50 150 100 0
50 150 100 0
50 150 100 0
50 150 100 0
50 150 100 0
50 150 100 0
50 150 100 0
50 150 100 0
50 150 100 0
50 150 100 0
50 150 100 0
50 150 100 0
50 150 100 0
50 150 100 0
50 150 100 0
50 150 100 0
50 150 100 0
50 150 100 0
50 150 100 0
50 150 100 0
50 150 100 0
50 150 100 0
 120 104 91 0
 61 75 64 0
 41 58 49 0
 45 62 54 0
 44 56 50 0
 31 40 36 0
 52 68 62 0
 36 48 43 0
 39 48 44 0
 49 58 54 0
 42 47 44 0
 45 51 47 0
 42 51 48 0
 52 59 57 0
 50 54 50 0
50 150 100 0
50 150 100 0
50 150 100 0
50 150 100 0
50 150 100 0
50 150 100 0
50 150 100 0
50 150 100 0
50 150 100 0
50 150 100 0
50 150 100 0
50 150 100 0
50 150 100 0
50 150 100 0
50 150 100 0
50 150 100 0
50 150 100 0
50 150 100 0
50 150 100 0
50 150 100 0
50 150 100 0
50 150 100 0
50 150 100 0
50 150 100 0
50 150 100 0
50 150 100 0
50 150 100 0
50 150 100 0
50 150 100 0
50 150 100 0
50 150 100 0
50 150 100 0
50 150 100 0
50 150 100 0
50 150 100 0
50 150 100 0
50 150 100 0
50 150 100 0
50 150 100 0
50 150 100 0
50 150 100 0
50 150 100 0
50 150 100 0
50 150 100 0
50 150 100 0
 45 49 40 0
 19 28 23 0
50 150 100 0
 12 20 16 0
 23 36 30 0
 14 18 17 0
50 150 100 0
 13 18 16 0
 32 35 35 0
 17 21 20 0
 15 16 14 0
 50 52 52 0
 20 23 22 0
 19 21 20 0
50 150 100 0
50 150 100 0
50 150 100 0
50 150 100 0
50 150 100 0
50 150 100 0
50 150 100 0
50 150 100 0
50 150 100 0
50 150 100 0
50 150 100 0
50 150 100 0
50 150 100 0
50 150 100 0
50 150 100 0
50 150 100 0
50 150 100 0
50 150 100 0
50 150 100 0
50 150 100 0
50 150 100 0
50 150 100 0
50 150 100 0
50 150 100 0
50 150 100 0
50 150 100 0
50 150 100 0
50 150 100 0
50 150 100 0
50 150 100 0
50 150 100 0
50 150 100 0
50 150 100 0
50 150 100 0
50 150 100 0
50 150 100 0
50 150 100 0
50 150 100 0
50 150 100 0
50 150 100 0
50 150 100 0
50 150 100 0
50 150 100 0
50 150 100 0
50 150 100 0
50 150 100 0
50 150 100 0
50 150 100 0
50 150 100 0
50 150 100 0
50 150 100 0
50 150 100 0
50 150 100 0
50 150 100 0
50 150 100 0
50 150 100 0
50 150 100 0
50 150 100 0
50 150 100 0
50 150 100 0
50 150 100 0
50 150 100 0
50 150 100 0
50 150 100 0
50 150 100 0
50 150 100 0
50 150 100 0
50 150 100 0
50 150 100 0
50 150 100 0
50 150 100 0
50 150 100 0
50 150 100 0
50 150 100 0
50 150 100 0
50 150 100 0
50 150 100 0
50 150 100 0
50 150 100 0
50 150 100 0
50 150 100 0
50 150 100 0
50 150 100 0
50 150 100 0
50 150 100 0
50 150 100 0
50 150 100 0
50 150 100 0
50 150 100 0
50 150 100 0
50 150 100 0
50 150 100 0
50 150 100 0
50 150 100 0
50 150 100 0
50 150 100 0
50 150 100 0
50 150 100 0
50 150 100 0
50 150 100 0
50 150 100 0
50 150 100 0
50 150 100 0
50 150 100 0
50 150 100 0
50 150 100 0
50 150 100 0
50 150 100 0
50 150 100 0
50 150 100 0
50 150 100 0
50 150 100 0
50 150 100 0
50 150 100 0
50 150 100 0
50 150 100 0
50 150 100 0
50 150 100 0
50 150 100 0
50 150 100 0
50 150 100 0
50 150 100 0
50 150 100 0
50 150 100 0
50 150 100 0
50 150 100 0
50 150 100 0
50 150 100 0
50 150 100 0
50 150 100 0
50 150 100 0
50 150 100 0
50 150 100 0
50 150 100 0
50 150 100 0
50 150 100 0
50 150 100 0
50 150 100 0
50 150 100 0
50 150 100 0
50 150 100 0
50 150 100 0
50 150 100 0
50 150 100 0
50 150 100 0
50 150 100 0
50 150 100 0
50 150 100 0
50 150 100 0
50 150 100 0
50 150 100 0
50 150 100 0
50 150 100 0
50 150 100 0
50 150 100 0
50 150 100 0
50 150 100 0
50 150 100 0
50 150 100 0
50 150 100 0
50 150 100 0
50 150 100 0
50 150 100 0
50 150 100 0
50 150 100 0
50 150 100 0
50 150 100 0
50 150 100 0
50 150 100 0
50 150 100 0
50 150 100 0
50 150 100 0
50 150 100 0
50 150 100 0
50 150 100 0
50 150 100 0
50 150 100 0
50 150 100 0
50 150 100 0
50 150 100 0
50 150 100 0
50 150 100 0
50 150 100 0
50 150 100 0
50 150 100 0
50 150 100 0
50 150 100 0
50 150 100 0
50 150 100 0
50 150 100 0
50 150 100 0
50 150 100 0
50 150 100 0
50 150 100 0
50 150 100 0
50 150 100 0
50 150 100 0
50 150 100 0
50 150 100 0
50 150 100 0
50 150 100 0
50 150 100 0
50 150 100 0

 78 102 72 0
 92 118 84 0
 97 126 91 0
 94 119 84 0
 96 117 84 0
 81 106 73 0
 95 126 92 0
 87 116 81 0
 98 124 91 0
 89 116 84 0
 96 120 91 0
 100 130 100 0
 96 129 97 0
 94 127 93 0
 92 120 90 0
 93 124 93 0
 90 123 94 0
 96 129 99 0
 80 106 79 0
 94 125 96 0
 79 111 82 0
 66 100 74 0
 61 92 72 0
 75 114 89 0
 59 94 69 0
 85 122 96 0
 114 127 106 0
 120 131 110 0
 86 116 91 0
 68 96 71 0
 79 112 86 0
 74 104 81 0
 81 116 94 0
 76 108 83 0
 68 103 78 0
 76 111 86 0
 89 130 105 0
 66 103 79 0
 82 118 94 0
 76 110 86 0
 82 116 92 0
 87 126 101 0
 81 123 98 0
 82 123 98 0
 84 129 108 0
 73 111 89 0
 78 115 93 0
 87 116 98 0
 101 130 114 0
 103 129 113 0
 114 134 118 0
 123 142 130 0
 113 133 120 0
 105 127 115 0
 118 143 130 0
 116 142 127 0
 106 129 116 0
 112 132 125 0
 122 142 131 0
 122 141 129 0
 88 112 82 0
 90 115 82 0
 97 125 91 0
 92 120 84 0
 92 115 81 0
 96 119 86 0
 97 127 94 0
 89 117 84 0
 106 134 101 0
 79 106 75 0
 98 122 93 0
 102 131 101 0
 93 125 94 0
 92 124 91 0
 128 156 128 0
 91 120 90 0
 89 121 92 0
 91 125 96 0
 90 119 90 0
 92 123 94 0
 80 113 83 0
 68 102 76 0
 71 104 83 0
 76 115 90 0
 64 100 75 0
 82 121 94 0
 203 177 162 1
 101 122 98 0
 82 113 88 0
 74 103 78 0
 74 107 81 0
 76 106 84 0
 81 116 94 0
 73 105 81 0
 65 100 75 0
 82 120 95 0
 89 129 104 0
 61 94 71 0
 83 119 94 0
 79 113 88 0
 87 121 97 0
 83 124 99 0
 84 126 101 0
 74 117 92 0
 85 131 111 0
 73 112 90 0
 86 123 102 0
 94 122 104 0
 104 135 118 0
 99 125 108 0
 115 135 121 0
 113 132 121 0
 106 126 117 0
 110 134 123 0
 111 139 125 0
 111 138 124 0
 109 131 122 0
 106 126 120 0
 120 139 130 0
 120 140 130 0
 90 114 84 0
 89 113 82 0
 97 123 89 0
 92 120 84 0
 86 111 77 0
 93 117 83 0
 72 98 65 0
 97 127 94 0
 95 123 90 0
 110 140 107 0
 86 112 80 0
 102 129 100 0
 90 121 92 0
 94 125 93 0
 99 130 99 0
 89 117 87 0
 88 119 90 0
 94 127 99 0
 134 161 132 0
 87 119 89 0
 82 114 85 0
 73 108 80 0
 73 107 84 0
 71 111 85 0
 66 103 77 0
 119 137 114 0
 181 163 144 1
 97 117 92 0
 85 114 89 0
 63 89 66 0
 70 103 81 0
 83 121 98 0
 77 112 86 0
 64 93 71 0
 85 118 95 0
 91 131 107 0
 86 127 102 0
 69 102 76 0
 82 120 94 0
 80 113 88 0
 85 121 96 0
 84 126 101 0
 82 124 100 0
 76 118 97 0
 65 104 82 0
 80 118 96 0
 93 129 107 0
 96 124 107 0
 95 128 112 0
 101 126 111 0
 122 141 130 0
 111 129 122 0
 110 132 123 0
 108 134 125 0
 105 134 122 0
 110 135 123 0
 104 124 120 0
 114 135 129 0
 121 141 132 0
 104 125 119 0
 88 112 80 0
 94 118 87 0
 93 118 85 0
 90 117 83 0
 87 114 80 0
 90 114 81 0
 96 122 88 0
 99 128 95 0
 94 124 91 0
 117 148 115 0
 93 119 87 0
 96 121 93 0
 96 126 97 0
 94 123 92 0
 98 128 97 0
 91 119 90 0
 86 116 88 0
 90 122 94 0
 85 117 87 0
 78 110 81 0
 81 114 84 0
 73 108 80 0
 74 109 84 0
 67 106 82 0
 69 108 81 0
 74 111 85 0
 184 174 156 1
 136 139 118 0
 85 114 88 0
 73 105 81 0
 55 82 64 0
 76 111 90 0
 79 115 90 0
 73 103 80 0
 87 123 101 0
 94 133 113 0
 81 121 97 0
 73 108 82 0
 81 117 91 0
 77 110 86 0
 81 119 93 0
 87 129 104 0
 83 124 102 0
 77 118 97 0
 74 113 92 0
 80 118 96 0
 99 132 111 0
 97 129 114 0
 89 121 106 0
 115 138 125 0
 119 139 129 0
 107 125 117 0
 109 131 125 0
 100 131 122 0
 104 132 122 0
 113 136 127 0
 107 129 123 0
 120 141 133 0
 123 144 136 0
 107 127 123 0
 96 124 90 0
 88 112 81 0
 93 118 86 0
 85 111 78 0
 90 117 83 0
 89 113 79 0
 98 124 91 0
 97 126 93 0
 97 127 95 0
 98 130 97 0
 100 125 93 0
 99 124 95 0
 90 120 91 0
 96 126 95 0
 97 127 94 0
 96 126 97 0
 96 126 99 0
 92 122 95 0
 86 117 88 0
 68 98 73 0
 76 108 80 0
 68 104 77 0
 71 106 81 0
 70 111 85 0
 59 94 69 0
 77 114 89 0
 176 173 154 1
 98 122 97 0
 83 114 88 0
 63 90 66 0
 62 91 73 0
 78 115 94 0
 77 113 88 0
 69 99 75 0
 84 120 96 0
 97 134 117 0
 77 115 92 0
 72 106 81 0
 82 117 93 0
 70 102 78 0
 86 124 100 0
 87 125 102 0
 85 125 104 0
 74 115 94 0
 72 113 91 0
 84 123 102 0
 97 130 110 0
 92 127 112 0
 85 118 103 0
 112 137 124 0
 112 131 122 0
 105 125 117 0
 104 127 122 0
 102 135 127 0
 105 133 125 0
 113 136 129 0
 117 140 134 0
 118 140 132 0
 117 139 133 0
 123 144 141 0
 99 129 96 0
 87 114 81 0
 93 119 88 0
 81 105 73 0
 92 118 84 0
 91 116 82 0
 98 124 90 0
 99 128 96 0
 98 127 97 0
 95 126 94 0
 118 144 113 0
 106 132 103 0
 93 121 94 0
 95 125 94 0
 96 125 93 0
 94 123 93 0
 100 132 104 0
 92 120 93 0
 79 108 80 0
 64 93 69 0
 75 106 80 0
 78 116 89 0
 65 101 75 0
 69 110 85 0
 57 94 69 0
 78 113 91 0
 128 142 122 0
 95 122 96 0
 78 114 86 0
 60 86 64 0
 63 90 74 0
 80 118 96 0
 70 106 82 0
 74 105 81 0
 82 119 97 0
 85 122 106 0
 67 100 76 0
 78 111 87 0
 93 124 100 0
 79 111 89 0
 95 133 110 0
 81 117 96 0
 83 123 102 0
 77 118 98 0
 58 95 77 0
 89 127 107 0
 91 122 105 0
 90 126 111 0
 83 116 101 0
 110 133 123 0
 108 128 119 0
 107 128 121 0
 104 130 126 0
 98 131 124 0
 106 134 128 0
 117 141 137 0
 117 140 133 0
 118 141 133 0
 118 140 135 0
 122 143 140 0
 100 132 99 0
 97 125 92 0
 89 117 85 0
 83 108 76 0
 89 114 81 0
 94 120 86 0
 99 124 90 0
 96 127 94 0
 97 126 96 0
 96 126 96 0
 82 112 80 0
 100 128 100 0
 110 139 114 0
 96 121 94 0
 93 121 89 0
 85 115 84 0
 97 129 100 0
 87 114 86 0
 66 92 66 0
 71 100 75 0
 71 101 77 0
 73 112 86 0
 63 99 73 0
 67 109 84 0
 52 83 60 0
 98 126 107 0
 149 158 140 1
 84 115 88 0
 74 111 83 0
 54 81 59 0
 68 95 79 0
 73 113 92 0
 64 99 76 0
 76 106 84 0
 81 119 99 0
 83 119 103 0
 68 101 78 0
 82 117 94 0
 103 133 110 0
 92 122 100 0
 85 122 100 0
 88 124 103 0
 79 120 99 0
 77 120 99 0
 73 110 92 0
 98 136 116 0
 83 117 102 0
 79 113 101 0
 96 128 117 0
 108 132 123 0
 111 134 125 0
 106 128 123 0
 106 137 131 0
 95 127 123 0
 103 130 125 0
 112 136 131 0
 118 141 133 0
 117 140 134 0
 119 140 137 0
 116 135 132 0
 96 126 95 0
 101 132 98 0
 91 118 85 0
 81 107 75 0
 86 110 76 0
 97 124 90 0
 95 121 87 0
 96 125 91 0
 99 128 97 0
 94 124 93 0
 87 116 84 0
 92 121 94 0
 108 137 112 0
 108 134 109 0
 91 116 86 0
 84 112 82 0
 90 123 94 0
 83 114 84 0
 66 90 64 0
 72 104 78 0
 77 108 83 0
 75 113 90 0
 65 102 75 0
 66 108 83 0
 62 94 71 0
 122 143 125 0
 134 146 128 1
 71 102 77 0
 68 107 80 0
 68 96 75 0
 71 102 89 0
 69 111 90 0
 65 95 73 0
 83 117 96 0
 82 119 99 0
 83 118 101 0
 64 98 74 0
 84 118 96 0
 97 128 105 0
 98 129 107 0
 91 126 104 0
 88 127 106 0
 72 115 94 0
 88 129 111 0
 87 128 109 0
 88 125 107 0
 86 121 109 0
 84 120 108 0
 92 124 116 0
 116 140 133 0
 120 143 136 0
 109 134 128 0
 104 135 130 0
 104 135 131 0
 103 129 124 0
 112 135 130 0
 117 140 134 0
 114 137 133 0
 115 136 133 0
 119 138 135 0
50 150 100 0
 93 123 93 0
 89 116 83 0
 88 114 83 0
 84 108 75 0
 94 121 87 0
 98 124 90 0
 99 127 93 0
 97 126 95 0
 96 125 94 0
 89 119 87 0
 93 121 90 0
 96 126 101 0
 107 135 110 0
 91 117 87 0
 87 115 84 0
 88 122 92 0
 84 118 88 0
 64 89 63 0
 73 107 81 0
 78 109 85 0
 75 115 93 0
 58 96 70 0
 61 100 75 0
 74 117 91 0
 69 101 77 0
 133 142 123 1
 69 96 74 0
 67 102 76 0
 81 111 92 0
 62 95 83 0
 76 120 99 0
 54 85 63 0
 68 96 76 0
 85 123 103 0
 76 108 92 0
 78 113 93 0
 82 115 92 0
 91 122 99 0
 99 130 110 0
 92 124 105 0
 88 127 108 0
 80 122 103 0
 68 101 87 0
 96 135 118 0
 73 109 94 0
 81 117 106 0
 92 125 117 0
 121 145 138 0
 124 144 139 0
 115 137 130 0
 107 135 129 0
 102 135 129 0
 101 133 127 0
 104 131 126 0
 116 140 135 0
 115 139 134 0
 113 136 132 0
 110 130 128 0
 120 138 135 0
50 150 100 0
 92 121 95 0
 84 112 81 0
 87 113 83 0
 84 110 78 0
 94 121 87 0
 96 124 90 0
 101 127 93 0
 103 131 99 0
 94 121 91 0
 90 120 89 0
 92 122 90 0
 95 123 97 0
 97 126 101 0
 89 117 87 0
 91 118 86 0
 86 119 89 0
 80 117 88 0
 66 91 65 0
 69 106 79 0
 78 111 86 0
 74 112 91 0
 67 106 81 0
 63 105 81 0
 79 123 98 0
 93 120 97 0
 165 169 151 1
 66 91 72 0
 86 125 103 0
 77 111 94 0
 74 120 101 0
 61 99 79 0
 64 89 72 0
 84 124 101 0
 75 107 91 0
 82 114 98 0
 76 110 86 0
 78 107 85 0
 96 125 104 0
 95 125 109 0
 91 123 106 0
 82 123 104 0
 82 123 106 0
 95 130 115 0
 94 131 114 0
 75 109 95 0
 82 118 106 0
 97 130 123 0
 120 142 136 0
 125 144 141 0
 115 136 131 0
 101 132 126 0
 100 133 128 0
 99 131 125 0
 112 138 133 0
 115 138 133 0
 113 136 133 0
 105 127 127 0
 112 133 130 0
 121 139 136 0
50 150 100 0
50 150 100 0
 87 116 90 0
 84 109 79 0
 86 112 81 0
 95 122 89 0
 93 123 88 0
 95 121 87 0
 105 133 102 0
 81 108 78 0
 89 116 87 0
 91 122 90 0
 97 125 96 0
 96 124 101 0
 96 126 100 0
 91 119 86 0
 84 117 86 0
 77 117 89 0
 65 91 65 0
 67 105 79 0
 76 110 85 0
 73 109 88 0
 59 98 73 0
 63 106 83 0
 90 126 102 0
 141 146 127 1
 109 115 95 0
 67 88 71 0
 59 95 73 0
 75 112 96 0
 64 104 86 0
 49 78 59 0
 69 95 77 0
 78 117 95 0
 77 109 92 0
 79 113 95 0
 73 107 84 0
 84 113 93 0
 95 123 108 0
 96 125 112 0
 92 127 110 0
 72 112 94 0
 83 124 108 0
 106 141 128 0
 91 128 111 0
 76 110 96 0
 89 124 115 0
 119 145 140 0
 136 150 145 0
 116 136 133 0
 111 136 130 0
 98 129 123 0
 96 129 124 0
 101 131 126 0
 118 142 138 0
 113 137 132 0
 106 129 132 0
 107 130 132 0
 118 137 135 0
50 150 100 0
50 150 100 0
50 150 100 0
 92 120 94 0
 90 117 87 0
 87 113 83 0
 96 123 89 0
 87 116 82 0
 99 128 95 0
 84 110 80 0
 94 122 92 0
 75 101 74 0
 89 120 89 0
 94 124 91 0
 98 125 98 0
 96 125 100 0
 87 116 84 0
 84 119 87 0
 64 103 77 0
 55 83 59 0
 65 98 74 0
 73 108 85 0
 69 104 85 0
 59 98 74 0
 65 105 82 0
 77 118 97 0
 120 132 112 1
 90 101 82 0
 76 111 94 0
 54 87 70 0
 77 113 97 0
 68 107 90 0
 50 78 61 0
 67 93 77 0
 71 108 89 0
 69 100 84 0
 75 106 89 0
 73 104 83 0
 82 110 93 0
 90 119 105 0
 97 128 114 0
 89 125 109 0
 79 119 102 0
 91 129 119 0
 99 136 126 0
 88 122 107 0
 87 122 110 0
 99 134 126 0
 119 142 137 0
 137 148 146 0
 112 131 128 0
 100 129 122 0
 98 129 124 0
 99 132 127 0
 107 133 129 0
 116 141 136 0
 110 134 133 0
 106 129 134 0
 110 132 132 0
 119 138 136 0
50 150 100 0
50 150 100 0
50 150 100 0
50 150 100 0
 96 125 97 0
 95 122 91 0
 91 118 85 0
 84 111 78 0
 98 128 95 0
 93 122 91 0
 89 116 88 0
 82 107 81 0
 101 129 100 0
 89 119 87 0
 88 113 85 0
 95 125 100 0
 85 115 85 0
 74 110 80 0
 97 136 110 0
 56 85 60 0
 74 108 84 0
 66 98 79 0
 72 109 91 0
 59 97 76 0
 64 103 82 0
 85 120 103 0
 123 133 114 1
 92 104 86 0
 69 96 78 0
 66 102 85 0
 80 121 104 0
 65 104 87 0
 60 90 74 0
 73 104 89 0
 65 92 77 0
 64 96 79 0
 70 101 83 0
 74 102 83 0
 80 106 94 0
 100 128 115 0
 90 123 108 0
 87 124 109 0
 73 111 97 0
 93 130 125 0
 87 123 112 0
 90 125 111 0
 90 127 116 0
 105 138 131 0
 141 154 148 0
 147 157 155 0
 112 133 128 0
 94 126 119 0
 98 129 125 0
 101 133 129 0
 113 138 134 0
 116 141 136 0
 105 128 131 0
 116 140 141 0
 114 133 131 0
 50 150 100 0
50 150 100 0
50 150 100 0
50 150 100 0
50 150 100 0
 93 122 95 0
 103 131 101 0
 92 119 86 0
 86 113 80 0
 90 118 85 0
 97 128 95 0
 100 127 97 0
 91 116 88 0
 99 126 98 0
 90 121 89 0
 82 103 74 0
 84 114 90 0
 91 124 98 0
 74 110 77 0
 59 97 69 0
 67 102 77 0
 64 99 75 0
 60 91 74 0
 71 108 91 0
 53 90 71 0
 68 109 87 0
 80 116 100 0
 133 142 125 1
 102 110 90 0
 71 95 78 0
 74 110 93 0
 70 111 95 0
 55 90 73 0
 66 96 80 0
 79 114 99 0
 67 95 80 0
 63 95 79 0
 64 94 77 0
 80 108 89 0
 92 120 110 0
 87 117 105 0
 88 123 107 0
 86 122 108 0
 75 111 99 0
 89 126 121 0
 82 118 109 0
 95 129 119 0
 90 126 117 0
 104 135 128 0
 171 176 173 0
 118 139 134 0
 90 119 113 0
 92 124 119 0
 95 126 123 0
 116 144 140 0
 109 134 130 0
 114 137 134 0
 117 141 143 0
 122 146 143 0
 114 131 128 0
50 150 100 0
50 150 100 0
50 150 100 0
50 150 100 0
50 150 100 0
 54 78 57 0
 98 130 100 0
 97 126 93 0
 85 111 78 0
 87 113 81 0
 94 127 96 0
 91 119 89 0
 94 121 91 0
 98 128 99 0
 86 118 86 0
 70 93 64 0
 78 106 81 0
 87 121 95 0
 70 106 75 0
 59 98 69 0
 56 90 67 0
 73 111 86 0
 61 93 75 0
 69 106 89 0
 54 88 72 0
 65 106 84 0
 78 118 98 0
 146 145 128 1
 97 106 87 0
 71 93 76 0
 78 114 97 0
 68 107 90 0
 54 88 72 0
 65 97 81 0
 60 88 74 0
 69 104 84 0
 59 91 75 0
 65 95 77 0
 85 113 96 0
 88 118 106 0
 83 114 101 0
 82 118 104 0
 89 123 115 0
 72 103 95 0
 88 125 119 0
 85 123 114 0
 94 128 121 0
 92 128 121 0
 131 145 141 0
 186 188 187 1
 125 145 141 0
 98 127 121 0
 95 126 122 0
 100 131 128 0
 114 140 137 0
 109 134 130 0
 115 140 138 0
 122 148 146 0
 119 138 135 0
 76 84 83 0
50 150 100 0
50 150 100 0
50 150 100 0
50 150 100 0
50 150 100 0
50 150 100 0
 88 121 91 0
 96 127 95 0
 88 116 83 0
 83 108 75 0
 92 122 91 0
 92 124 94 0
 80 104 75 0
 93 125 97 0
 97 128 99 0
 85 113 81 0
 77 104 78 0
 81 116 90 0
 67 102 74 0
 59 97 69 0
 62 97 72 0
 70 110 84 0
 61 95 75 0
 66 106 88 0
 48 80 65 0
 70 114 91 0
 90 117 96 0
 201 180 169 1
 99 112 91 0
 73 100 80 0
 81 121 107 0
 72 110 93 0
 72 104 87 0
 67 98 88 0
 54 77 65 0
 74 110 89 0
 59 88 73 0
 70 98 81 0
 94 124 111 0
 80 111 100 0
 85 116 104 0
 83 120 107 0
 83 117 111 0
 89 123 116 0
 79 116 110 0
 83 122 114 0
 90 126 118 0
 92 128 122 0
 121 138 135 0
 180 178 179 1
 102 125 121 0
 98 130 123 0
 99 129 125 0
 111 139 138 0
 112 138 134 0
 110 135 132 0
 115 141 140 0
 119 145 142 0
 119 137 134 0
50 150 100 0
50 150 100 0
50 150 100 0
50 150 100 0
50 150 100 0
50 150 100 0
50 150 100 0
 80 109 82 0
 81 115 85 0
 98 130 98 0
 92 118 85 0
 93 121 89 0
 94 127 96 0
 81 106 77 0
 92 123 94 0
 92 122 93 0
 71 97 66 0
 89 117 88 0
 71 104 80 0
 77 116 90 0
 59 92 68 0
 69 105 80 0
 58 96 70 0
 69 111 87 0
 66 111 90 0
 54 87 69 0
 70 114 90 0
 65 103 78 0
 156 144 130 1
 80 98 77 0
 75 103 83 0
 79 118 105 0
 64 101 87 0
 65 97 81 0
 66 97 84 0
 44 68 56 0
 75 110 90 0
 51 75 62 0
 63 89 74 0
 90 121 108 0
 79 109 98 0
 90 122 112 0
 85 121 111 0
 80 113 108 0
 86 122 115 0
 76 115 108 0
 80 120 112 0
 80 117 110 0
 95 130 124 0
 120 133 130 0
 113 129 128 0
 104 131 128 0
 97 128 122 0
 105 136 133 0
 114 140 139 0
 107 133 129 0
 112 138 135 0
 114 141 139 0
 119 140 137 0
 0 0 0 0
50 150 100 0
50 150 100 0
50 150 100 0
50 150 100 0
50 150 100 0
50 150 100 0
50 150 100 0
50 150 100 0
 80 109 82 0
 99 133 103 0
 94 124 91 0
 90 116 84 0
 85 118 89 0
 91 125 95 0
 92 121 91 0
 90 121 93 0
 90 119 90 0
 78 106 77 0
 78 108 83 0
 73 112 86 0
 58 91 67 0
 64 100 77 0
 62 103 76 0
 70 117 92 0
 44 85 64 0
 63 101 81 0
 64 106 81 0
 59 90 67 0
 128 131 114 0
 66 86 64 0
 90 114 92 0
 84 119 101 0
 67 104 90 0
 69 102 85 0
 60 89 76 0
 51 76 65 0
 68 98 82 0
 48 71 59 0
 72 100 84 0
 86 115 103 0
 76 104 96 0
 92 123 115 0
 77 110 102 0
 87 120 114 0
 84 121 116 0
 75 115 108 0
 75 115 107 0
 78 115 108 0
 95 127 122 0
 197 188 192 1
 108 122 123 0
 102 133 129 0
 98 129 123 0
 110 139 136 0
 102 127 124 0
 110 136 133 0
 108 135 132 0
 114 140 138 0
 119 139 137 0
50 150 100 0
50 150 100 0
50 150 100 0
50 150 100 0
50 150 100 0
50 150 100 0
50 150 100 0
50 150 100 0
50 150 100 0
 82 107 81 0
 100 134 104 0
 87 120 88 0
 90 117 85 0
 90 119 90 0
 82 118 90 0
 94 124 93 0
 88 119 91 0
 90 119 93 0
 86 114 87 0
 72 102 76 0
 82 125 101 0
 67 103 77 0
 65 104 79 0
 68 107 81 0
 66 113 85 0
 65 112 89 0
 61 101 81 0
 64 102 81 0
 61 77 58 0
 117 122 107 0
 86 115 90 0
 70 95 72 0
 84 121 100 0
 74 111 95 0
 63 96 77 0
 57 85 70 0
 58 82 73 0
 69 102 86 0
 51 75 62 0
 73 102 88 0
 74 100 93 0
 87 114 108 0
 89 121 114 0
 80 113 106 0
 82 115 110 0
 88 126 122 0
 69 108 100 0
 72 109 102 0
 86 124 118 0
 96 118 116 0
 224 209 213 1
 115 133 132 0
 95 125 120 0
 102 132 129 0
 102 130 127 0
 101 127 124 0
 108 134 131 0
 109 133 131 0
 116 139 137 0
 123 143 140 0
50 150 100 0
50 150 100 0
50 150 100 0
50 150 100 0
50 150 100 0
50 150 100 0
50 150 100 0
50 150 100 0
50 150 100 0
50 150 100 0
 97 124 97 0
 89 123 94 0
 79 111 82 0
 88 117 88 0
 85 123 97 0
 86 118 89 0
 87 124 94 0
 88 119 92 0
 95 128 105 0
 83 112 86 0
 71 106 82 0
 63 102 77 0
 70 114 88 0
 66 107 81 0
 54 94 69 0
 47 86 67 0
 81 124 105 0
 65 104 84 0
 68 104 79 0
 132 134 118 1
 82 114 87 0
 68 97 72 0
 75 112 92 0
 66 103 86 0
 59 92 74 0
 68 98 83 0
 61 88 77 0
 68 100 84 0
 67 92 81 0
 78 105 96 0
 79 105 99 0
 94 122 116 0
 89 119 112 0
 89 122 117 0
 81 113 109 0
 83 123 117 0
 67 103 95 0
 69 105 98 0
 85 120 115 0
 133 136 137 0
 176 166 169 1
 100 125 122 0
 101 129 125 0
 101 131 129 0
 103 129 126 0
 103 129 127 0
 107 133 131 0
 114 137 134 0
 117 139 136 0
50 150 100 0
50 150 100 0
50 150 100 0
50 150 100 0
50 150 100 0
50 150 100 0
50 150 100 0
50 150 100 0
50 150 100 0
50 150 100 0
50 150 100 0
 95 121 94 0
 91 123 95 0
 59 89 62 0
 69 97 69 0
 82 120 93 0
 80 115 89 0
 84 126 97 0
 86 118 92 0
 70 95 71 0
 73 103 78 0
 76 110 86 0
 67 108 81 0
 61 101 76 0
 67 109 84 0
 65 114 86 0
 62 109 85 0
 55 94 77 0
 73 113 88 0
 97 106 87 0
 151 150 132 1
 74 105 79 0
 64 93 68 0
 83 121 102 0
 63 98 81 0
 76 115 97 0
 59 93 76 0
 58 82 71 0
 71 104 88 0
 59 83 72 0
 70 98 89 0
 80 107 102 0
 88 117 111 0
 71 96 93 0
 86 117 114 0
 82 116 112 0
 78 117 110 0
 73 111 103 0
 67 101 95 0
 82 119 114 0
 120 130 130 0
 129 137 138 0
 97 123 119 0
 101 128 125 0
 98 127 124 0
 102 128 126 0
 105 132 131 0
 113 138 134 0
 120 143 139 0
 122 144 140 0
50 150 100 0
50 150 100 0
50 150 100 0
50 150 100 0
50 150 100 0
50 150 100 0
50 150 100 0
50 150 100 0
50 150 100 0
50 150 100 0
50 150 100 0
50 150 100 0
 79 105 78 0
 88 121 93 0
 86 115 88 0
 86 122 97 0
 84 122 97 0
 86 126 98 0
 64 95 71 0
 84 114 89 0
 81 111 86 0
 82 117 91 0
 68 113 84 0
 55 96 70 0
 54 93 69 0
 63 113 85 0
 60 109 83 0
 53 88 71 0
 72 112 89 0
 112 114 95 0
 103 121 99 0
 74 105 78 0
 52 79 55 0
 60 96 74 0
 65 101 83 0
 69 103 86 0
 69 105 88 0
 68 97 83 0
 59 85 72 0
 72 104 94 0
 64 90 84 0
 88 117 113 0
 67 94 91 0
 85 114 111 0
 79 110 107 0
 77 110 106 0
 67 101 96 0
 80 120 114 0
 71 106 100 0
 79 107 105 0
 185 176 178 1
 123 137 134 0
 104 126 123 0
 100 127 124 0
 101 129 125 0
 104 131 130 0
 109 136 133 0
 112 136 132 0
 126 147 144 0
 0 0 0 0
50 150 100 0
50 150 100 0
50 150 100 0
50 150 100 0
50 150 100 0
50 150 100 0
50 150 100 0
50 150 100 0
50 150 100 0
50 150 100 0
50 150 100 0
50 150 100 0
 72 99 73 0
 87 122 95 0
 88 117 91 0
 77 105 82 0
 87 128 104 0
 83 124 98 0
 72 104 78 0
 67 94 71 0
 86 116 91 0
 78 112 86 0
 64 105 79 0
 60 107 78 0
 67 108 84 0
 58 98 74 0
 56 109 82 0
 69 113 88 0
 77 117 92 0
 159 152 134 1
 93 122 98 0
 66 100 72 0
 67 99 73 0
 74 112 93 0
 63 98 79 0
 71 103 83 0
 60 93 78 0
 71 108 89 0
 56 80 69 0
 58 84 77 0
 76 102 98 0
 83 111 107 0
 81 110 108 0
 82 114 109 0
 72 100 96 0
 86 122 117 0
 70 101 99 0
 83 120 114 0
 75 109 104 0
 105 116 117 0
 187 180 182 1
 121 135 131 0
 105 129 126 0
 101 127 124 0
 100 126 122 0
 111 138 135 0
 108 135 132 0
 110 133 129 0
 126 146 144 0
50 150 100 0
50 150 100 0
50 150 100 0
50 150 100 0
50 150 100 0
50 150 100 0
50 150 100 0
50 150 100 0
50 150 100 0
50 150 100 0
50 150 100 0
50 150 100 0
50 150 100 0
50 150 100 0
 82 113 88 0
 83 114 90 0
 85 114 89 0
 80 114 90 0
 79 122 97 0
 71 109 83 0
 77 105 81 0
 82 113 89 0
 69 103 77 0
 50 90 66 0
 67 122 92 0
 63 106 78 0
 53 91 68 0
 53 105 80 0
 68 110 86 0
 53 86 68 0
 75 115 91 0
 111 122 103 0
 57 90 63 0
 63 94 69 0
 69 104 86 0
 54 86 66 0
 59 82 69 0
 69 107 90 0
 65 102 82 0
 56 86 72 0
 73 107 97 0
 75 104 97 0
 73 100 96 0
 62 89 86 0
 77 112 106 0
 75 104 100 0
 80 111 108 0
 86 122 122 0
 71 103 98 0
 89 119 116 0
 125 134 134 0
 198 189 188 1
 106 124 120 0
 100 125 122 0
 106 131 126 0
 101 128 124 0
 103 130 127 0
 105 132 128 0
 126 145 143 0
50 150 100 0
50 150 100 0
50 150 100 0
50 150 100 0
50 150 100 0
50 150 100 0
50 150 100 0
50 150 100 0
50 150 100 0
50 150 100 0
50 150 100 0
50 150 100 0
50 150 100 0
50 150 100 0
50 150 100 0
 82 112 88 0
 76 108 84 0
 82 112 89 0
 63 92 72 0
 74 117 92 0
 52 92 66 0
 80 119 93 0
 73 106 81 0
 60 94 69 0
 47 84 62 0
 63 118 91 0
 53 98 71 0
 50 87 68 0
 49 95 73 0
 62 101 79 0
 74 113 88 0
 189 165 150 1
 92 123 98 0
 67 104 75 0
 67 100 74 0
 84 118 99 0
 51 79 60 0
 71 102 80 0
 60 87 74 0
 56 90 73 0
 52 78 66 0
 70 103 90 0
 72 103 93 0
 71 98 93 0
 81 114 110 0
 71 109 102 0
 76 108 103 0
 81 110 108 0
 82 112 113 0
 78 108 104 0
 85 114 111 0
 128 134 132 0
 125 131 129 0
 92 113 110 0
 98 124 120 0
 100 125 122 0
 100 127 124 0
 107 137 134 0
 106 131 127 0
 114 134 131 0
50 150 100 0
50 150 100 0
50 150 100 0
50 150 100 0
50 150 100 0
50 150 100 0
50 150 100 0
50 150 100 0
50 150 100 0
50 150 100 0
50 150 100 0
50 150 100 0
50 150 100 0
50 150 100 0
50 150 100 0
50 150 100 0
 82 114 89 0
 81 112 90 0
 81 111 86 0
 80 117 92 0
 77 119 93 0
 80 124 97 0
 75 112 86 0
 43 74 50 0
 55 91 65 0
 55 96 73 0
 70 116 92 0
 52 93 73 0
 63 103 84 0
 44 85 68 0
 68 106 82 0
 119 125 105 0
 81 115 89 0
 68 106 78 0
 63 96 71 0
 56 88 68 0
 62 93 70 0
 62 80 64 0
 58 83 71 0
 68 102 86 0
 70 98 86 0
 60 91 78 0
 69 101 90 0
 67 93 86 0
 74 106 101 0
 65 99 92 0
 72 104 98 0
 73 101 99 0
 86 117 114 0
 72 97 95 0
 108 123 122 0
 167 164 159 1
 98 110 106 0
 94 118 114 0
 94 117 113 0
 94 120 118 0
 102 130 129 0
 103 130 127 0
 112 134 130 0
50 150 100 0
50 150 100 0
50 150 100 0
50 150 100 0
50 150 100 0
50 150 100 0
50 150 100 0
50 150 100 0
50 150 100 0
50 150 100 0
50 150 100 0
50 150 100 0
50 150 100 0
50 150 100 0
50 150 100 0
50 150 100 0
50 150 100 0
 82 115 91 0
 86 118 93 0
 86 119 93 0
 66 100 75 0
 78 116 93 0
 81 125 102 0
 77 118 90 0
 71 114 86 0
 62 98 72 0
 67 113 85 0
 48 97 71 0
 59 101 79 0
 48 85 67 0
 59 103 82 0
 71 110 84 0
 197 168 154 1
 63 89 69 0
 63 97 74 0
 57 86 65 0
 77 113 92 0
 55 83 63 0
 57 81 62 0
 71 97 80 0
 70 96 82 0
 71 102 84 0
 56 80 67 0
 69 99 87 0
 53 75 70 0
 67 101 95 0
 62 96 86 0
 71 104 96 0
 84 116 109 0
 78 110 105 0
 82 105 103 0
 112 132 130 0
 142 148 142 0
 107 119 115 0
 92 116 112 0
 93 117 114 0
 95 121 122 0
 102 132 132 0
 102 127 123 0
 103 124 121 0
50 150 100 0
50 150 100 0
50 150 100 0
50 150 100 0
50 150 100 0
50 150 100 0
50 150 100 0
50 150 100 0
50 150 100 0
50 150 100 0
50 150 100 0
50 150 100 0
50 150 100 0
50 150 100 0
50 150 100 0
50 150 100 0
50 150 100 0
 17 25 18 0
 87 119 96 0
 83 119 93 0
 82 115 89 0
 87 126 101 0
 66 95 79 0
 80 125 100 0
 55 96 69 0
 64 105 77 0
 64 110 78 0
 63 111 84 0
 49 93 70 0
 51 86 67 0
 57 101 77 0
 72 102 78 0
 128 129 110 0
 83 106 82 0
 58 90 70 0
 72 110 83 0
 77 106 85 0
 65 96 75 0
 63 87 69 0
 73 101 81 0
 67 94 79 0
 71 104 86 0
 68 96 81 0
 73 105 91 0
 61 85 79 0
 68 102 95 0
 65 101 91 0
 79 115 102 0
 65 96 89 0
 73 98 96 0
 89 114 112 0
 112 130 125 0
 186 175 172 1
 113 127 123 0
 95 118 113 0
 96 121 118 0
 100 126 128 0
 95 123 123 0
 100 122 120 0
50 150 100 0
50 150 100 0
50 150 100 0
50 150 100 0
50 150 100 0
50 150 100 0
50 150 100 0
50 150 100 0
50 150 100 0
50 150 100 0
50 150 100 0
50 150 100 0
50 150 100 0
50 150 100 0
50 150 100 0
50 150 100 0
50 150 100 0
50 150 100 0
50 150 100 0
 89 124 100 0
 84 122 96 0
 76 108 81 0
 78 117 91 0
 55 75 59 0
 78 120 96 0
 67 108 83 0
 62 104 77 0
 48 89 61 0
 55 104 77 0
 53 98 75 0
 56 93 71 0
 53 96 73 0
 74 106 82 0
 184 168 152 1
 85 106 81 0
 56 86 67 0
 72 111 84 0
 63 88 70 0
 72 104 81 0
 60 82 64 0
 74 102 80 0
 68 99 82 0
 67 103 85 0
 63 93 74 0
 68 100 84 0
 61 86 81 0
 71 107 98 0
 54 88 80 0
 68 104 91 0
 62 89 85 0
 73 98 97 0
 81 105 105 0
 85 109 106 0
 145 146 140 1
 106 124 119 0
 95 118 114 0
 91 118 116 0
 98 125 126 0
 97 123 120 0
 98 119 117 0
50 150 100 0
50 150 100 0
50 150 100 0
50 150 100 0
50 150 100 0
50 150 100 0
50 150 100 0
50 150 100 0
50 150 100 0
50 150 100 0
50 150 100 0
50 150 100 0
50 150 100 0
50 150 100 0
50 150 100 0
50 150 100 0
50 150 100 0
50 150 100 0
50 150 100 0
 83 114 93 0
 60 92 71 0
 81 116 90 0
 75 104 79 0
 66 91 71 0
 97 126 108 0
 70 106 82 0
 40 81 57 0
 58 98 71 0
 50 94 68 0
 46 91 68 0
 50 90 66 0
 52 92 70 0
 57 99 76 0
 117 120 100 0
 77 102 78 0
 52 79 60 0
 66 102 78 0
 80 108 88 0
 56 83 61 0
 58 81 62 0
 66 95 73 0
 76 107 92 0
 96 128 128 0
 72 106 89 0
 76 109 94 0
 72 99 91 0
 66 99 87 0
 59 91 84 0
 83 119 107 0
 62 88 83 0
 80 105 102 0
 100 127 124 0
 106 125 118 0
 161 160 153 0
 99 119 113 0
 95 121 117 0
 91 118 117 0
 90 117 115 0
 96 119 116 0
50 150 100 0
50 150 100 0
50 150 100 0
50 150 100 0
50 150 100 0
50 150 100 0
50 150 100 0
50 150 100 0
50 150 100 0
50 150 100 0
50 150 100 0
50 150 100 0
50 150 100 0
50 150 100 0
50 150 100 0
50 150 100 0
50 150 100 0
50 150 100 0
50 150 100 0
50 150 100 0
50 150 100 0
 82 114 92 0
 84 125 100 0
 77 105 81 0
 83 115 91 0
 114 143 122 0
 86 124 101 0
 61 105 80 0
 58 99 70 0
 46 85 59 0
 48 89 68 0
 53 94 70 0
 46 85 64 0
 64 97 77 0
 178 161 145 1
 81 95 76 0
 69 99 79 0
 48 81 59 0
 71 99 81 0
 52 75 57 0
 72 98 79 0
 59 87 66 0
 60 92 83 0
 52 78 62 0
 72 107 89 0
 74 108 92 0
 66 92 82 0
 65 98 86 0
 61 93 84 0
 71 107 96 0
 63 89 85 0
 83 113 110 0
 84 114 112 0
 109 128 123 0
 102 122 115 0
 78 99 96 0
 85 112 108 0
 87 113 111 0
 93 119 115 0
 92 115 111 0
50 150 100 0
50 150 100 0
50 150 100 0
50 150 100 0
50 150 100 0
50 150 100 0
50 150 100 0
50 150 100 0
50 150 100 0
50 150 100 0
50 150 100 0
50 150 100 0
50 150 100 0
50 150 100 0
50 150 100 0
50 150 100 0
50 150 100 0
50 150 100 0
50 150 100 0
50 150 100 0
50 150 100 0
 85 114 93 0
 81 120 95 0
 70 98 75 0
 76 107 84 0
 99 129 108 0
 72 113 88 0
 55 97 71 0
 41 70 47 0
 51 89 66 0
 38 73 56 0
 51 93 70 0
 60 103 78 0
 55 90 70 0
 166 159 145 1
 84 103 81 0
 65 89 71 0
 49 68 58 0
 61 84 72 0
 34 58 43 0
 63 92 73 0
 50 72 55 0
 68 98 83 0
 59 91 76 0
 77 111 94 0
 67 99 82 0
 78 108 95 0
 55 84 73 0
 57 85 76 0
 63 90 84 0
 74 103 100 0
 76 107 105 0
 83 113 110 0
 135 141 132 0
 102 116 110 0
 94 118 114 0
 89 115 113 0
 91 116 113 0
 94 115 113 0
50 150 100 0
50 150 100 0
50 150 100 0
50 150 100 0
50 150 100 0
50 150 100 0
50 150 100 0
50 150 100 0
50 150 100 0
50 150 100 0
50 150 100 0
50 150 100 0
50 150 100 0
50 150 100 0
50 150 100 0
50 150 100 0
50 150 100 0
50 150 100 0
50 150 100 0
50 150 100 0
50 150 100 0
50 150 100 0
50 150 100 0
 75 108 84 0
 66 90 69 0
 86 125 101 0
 76 107 88 0
 97 137 114 0
 57 102 74 0
 48 83 59 0
 58 93 73 0
 51 88 67 0
 54 92 73 0
 57 104 78 0
 56 94 71 0
 123 123 105 0
 77 99 79 0
 61 83 67 0
 65 89 74 0
 64 79 70 0
 67 96 77 0
 54 76 59 0
 82 101 90 0
 68 101 87 0
 62 92 78 0
 63 96 78 0
 73 103 88 0
 71 99 87 0
 57 81 73 0
 66 96 88 0
 78 104 99 0
 69 99 96 0
 78 106 106 0
 109 127 120 0
 152 147 142 1
 111 133 129 0
 89 114 110 0
 121 144 140 0
 88 110 108 0
 90 110 107 0
50 150 100 0
50 150 100 0
50 150 100 0
50 150 100 0
50 150 100 0
50 150 100 0
50 150 100 0
50 150 100 0
50 150 100 0
50 150 100 0
50 150 100 0
50 150 100 0
50 150 100 0
50 150 100 0
50 150 100 0
50 150 100 0
50 150 100 0
50 150 100 0
50 150 100 0
50 150 100 0
50 150 100 0
50 150 100 0
50 150 100 0
 75 105 81 0
 56 84 63 0
 75 101 80 0
 75 108 86 0
 86 130 104 0
 71 114 88 0
 39 73 50 0
 49 77 58 0
 59 101 79 0
 44 79 61 0
 57 105 78 0
 92 116 94 0
 175 163 150 1
 79 98 78 0
 65 92 71 0
 90 123 109 0
 76 97 81 0
 70 95 78 0
 51 70 55 0
 66 87 74 0
 56 88 74 0
 86 121 105 0
 61 91 73 0
 67 100 85 0
 66 91 80 0
 66 89 80 0
 70 100 90 0
 72 98 92 0
 68 97 95 0
 79 107 107 0
 95 118 111 0
 185 176 175 1
 103 123 119 0
 97 118 113 0
 83 104 101 0
 92 111 108 0
50 150 100 0
50 150 100 0
50 150 100 0
50 150 100 0
50 150 100 0
50 150 100 0
50 150 100 0
50 150 100 0
50 150 100 0
50 150 100 0
50 150 100 0
50 150 100 0
50 150 100 0
50 150 100 0
50 150 100 0
50 150 100 0
50 150 100 0
50 150 100 0
50 150 100 0
50 150 100 0
50 150 100 0
50 150 100 0
50 150 100 0
50 150 100 0
50 150 100 0
 77 108 85 0
 75 105 82 0
 82 128 103 0
 80 119 94 0
 55 98 72 0
 64 107 83 0
 46 74 56 0
 57 94 74 0
 45 76 58 0
 61 110 84 0
 42 86 61 0
 148 138 125 1
 55 75 60 0
 64 88 74 0
 46 72 57 0
 74 95 80 0
 68 102 80 0
 77 98 83 0
 54 77 65 0
 71 107 91 0
 64 93 78 0
 70 98 81 0
 52 81 67 0
 61 85 76 0
 74 101 87 0
 66 94 86 0
 70 97 89 0
 73 99 101 0
 73 99 96 0
 109 122 114 0
 122 127 122 0
 111 131 123 0
 90 109 105 0
 103 121 118 0
 79 95 91 0
50 150 100 0
50 150 100 0
50 150 100 0
50 150 100 0
50 150 100 0
50 150 100 0
50 150 100 0
50 150 100 0
50 150 100 0
50 150 100 0
50 150 100 0
50 150 100 0
50 150 100 0
50 150 100 0
50 150 100 0
50 150 100 0
50 150 100 0
50 150 100 0
50 150 100 0
50 150 100 0
50 150 100 0
50 150 100 0
50 150 100 0
50 150 100 0
50 150 100 0
 89 124 100 0
 72 104 78 0
 69 108 86 0
 67 104 81 0
 49 86 63 0
 105 146 123 0
 48 77 59 0
 52 88 69 0
 39 65 49 0
 50 88 67 0
 127 130 116 1
 85 99 80 0
 63 84 68 0
 82 112 99 0
 52 80 66 0
 55 79 65 0
 58 86 71 0
 63 89 70 0
 69 93 77 0
 61 90 74 0
 50 73 60 0
 56 81 67 0
 63 89 77 0
 67 94 82 0
 71 99 85 0
 64 92 83 0
 65 87 83 0
 77 102 104 0
 84 107 101 0
 152 146 144 1
 110 126 119 0
 100 120 112 0
 85 100 96 0
 89 108 102 0
50 150 100 0
50 150 100 0
50 150 100 0
50 150 100 0
50 150 100 0
50 150 100 0
50 150 100 0
50 150 100 0
50 150 100 0
50 150 100 0
50 150 100 0
50 150 100 0
50 150 100 0
50 150 100 0
50 150 100 0
50 150 100 0
50 150 100 0
50 150 100 0
50 150 100 0
50 150 100 0
50 150 100 0
50 150 100 0
50 150 100 0
50 150 100 0
50 150 100 0
50 150 100 0
50 150 100 0
 52 73 51 0
 76 108 85 0
 52 85 65 0
 61 105 80 0
 43 83 59 0
 52 84 64 0
 52 91 70 0
 35 61 46 0
 51 78 61 0
 75 107 88 0
 84 103 83 0
 61 83 62 0
 65 95 79 0
 48 73 60 0
 81 105 93 0
 49 73 63 0
 64 92 75 0
 50 72 58 0
 49 75 61 0
 84 106 94 0
 60 84 70 0
 49 71 62 0
 61 89 77 0
 75 106 92 0
 65 92 83 0
 72 91 94 0
 81 110 112 0
 67 90 86 0
 126 127 125 1
 108 125 118 0
 99 120 111 0
 92 108 102 0
 94 113 105 0
50 150 100 0
50 150 100 0
50 150 100 0
50 150 100 0
50 150 100 0
50 150 100 0
50 150 100 0
50 150 100 0
50 150 100 0
50 150 100 0
50 150 100 0
50 150 100 0
50 150 100 0
50 150 100 0
50 150 100 0
50 150 100 0
50 150 100 0
50 150 100 0
50 150 100 0
50 150 100 0
50 150 100 0
50 150 100 0
50 150 100 0
50 150 100 0
50 150 100 0
50 150 100 0
50 150 100 0
 79 109 87 0
 62 84 64 0
 70 102 80 0
 59 103 81 0
 47 89 66 0
 41 71 52 0
 59 101 78 0
 44 76 57 0
 61 92 73 0
 122 124 110 1
 75 100 78 0
 47 66 47 0
 61 90 73 0
 39 63 49 0
 56 84 68 0
 45 67 57 0
 53 80 69 0
 55 78 66 0
 54 76 63 0
 71 94 82 0
 58 79 67 0
 54 78 70 0
 52 77 68 0
 59 81 72 0
 63 87 79 0
 64 82 88 0
 64 83 78 0
 95 105 102 0
 162 150 150 1
 116 125 118 0
 90 109 99 0
 94 110 102 0
 12 17 13 0
50 150 100 0
50 150 100 0
50 150 100 0
50 150 100 0
50 150 100 0
50 150 100 0
50 150 100 0
50 150 100 0
50 150 100 0
50 150 100 0
50 150 100 0
50 150 100 0
50 150 100 0
50 150 100 0
50 150 100 0
50 150 100 0
50 150 100 0
50 150 100 0
50 150 100 0
50 150 100 0
50 150 100 0
50 150 100 0
50 150 100 0
50 150 100 0
50 150 100 0
50 150 100 0
50 150 100 0
50 150 100 0
 82 111 87 0
 67 95 74 0
 60 102 79 0
 44 73 54 0
 52 81 62 0
 58 94 73 0
 54 97 72 0
 47 73 58 0
 114 119 102 1
 59 80 63 0
 71 95 76 0
 58 85 69 0
 61 94 76 0
 71 98 88 0
 59 89 78 0
 43 64 53 0
 59 77 70 0
 37 58 47 0
 61 83 72 0
 55 72 61 0
 58 76 69 0
 63 84 78 0
 69 96 85 0
 68 89 89 0
 67 87 91 0
 73 96 93 0
 78 94 91 0
 137 134 131 1
 82 98 87 0
 80 96 87 0
 80 95 86 0
50 150 100 0
50 150 100 0
50 150 100 0
50 150 100 0
50 150 100 0
50 150 100 0
50 150 100 0
50 150 100 0
50 150 100 0
50 150 100 0
50 150 100 0
50 150 100 0
50 150 100 0
50 150 100 0
50 150 100 0
50 150 100 0
50 150 100 0
50 150 100 0
50 150 100 0
50 150 100 0
50 150 100 0
50 150 100 0
50 150 100 0
50 150 100 0
50 150 100 0
50 150 100 0
50 150 100 0
50 150 100 0
50 150 100 0
 65 87 69 0
 80 108 84 0
 50 82 62 0
 61 105 81 0
 52 78 59 0
 58 90 69 0
 41 70 54 0
 67 98 79 0
 135 129 113 1
 67 82 68 0
 72 96 80 0
 52 76 62 0
 60 88 71 0
 46 70 57 0
 70 104 96 0
 51 74 64 0
 54 75 65 0
 44 59 49 0
 60 84 69 0
 71 92 80 0
 61 78 73 0
 66 87 79 0
 66 84 80 0
 61 77 79 0
 71 92 91 0
 75 92 89 0
 91 100 99 0
 146 142 141 1
 97 110 100 0
 79 92 83 0
50 150 100 0
50 150 100 0
50 150 100 0
50 150 100 0
50 150 100 0
50 150 100 0
50 150 100 0
50 150 100 0
50 150 100 0
50 150 100 0
50 150 100 0
50 150 100 0
50 150 100 0
50 150 100 0
50 150 100 0
50 150 100 0
50 150 100 0
50 150 100 0
50 150 100 0
50 150 100 0
50 150 100 0
50 150 100 0
50 150 100 0
50 150 100 0
50 150 100 0
50 150 100 0
50 150 100 0
50 150 100 0
50 150 100 0
50 150 100 0
50 150 100 0
 77 112 88 0
 66 101 77 0
 54 94 71 0
 58 92 70 0
 39 67 48 0
 60 96 75 0
 51 75 61 0
 126 119 103 1
 80 98 78 0
 62 87 72 0
 53 74 61 0
 72 96 81 0
 63 87 76 0
 40 63 53 0
 54 80 69 0
 57 79 68 0
 46 67 54 0
 65 96 79 0
 54 76 62 0
 60 76 68 0
 62 83 75 0
 67 85 82 0
 70 87 85 0
 66 86 83 0
 70 87 84 0
 109 116 114 0
 89 98 96 0
 92 110 102 0
 84 97 87 0
50 150 100 0
50 150 100 0
50 150 100 0
50 150 100 0
50 150 100 0
50 150 100 0
50 150 100 0
50 150 100 0
50 150 100 0
50 150 100 0
50 150 100 0
50 150 100 0
50 150 100 0
50 150 100 0
50 150 100 0
50 150 100 0
50 150 100 0
50 150 100 0
50 150 100 0
50 150 100 0
50 150 100 0
50 150 100 0
50 150 100 0
50 150 100 0
50 150 100 0
50 150 100 0
50 150 100 0
50 150 100 0
50 150 100 0
50 150 100 0
50 150 100 0
 53 67 53 0
 66 98 75 0
 43 68 51 0
 55 96 74 0
 48 77 61 0
 47 78 62 0
 57 92 71 0
 65 90 72 0
 61 81 66 0
 48 72 55 0
 68 94 77 0
 54 78 64 0
 45 66 55 0
 57 87 72 0
 41 62 49 0
 48 69 56 0
 83 109 104 0
 54 78 63 0
 59 84 70 0
 56 74 66 0
 51 71 62 0
 99 120 120 0
 57 72 70 0
 70 93 89 0
 84 98 100 0
 131 127 128 1
 90 100 99 0
 68 78 70 0
50 150 100 0
50 150 100 0
50 150 100 0
50 150 100 0
50 150 100 0
50 150 100 0
50 150 100 0
50 150 100 0
50 150 100 0
50 150 100 0
50 150 100 0
50 150 100 0
50 150 100 0
50 150 100 0
50 150 100 0
50 150 100 0
50 150 100 0
50 150 100 0
50 150 100 0
50 150 100 0
50 150 100 0
50 150 100 0
50 150 100 0
50 150 100 0
50 150 100 0
50 150 100 0
50 150 100 0
50 150 100 0
50 150 100 0
50 150 100 0
50 150 100 0
50 150 100 0
50 150 100 0
 57 83 64 0
 60 95 72 0
 46 81 61 0
 57 89 73 0
 48 79 64 0
 66 100 78 0
 161 143 126 1
 88 97 77 0
 60 82 65 0
 52 76 62 0
 65 95 81 0
 48 73 60 0
 49 75 63 0
 46 75 58 0
 43 59 47 0
 46 66 58 0
 56 84 69 0
 50 70 60 0
 60 86 74 0
 64 82 82 0
 54 69 66 0
 62 82 78 0
 69 87 89 0
 89 98 104 0
 135 131 133 1
 75 81 79 0
 72 80 72 0
50 150 100 0
50 150 100 0
50 150 100 0
50 150 100 0
50 150 100 0
50 150 100 0
50 150 100 0
50 150 100 0
50 150 100 0
50 150 100 0
50 150 100 0
50 150 100 0
50 150 100 0
50 150 100 0
50 150 100 0
50 150 100 0
50 150 100 0
50 150 100 0
50 150 100 0
50 150 100 0
50 150 100 0
50 150 100 0
50 150 100 0
50 150 100 0
50 150 100 0
50 150 100 0
50 150 100 0
50 150 100 0
50 150 100 0
50 150 100 0
50 150 100 0
50 150 100 0
50 150 100 0
 68 98 77 0
 55 81 62 0
 52 84 65 0
 53 88 69 0
 59 91 74 0
 76 103 82 0
 106 100 80 0
 81 100 80 0
 46 65 50 0
 61 87 71 0
 51 77 64 0
 38 60 51 0
 51 73 61 0
 41 63 48 0
 55 75 62 0
 47 70 60 0
 45 64 52 0
 57 76 66 0
 44 64 53 0
 51 71 67 0
 55 68 65 0
 61 78 76 0
 74 90 94 0
 83 95 100 0
 149 135 137 1
 89 91 88 0
 30 32 29 0
50 150 100 0
50 150 100 0
50 150 100 0
50 150 100 0
50 150 100 0
50 150 100 0
50 150 100 0
50 150 100 0
50 150 100 0
50 150 100 0
50 150 100 0
50 150 100 0
50 150 100 0
50 150 100 0
50 150 100 0
50 150 100 0
50 150 100 0
50 150 100 0
50 150 100 0
50 150 100 0
50 150 100 0
50 150 100 0
50 150 100 0
50 150 100 0
50 150 100 0
50 150 100 0
50 150 100 0
50 150 100 0
50 150 100 0
50 150 100 0
50 150 100 0
50 150 100 0
50 150 100 0
 77 110 87 0
 58 86 65 0
 48 76 58 0
 45 69 55 0
 57 90 74 0
 47 77 60 0
 147 144 127 1
 105 98 84 1
 64 87 70 0
 44 67 52 0
 43 63 53 0
 58 81 76 0
 40 59 50 0
 32 48 38 0
 43 63 53 0
 53 75 64 0
 46 66 55 0
 56 80 66 0
 43 58 52 0
 55 73 71 0
 58 71 68 0
 65 80 78 0
 75 92 95 0
 83 90 93 0
 166 141 140 1
 74 81 72 0
50 150 100 0
50 150 100 0
50 150 100 0
50 150 100 0
50 150 100 0
50 150 100 0
50 150 100 0
50 150 100 0
50 150 100 0
50 150 100 0
50 150 100 0
50 150 100 0
50 150 100 0
50 150 100 0
50 150 100 0
50 150 100 0
50 150 100 0
50 150 100 0
50 150 100 0
50 150 100 0
50 150 100 0
50 150 100 0
50 150 100 0
50 150 100 0
50 150 100 0
50 150 100 0
50 150 100 0
50 150 100 0
50 150 100 0
50 150 100 0
50 150 100 0
50 150 100 0
50 150 100 0
50 150 100 0
50 150 100 0
 59 91 68 0
 59 97 75 0
 48 66 54 0
 56 87 71 0
 57 81 65 0
 178 151 141 1
 57 80 62 0
 61 92 74 0
 53 79 65 0
 38 57 48 0
 41 56 51 0
 48 68 58 0
 50 70 59 0
 45 61 53 0
 50 66 57 0
 58 83 71 0
 46 68 55 0
 54 71 65 0
 55 75 72 0
 58 74 70 0
 58 71 72 0
 73 91 91 0
 122 106 102 0
 95 88 85 0
 0 0 0 0
50 150 100 0
50 150 100 0
50 150 100 0
50 150 100 0
50 150 100 0
50 150 100 0
50 150 100 0
50 150 100 0
50 150 100 0
50 150 100 0
50 150 100 0
50 150 100 0
50 150 100 0
50 150 100 0
50 150 100 0
50 150 100 0
50 150 100 0
50 150 100 0
50 150 100 0
50 150 100 0
50 150 100 0
50 150 100 0
50 150 100 0
50 150 100 0
50 150 100 0
50 150 100 0
50 150 100 0
50 150 100 0
50 150 100 0
50 150 100 0
50 150 100 0
50 150 100 0
50 150 100 0
50 150 100 0
50 150 100 0
 43 68 52 0
 59 87 67 0
 53 86 68 0
 39 65 51 0
 90 112 93 0
 146 129 117 1
 63 92 74 0
 34 57 44 0
 39 59 48 0
 47 69 61 0
 51 67 60 0
 41 56 50 0
 45 62 53 0
 44 57 51 0
 40 54 47 0
 48 69 59 0
 45 60 57 0
 59 76 74 0
 54 77 73 0
 55 69 68 0
 64 76 80 0
 75 80 78 0
 112 103 95 0
 77 84 73 0
50 150 100 0
50 150 100 0
50 150 100 0
50 150 100 0
50 150 100 0
50 150 100 0
50 150 100 0
50 150 100 0
50 150 100 0
50 150 100 0
50 150 100 0
50 150 100 0
50 150 100 0
50 150 100 0
50 150 100 0
50 150 100 0
50 150 100 0
50 150 100 0
50 150 100 0
50 150 100 0
50 150 100 0
50 150 100 0
50 150 100 0
50 150 100 0
50 150 100 0
50 150 100 0
50 150 100 0
50 150 100 0
50 150 100 0
50 150 100 0
50 150 100 0
50 150 100 0
50 150 100 0
50 150 100 0
50 150 100 0
50 150 100 0
50 150 100 0
 49 78 58 0
 47 79 58 0
 53 82 64 0
 53 79 64 0
 89 102 90 0
 69 78 67 0
 48 80 63 0
 53 78 67 0
 38 57 51 0
 58 80 70 0
 40 56 50 0
 44 64 51 0
 37 50 44 0
 49 63 56 0
 37 54 47 0
 46 60 57 0
 58 80 76 0
 45 66 63 0
 59 71 71 0
 70 85 87 0
 66 71 69 0
 87 80 76 0
 78 84 76 0
50 150 100 0
50 150 100 0
50 150 100 0
50 150 100 0
50 150 100 0
50 150 100 0
50 150 100 0
50 150 100 0
50 150 100 0
50 150 100 0
50 150 100 0
50 150 100 0
50 150 100 0
50 150 100 0
50 150 100 0
50 150 100 0
50 150 100 0
50 150 100 0
50 150 100 0
50 150 100 0
50 150 100 0
50 150 100 0
50 150 100 0
50 150 100 0
50 150 100 0
50 150 100 0
50 150 100 0
50 150 100 0
50 150 100 0
50 150 100 0
50 150 100 0
50 150 100 0
50 150 100 0
50 150 100 0
50 150 100 0
50 150 100 0
50 150 100 0
 26 46 35 0
 50 78 61 0
 50 77 62 0
 44 66 53 0
 66 85 75 0
 69 85 75 0
 42 59 51 0
 37 57 47 0
 52 71 63 0
 49 74 64 0
 47 64 56 0
 34 53 42 0
 43 58 50 0
 55 70 63 0
 44 57 50 0
 52 62 60 0
 50 66 64 0
 54 76 74 0
 60 75 73 0
 60 69 70 0
 69 69 67 0
 110 100 95 0
50 150 100 0
50 150 100 0
50 150 100 0
50 150 100 0
50 150 100 0
50 150 100 0
50 150 100 0
50 150 100 0
50 150 100 0
50 150 100 0
50 150 100 0
50 150 100 0
50 150 100 0
50 150 100 0
50 150 100 0
50 150 100 0
50 150 100 0
50 150 100 0
50 150 100 0
50 150 100 0
50 150 100 0
50 150 100 0
50 150 100 0
50 150 100 0
50 150 100 0
50 150 100 0
50 150 100 0
50 150 100 0
50 150 100 0
50 150 100 0
50 150 100 0
50 150 100 0
50 150 100 0
50 150 100 0
50 150 100 0
50 150 100 0
50 150 100 0
50 150 100 0
50 150 100 0
 40 62 47 0
 50 71 61 0
 84 116 99 0
 147 133 126 1
 60 70 64 0
 65 94 87 0
 45 65 56 0
 55 75 62 0
 39 59 52 0
 33 44 38 0
 39 54 48 0
 39 51 46 0
 49 63 55 0
 47 57 52 0
 53 66 62 0
 55 72 74 0
 57 79 79 0
 56 64 62 0
 66 70 70 0
 70 71 68 0
 157 139 135 0
50 150 100 0
50 150 100 0
50 150 100 0
50 150 100 0
50 150 100 0
50 150 100 0
50 150 100 0
50 150 100 0
50 150 100 0
50 150 100 0
50 150 100 0
50 150 100 0
50 150 100 0
50 150 100 0
50 150 100 0
50 150 100 0
50 150 100 0
50 150 100 0
50 150 100 0
50 150 100 0
50 150 100 0
50 150 100 0
50 150 100 0
50 150 100 0
50 150 100 0
50 150 100 0
50 150 100 0
50 150 100 0
50 150 100 0
50 150 100 0
50 150 100 0
50 150 100 0
50 150 100 0
50 150 100 0
50 150 100 0
50 150 100 0
50 150 100 0
50 150 100 0
50 150 100 0
 35 50 41 0
 44 58 52 0
 62 83 70 0
 122 114 104 1
 85 91 78 0
 80 106 102 0
 49 65 57 0
 52 70 64 0
 40 54 49 0
 40 56 48 0
 54 68 64 0
 38 51 44 0
 42 54 47 0
 57 76 66 0
 55 65 64 0
 62 77 76 0
 48 67 66 0
 55 63 60 0
 59 63 59 0
 79 81 77 0
50 150 100 0
50 150 100 0
50 150 100 0
50 150 100 0
50 150 100 0
50 150 100 0
50 150 100 0
50 150 100 0
50 150 100 0
50 150 100 0
50 150 100 0
50 150 100 0
50 150 100 0
50 150 100 0
50 150 100 0
50 150 100 0
50 150 100 0
50 150 100 0
50 150 100 0
50 150 100 0
50 150 100 0
50 150 100 0
50 150 100 0
50 150 100 0
50 150 100 0
50 150 100 0
50 150 100 0
50 150 100 0
50 150 100 0
50 150 100 0
50 150 100 0
50 150 100 0
50 150 100 0
50 150 100 0
50 150 100 0
50 150 100 0
50 150 100 0
50 150 100 0
50 150 100 0
50 150 100 0
50 150 100 0
 50 70 60 0
 58 72 59 0
 153 133 121 1
 52 64 54 0
 49 63 59 0
 39 57 51 0
 59 77 70 0
 50 72 66 0
 34 49 39 0
 40 57 53 0
 51 67 60 0
 39 53 48 0
 44 60 53 0
 51 60 59 0
 53 63 62 0
 46 57 56 0
 52 61 55 0
 62 69 65 0
 72 75 73 0
50 150 100 0
50 150 100 0
50 150 100 0
50 150 100 0
50 150 100 0
50 150 100 0
50 150 100 0
50 150 100 0
50 150 100 0
50 150 100 0
50 150 100 0
50 150 100 0
50 150 100 0
50 150 100 0
50 150 100 0
50 150 100 0
50 150 100 0
50 150 100 0
50 150 100 0
50 150 100 0
50 150 100 0
50 150 100 0
50 150 100 0
50 150 100 0
50 150 100 0
50 150 100 0
50 150 100 0
50 150 100 0
50 150 100 0
50 150 100 0
50 150 100 0
50 150 100 0
50 150 100 0
50 150 100 0
50 150 100 0
50 150 100 0
50 150 100 0
50 150 100 0
50 150 100 0
50 150 100 0
50 150 100 0
 38 52 44 0
 60 96 77 0
 109 102 87 1
 64 78 62 0
 46 53 47 0
 57 77 72 0
 52 67 63 0
 42 59 55 0
 56 72 64 0
 37 52 47 0
 46 62 57 0
 34 46 41 0
 44 60 54 0
 44 56 53 0
 55 65 64 0
 48 59 52 0
 59 70 66 0
 58 63 62 0
50 150 100 0
50 150 100 0
50 150 100 0
50 150 100 0
50 150 100 0
50 150 100 0
50 150 100 0
50 150 100 0
50 150 100 0
50 150 100 0
50 150 100 0
50 150 100 0
50 150 100 0
50 150 100 0
50 150 100 0
50 150 100 0
50 150 100 0
50 150 100 0
50 150 100 0
50 150 100 0
50 150 100 0
50 150 100 0
50 150 100 0
50 150 100 0
50 150 100 0
50 150 100 0
50 150 100 0
50 150 100 0
50 150 100 0
50 150 100 0
50 150 100 0
50 150 100 0
50 150 100 0
50 150 100 0
50 150 100 0
50 150 100 0
50 150 100 0
50 150 100 0
50 150 100 0
50 150 100 0
50 150 100 0
50 150 100 0
50 150 100 0
 52 72 58 0
 149 125 111 1
 67 80 66 0
 51 67 61 0
 34 49 43 0
 53 71 64 0
 44 54 50 0
 47 56 48 0
 41 50 47 0
 34 50 45 0
 41 58 51 0
 51 68 63 0
 46 55 51 0
 47 55 52 0
 52 62 57 0
 49 57 55 0
 66 74 70 0
50 150 100 0
50 150 100 0
50 150 100 0
50 150 100 0
50 150 100 0
50 150 100 0
50 150 100 0
50 150 100 0
50 150 100 0
50 150 100 0
50 150 100 0
50 150 100 0
50 150 100 0
50 150 100 0
50 150 100 0
50 150 100 0
50 150 100 0
50 150 100 0
50 150 100 0
50 150 100 0
50 150 100 0
50 150 100 0
50 150 100 0
50 150 100 0
50 150 100 0
50 150 100 0
50 150 100 0
50 150 100 0
50 150 100 0
50 150 100 0
50 150 100 0
50 150 100 0
50 150 100 0
50 150 100 0
50 150 100 0
50 150 100 0
50 150 100 0
50 150 100 0
50 150 100 0
50 150 100 0
50 150 100 0
50 150 100 0
50 150 100 0
 67 81 65 0
 163 142 128 0
 46 60 50 0
 45 69 58 0
 46 59 54 0
 48 64 61 0
 37 47 44 0
 36 47 40 0
 52 65 60 0
 36 46 43 0
 45 54 52 0
 36 49 46 0
 48 56 53 0
 44 50 47 0
 49 59 56 0
 52 59 55 0
50 150 100 0
50 150 100 0
50 150 100 0
50 150 100 0
50 150 100 0
50 150 100 0
50 150 100 0
50 150 100 0
50 150 100 0
50 150 100 0
50 150 100 0
50 150 100 0
50 150 100 0
50 150 100 0
50 150 100 0
50 150 100 0
50 150 100 0
50 150 100 0
50 150 100 0
50 150 100 0
50 150 100 0
50 150 100 0
50 150 100 0
50 150 100 0
50 150 100 0
50 150 100 0
50 150 100 0
50 150 100 0
50 150 100 0
50 150 100 0
50 150 100 0
50 150 100 0
50 150 100 0
50 150 100 0
50 150 100 0
50 150 100 0
50 150 100 0
50 150 100 0
50 150 100 0
50 150 100 0
50 150 100 0
50 150 100 0
50 150 100 0
50 150 100 0
50 150 100 0
 120 104 91 1
 61 75 64 0
 41 58 49 0
 45 62 54 0
 44 56 50 0
 31 40 36 0
 52 68 62 0
 36 48 43 0
 39 48 44 0
 49 58 54 0
 42 47 44 0
 45 51 47 0
 42 51 48 0
 52 59 57 0
 50 54 50 0
50 150 100 0
50 150 100 0
50 150 100 0
50 150 100 0
50 150 100 0
50 150 100 0
50 150 100 0
50 150 100 0
50 150 100 0
50 150 100 0
50 150 100 0
50 150 100 0
50 150 100 0
50 150 100 0
50 150 100 0
50 150 100 0
50 150 100 0
50 150 100 0
50 150 100 0
50 150 100 0
50 150 100 0
50 150 100 0
50 150 100 0
50 150 100 0
50 150 100 0
50 150 100 0
50 150 100 0
50 150 100 0
50 150 100 0
50 150 100 0
50 150 100 0
50 150 100 0
50 150 100 0
50 150 100 0
50 150 100 0
50 150 100 0
50 150 100 0
50 150 100 0
50 150 100 0
50 150 100 0
50 150 100 0
50 150 100 0
50 150 100 0
50 150 100 0
50 150 100 0
 45 49 40 0
 19 28 23 0
50 150 100 0
 12 20 16 0
 23 36 30 0
 14 18 17 0
50 150 100 0
 13 18 16 0
 32 35 35 0
 17 21 20 0
 15 16 14 0
 50 52 52 0
 20 23 22 0
 19 21 20 0
50 150 100 0
50 150 100 0
50 150 100 0
50 150 100 0
50 150 100 0
50 150 100 0
50 150 100 0
50 150 100 0
50 150 100 0
50 150 100 0
50 150 100 0
50 150 100 0
50 150 100 0
50 150 100 0
50 150 100 0
50 150 100 0
50 150 100 0
50 150 100 0
50 150 100 0
50 150 100 0
50 150 100 0
50 150 100 0
50 150 100 0
50 150 100 0
50 150 100 0
50 150 100 0
50 150 100 0
50 150 100 0
50 150 100 0
50 150 100 0
50 150 100 0
50 150 100 0
50 150 100 0
50 150 100 0
50 150 100 0
50 150 100 0
50 150 100 0
50 150 100 0
50 150 100 0
50 150 100 0
50 150 100 0
50 150 100 0
50 150 100 0
50 150 100 0
50 150 100 0
50 150 100 0
50 150 100 0
50 150 100 0
50 150 100 0
50 150 100 0
50 150 100 0
50 150 100 0
50 150 100 0
50 150 100 0
50 150 100 0
50 150 100 0
50 150 100 0
50 150 100 0
50 150 100 0
50 150 100 0
50 150 100 0
50 150 100 0
50 150 100 0
50 150 100 0
50 150 100 0
50 150 100 0
50 150 100 0
50 150 100 0
50 150 100 0
50 150 100 0
50 150 100 0
50 150 100 0
50 150 100 0
50 150 100 0
50 150 100 0
50 150 100 0
50 150 100 0
50 150 100 0
50 150 100 0
50 150 100 0
50 150 100 0
50 150 100 0
50 150 100 0
50 150 100 0
50 150 100 0
50 150 100 0
50 150 100 0
50 150 100 0
50 150 100 0
50 150 100 0
50 150 100 0
50 150 100 0
50 150 100 0
50 150 100 0
50 150 100 0
50 150 100 0
50 150 100 0
50 150 100 0
50 150 100 0
50 150 100 0
50 150 100 0
50 150 100 0
50 150 100 0
50 150 100 0
50 150 100 0
50 150 100 0
50 150 100 0
50 150 100 0
50 150 100 0
50 150 100 0
50 150 100 0
50 150 100 0
50 150 100 0
50 150 100 0
50 150 100 0
50 150 100 0
50 150 100 0
50 150 100 0
50 150 100 0
50 150 100 0
50 150 100 0
50 150 100 0
50 150 100 0
50 150 100 0
50 150 100 0
50 150 100 0
50 150 100 0
50 150 100 0
50 150 100 0
50 150 100 0
50 150 100 0
50 150 100 0
50 150 100 0
50 150 100 0
50 150 100 0
50 150 100 0
50 150 100 0
50 150 100 0
50 150 100 0
50 150 100 0
50 150 100 0
50 150 100 0
50 150 100 0
50 150 100 0
50 150 100 0
50 150 100 0
50 150 100 0
50 150 100 0
50 150 100 0
50 150 100 0
50 150 100 0
50 150 100 0
50 150 100 0
50 150 100 0
50 150 100 0
50 150 100 0
50 150 100 0
50 150 100 0
50 150 100 0
50 150 100 0
50 150 100 0
50 150 100 0
50 150 100 0
50 150 100 0
50 150 100 0
50 150 100 0
50 150 100 0
50 150 100 0
50 150 100 0
50 150 100 0
50 150 100 0
50 150 100 0
50 150 100 0
50 150 100 0
50 150 100 0
50 150 100 0
50 150 100 0
50 150 100 0
50 150 100 0
50 150 100 0
50 150 100 0
50 150 100 0
50 150 100 0
50 150 100 0
50 150 100 0
50 150 100 0
50 150 100 0
50 150 100 0
50 150 100 0
50 150 100 0
50 150 100 0
50 150 100 0
50 150 100 0
50 150 100 0
50 150 100 0
50 150 100 0
50 150 100 0
50 150 100 0
50 150 100 0
50 150 100 0
50 150 100 0
50 150 100 0
50 150 100 0

