 134 161 148 0
 135 165 149 0
 131 165 147 0
 130 168 147 0
 125 163 142 0
 115 151 130 0
 115 147 129 0
 118 152 133 0
 126 159 142 0
 126 156 138 0
 117 149 128 0
 108 136 114 0
 125 146 125 0
 129 147 128 0
 124 141 122 0
 130 151 130 0
 122 147 126 0
 121 143 122 0
 126 147 125 0
 120 137 115 0
 113 125 103 0
 119 131 111 0
 126 139 122 0
 120 134 120 0
 115 128 116 0
 115 132 116 0
 90 105 87 0
 108 124 111 0
 94 109 102 0
 116 128 120 0
 140 145 137 1
 141 141 131 0
 111 111 113 0
 214 193 217 0
 252 251 253 0
 241 138 227 0
 149 86 118 0
 97 98 82 0
 92 108 87 0
 94 118 101 0
 97 133 117 0
 88 123 110 0
 96 123 112 0
 93 126 112 0
 100 136 125 0
 80 116 105 0
 91 123 116 0
 82 115 105 0
 88 123 113 0
 106 135 127 0
 121 153 150 0
 96 129 118 0
 191 205 202 1
 141 156 146 0
 202 203 195 1
 127 145 134 0
 125 146 136 0
 126 147 135 0
 129 149 139 0
 131 151 139 0
 136 163 150 0
 136 165 150 0
 132 165 147 0
 129 167 147 0
 121 159 137 0
 110 146 123 0
 115 144 125 0
 116 147 129 0
 120 152 135 0
 123 156 138 0
 117 147 127 0
 112 142 119 0
 123 144 123 0
 131 150 131 0
 133 152 132 0
 127 148 126 0
 126 150 129 0
 119 139 120 0
 125 145 125 0
 118 138 117 0
 120 134 112 0
 122 135 115 0
 124 138 120 0
 119 133 118 0
 137 151 136 0
 117 134 117 0
 98 113 96 0
 107 123 111 0
 112 126 118 0
 168 165 157 1
 136 138 129 0
 111 115 107 0
 123 118 128 0
 249 242 251 0
 246 200 247 0
 238 136 228 0
 145 113 130 0
 105 114 96 0
 97 121 104 0
 94 122 108 0
 92 126 113 0
 90 118 109 0
 94 119 109 0
 96 132 118 0
 86 121 110 0
 112 145 137 0
 90 121 115 0
 97 130 120 0
 89 123 113 0
 119 150 144 0
 99 133 128 0
 99 131 120 0
 142 157 147 0
 192 195 186 1
 141 155 144 0
 122 141 129 0
 128 150 139 0
 127 150 138 0
 130 151 140 0
 132 153 140 0
 138 164 151 0
 135 164 149 0
 131 160 144 0
 131 166 147 0
 122 160 138 0
 109 147 124 0
 110 139 118 0
 117 147 128 0
 120 151 132 0
 120 156 137 0
 110 141 120 0
 116 146 125 0
 118 141 119 0
 131 151 132 0
 136 155 136 0
 128 148 128 0
 126 148 129 0
 121 141 123 0
 125 145 126 0
 124 144 123 0
 127 143 120 0
 122 137 116 0
 121 137 119 0
 122 137 121 0
 117 131 117 0
 125 140 123 0
 100 114 96 0
 108 124 112 0
 114 126 118 0
 158 156 147 1
 124 131 121 0
 97 105 98 0
 118 118 122 0
 226 200 237 0
 213 158 217 0
 202 123 186 0
 125 129 125 0
 111 129 112 0
 111 139 125 0
 93 120 108 0
 89 118 108 0
 88 114 108 0
 102 134 121 0
 95 133 119 0
 92 126 116 0
 104 138 130 0
 90 121 114 0
 98 131 120 0
 89 123 113 0
 113 144 136 0
 103 136 130 0
 115 144 133 0
 159 171 163 0
 183 186 177 1
 135 150 139 0
 123 142 131 0
 130 152 140 0
 127 148 136 0
 128 148 137 0
 129 150 138 0
 139 164 151 0
 138 164 150 0
 127 153 137 0
 133 164 146 0
 127 163 143 0
 107 145 123 0
 103 134 111 0
 112 140 121 0
 120 150 131 0
 123 159 139 0
 105 135 114 0
 124 154 131 0
 117 141 118 0
 131 155 134 0
 135 154 136 0
 129 149 130 0
 123 144 125 0
 116 137 118 0
 125 144 125 0
 130 149 129 0
 127 142 120 0
 122 139 118 0
 120 136 117 0
 119 137 120 0
 107 123 107 0
 125 140 125 0
 104 118 100 0
 99 115 100 0
 111 124 115 0
 139 142 132 1
 117 125 114 0
 95 105 99 0
 125 129 134 0
 155 140 175 0
 150 111 155 0
 130 97 123 0
 122 138 128 0
 105 129 114 0
 91 120 106 0
 104 129 122 0
 88 117 107 0
 94 120 113 0
 94 129 115 0
 97 136 122 0
 94 130 121 0
 82 113 106 0
 100 135 123 0
 81 116 105 0
 103 136 127 0
 136 170 165 0
 105 136 129 0
 143 160 153 0
 197 197 192 1
 146 156 145 0
 124 143 131 0
 123 143 131 0
 124 145 134 0
 126 146 136 0
 118 138 129 0
 127 149 138 0
 133 156 144 0
 137 162 149 0
 127 152 138 0
 134 162 145 0
 132 166 146 0
 115 153 131 0
 97 133 110 0
 115 144 125 0
 122 152 133 0
 125 159 139 0
 112 142 122 0
 125 155 132 0
 120 145 122 0
 129 154 132 0
 131 154 135 0
 127 147 128 0
 125 147 128 0
 114 135 117 0
 120 138 120 0
 129 149 130 0
 132 149 127 0
 124 141 119 0
 117 132 114 0
 114 134 117 0
 100 118 101 0
 126 142 126 0
 96 110 92 0
 97 114 101 0
 124 133 125 0
 140 141 131 1
 101 109 100 0
 104 114 108 0
 118 128 129 0
 130 129 147 0
 114 111 126 0
 118 121 125 0
 111 132 121 0
 94 120 102 0
 88 117 103 0
 128 154 149 0
 94 123 113 0
 99 127 118 0
 77 110 98 0
 84 124 112 0
 90 127 117 0
 82 114 107 0
 94 129 120 0
 88 123 113 0
 99 131 124 0
 106 139 133 0
 117 146 137 0
 167 174 170 1
 205 200 194 1
 141 152 141 0
 124 144 132 0
 118 138 128 0
 121 139 130 0
 125 143 135 0
 119 140 132 0
 124 148 137 0
 132 155 142 0
 134 158 146 0
 131 156 142 0
 136 162 146 0
 133 165 146 0
 118 156 135 0
 108 148 126 0
 101 134 113 0
 125 154 135 0
 125 156 137 0
 120 151 132 0
 127 158 136 0
 122 151 128 0
 125 148 126 0
 125 149 130 0
 123 145 126 0
 128 152 132 0
 116 137 119 0
 124 143 125 0
 106 122 104 0
 127 143 125 0
 123 138 118 0
 117 132 115 0
 101 126 107 0
 99 115 99 0
 126 141 125 0
 87 101 83 0
 102 118 105 0
 155 156 147 1
 115 118 107 0
 101 110 101 0
 94 104 99 0
 107 121 120 0
 122 129 134 0
 115 123 125 0
 126 135 133 0
 98 125 110 0
 87 111 93 0
 91 120 106 0
 91 120 111 0
 96 127 117 0
 100 133 122 0
 95 132 119 0
 83 123 112 0
 93 134 123 0
 86 120 112 0
 89 126 115 0
 89 123 115 0
 103 135 128 0
 125 158 151 0
 137 156 148 0
 187 184 180 1
 148 152 143 0
 128 145 134 0
 122 141 130 0
 121 139 131 0
 122 139 131 0
 124 143 135 0
 119 141 132 0
 126 150 138 0
 136 156 142 0
 130 153 141 0
 134 158 145 0
 133 160 144 0
 137 167 148 0
 132 166 147 0
 111 152 129 0
 111 144 123 0
 122 149 129 0
 129 155 137 0
 120 152 133 0
 119 150 129 0
 122 151 128 0
 123 147 125 0
 121 145 126 0
 121 144 125 0
 129 152 132 0
 117 141 122 0
 122 141 124 0
 120 138 120 0
 128 145 127 0
 119 135 118 0
 112 130 113 0
 99 122 104 0
 100 118 100 0
 114 129 112 0
 90 106 89 0
 107 121 110 0
 167 164 157 1
 120 120 111 0
 106 117 107 0
 103 113 108 0
 105 118 117 0
 115 123 125 0
 112 121 121 0
 125 140 133 0
 88 116 100 0
 82 108 91 0
 117 146 136 0
 90 123 113 0
 98 132 120 0
 106 141 129 0
 93 132 121 0
 89 131 120 0
 93 132 122 0
 88 122 114 0
 85 122 112 0
 92 126 116 0
 109 142 134 0
 109 141 131 0
 150 161 156 0
 175 172 167 1
 116 127 118 0
 121 138 128 0
 126 143 133 0
 126 144 135 0
 123 140 133 0
 121 141 133 0
 123 147 136 0
 129 152 139 0
 126 142 129 0
 136 158 145 0
 135 159 145 0
 131 159 143 0
 130 162 143 0
 126 159 140 0
 111 152 131 0
 105 142 121 0
 119 146 127 0
 127 152 135 0
 125 155 136 0
 117 148 127 0
 123 151 129 0
 121 145 125 0
 124 148 128 0
 121 144 126 0
 126 148 129 0
 120 144 124 0
 123 143 125 0
 114 132 114 0
 125 143 124 0
 120 135 118 0
 106 123 109 0
 99 121 104 0
 103 124 105 0
 119 134 117 0
 102 121 103 0
 111 123 112 0
 180 170 162 1
 113 114 106 0
 112 123 114 0
 106 116 112 0
 112 124 122 0
 98 108 111 0
 130 141 138 0
 111 133 123 0
 80 107 91 0
 83 109 96 0
 109 140 131 0
 90 125 115 0
 100 136 124 0
 104 140 128 0
 92 133 122 0
 108 145 136 0
 87 125 116 0
 85 120 111 0
 88 123 113 0
 98 133 123 0
 114 146 138 0
 126 150 138 0
 174 171 167 1
 142 147 138 0
 121 134 124 0
 123 140 129 0
 128 145 136 0
 126 142 134 0
 117 134 128 0
 118 140 132 0
 125 148 137 0
 132 153 141 0
50 150 100 0
 134 153 139 0
 131 152 140 0
 136 161 147 0
 132 162 145 0
 121 154 134 0
 107 147 127 0
 104 141 121 0
 117 145 126 0
 129 156 139 0
 120 148 130 0
 118 149 129 0
 121 149 127 0
 121 147 127 0
 120 146 126 0
 123 146 128 0
 122 144 126 0
 123 147 128 0
 122 143 124 0
 114 133 116 0
 124 140 122 0
 120 135 117 0
 99 119 103 0
 97 119 103 0
 102 125 106 0
 111 127 110 0
 104 123 105 0
 142 149 138 0
 151 145 136 0
 107 110 103 0
 106 116 109 0
 112 123 120 0
 87 99 96 0
 101 112 113 0
 120 133 131 0
 101 125 115 0
 85 111 98 0
 81 105 90 0
 103 138 129 0
 97 135 123 0
 96 132 120 0
 94 131 119 0
 97 135 126 0
 79 116 107 0
 94 130 123 0
 84 118 109 0
 95 130 121 0
 97 133 122 0
 119 147 136 0
 175 177 170 1
 164 163 156 0
 136 144 134 0
 126 142 131 0
 121 141 130 0
 127 144 135 0
 125 142 134 0
 121 140 135 0
 120 143 136 0
 131 152 141 0
 134 155 143 0
50 150 100 0
 124 141 128 0
 125 142 131 0
 135 157 145 0
 131 158 143 0
 121 154 135 0
 111 148 129 0
 106 142 124 0
 119 147 131 0
 130 156 142 0
 122 148 131 0
 116 148 128 0
 119 148 127 0
 117 146 125 0
 114 144 124 0
 123 147 129 0
 124 145 127 0
 129 154 135 0
 119 140 122 0
 113 130 115 0
 119 135 117 0
 114 129 111 0
 94 118 102 0
 87 110 95 0
 104 127 109 0
 104 126 108 0
 113 131 115 0
 215 191 185 1
 151 145 136 0
 105 110 104 0
 124 135 127 0
 106 116 112 0
 87 96 95 0
 115 126 127 0
 126 140 138 0
 99 121 112 0
 102 128 121 0
 83 108 97 0
 101 135 128 0
 94 133 122 0
 87 123 112 0
 89 126 117 0
 91 128 120 0
 85 121 114 0
 84 118 111 0
 97 132 122 0
 88 123 113 0
 96 131 119 0
 129 151 141 0
 172 171 164 1
 150 154 144 0
 133 145 134 0
 120 137 128 0
 126 144 134 0
 126 142 134 0
 125 142 137 0
 125 146 141 0
 126 149 139 0
 133 154 142 0
 128 150 140 0
50 150 100 0
50 150 100 0
 122 139 127 0
 132 150 138 0
 135 161 147 0
 119 150 133 0
 116 151 132 0
 109 147 129 0
 122 153 137 0
 127 153 139 0
 113 138 123 0
 120 149 131 0
 115 146 128 0
 114 144 124 0
 117 150 129 0
 121 147 128 0
 123 145 125 0
 129 153 134 0
 119 139 121 0
 112 130 115 0
 110 125 108 0
 126 141 123 0
 94 121 105 0
 87 111 96 0
 105 128 112 0
 104 129 111 0
 143 148 135 0
 191 172 163 1
 136 139 127 0
 112 124 116 0
 116 130 122 0
 101 109 104 0
 104 112 111 0
 124 138 138 0
 103 124 118 0
 66 90 79 0
 82 103 93 0
 97 124 115 0
 79 113 107 0
 87 128 118 0
 81 118 107 0
 84 123 114 0
 95 131 124 0
 87 123 117 0
 94 132 123 0
 91 127 115 0
 92 127 116 0
 142 166 154 0
 181 180 170 1
 150 154 147 0
 136 146 136 0
 131 145 136 0
 118 136 127 0
 126 144 135 0
 129 146 138 0
 125 145 140 0
 122 145 138 0
 127 148 137 0
 130 152 141 0
50 150 100 0
50 150 100 0
50 150 100 0
 113 129 118 0
 125 142 131 0
 136 158 145 0
 128 158 142 0
 117 153 133 0
 107 144 126 0
 121 156 139 0
 126 154 138 0
 120 147 132 0
 120 146 130 0
 109 139 123 0
 116 147 128 0
 119 156 135 0
 122 153 132 0
 117 139 120 0
 128 151 131 0
 123 141 124 0
 119 138 123 0
 120 138 121 0
 122 138 119 0
 92 121 102 0
 96 122 106 0
 105 127 113 0
 97 123 106 0
 124 140 124 0
 149 144 134 1
 121 128 117 0
 107 120 112 0
 99 115 105 0
 101 109 105 0
 124 131 130 0
 117 132 131 0
 106 127 121 0
 100 127 122 0
 80 99 92 0
 99 128 123 0
 79 115 108 0
 85 125 114 0
 82 119 108 0
 84 122 114 0
 102 138 132 0
 87 125 119 0
 95 134 122 0
 93 131 117 0
 94 126 114 0
 154 170 158 0
 180 177 166 1
 139 149 138 0
 138 150 140 0
 131 147 138 0
 124 143 134 0
 126 144 135 0
 127 145 138 0
 123 145 138 0
 118 140 130 0
 127 146 136 0
 124 145 136 0
50 150 100 0
50 150 100 0
50 150 100 0
 15 19 15 0
 114 131 120 0
 136 160 147 0
 134 160 146 0
 120 156 137 0
 106 141 122 0
 123 158 141 0
 123 154 137 0
 121 150 134 0
 116 143 126 0
 114 144 127 0
 119 150 131 0
 124 161 139 0
 118 152 131 0
 116 139 119 0
 126 147 128 0
 121 140 123 0
 122 139 124 0
 122 144 128 0
 113 134 115 0
 89 117 97 0
 95 121 105 0
 103 124 112 0
 116 137 120 0
 163 162 150 1
 130 135 124 0
 109 117 108 0
 98 114 106 0
 98 108 100 0
 109 115 114 0
 128 138 138 0
 112 128 126 0
 100 122 116 0
 107 133 125 0
 94 115 105 0
 92 119 113 0
 80 111 105 0
 77 115 106 0
 87 123 112 0
 100 138 130 0
 88 125 118 0
 86 126 116 0
 91 132 116 0
 95 134 119 0
 115 138 127 0
 166 172 161 1
 142 152 140 0
 134 146 135 0
 134 147 137 0
 129 150 139 0
 128 148 139 0
 124 143 134 0
 125 146 137 0
 119 142 132 0
 120 140 130 0
 123 144 135 0
50 150 100 0
50 150 100 0
50 150 100 0
50 150 100 0
50 150 100 0
 120 136 125 0
 132 162 148 0
 119 145 131 0
 122 152 135 0
 111 145 126 0
 122 155 138 0
 125 157 140 0
 123 151 136 0
 106 132 117 0
 120 150 132 0
 126 158 138 0
 128 162 140 0
 118 152 131 0
 118 143 122 0
 126 144 125 0
 127 151 132 0
 120 139 123 0
 116 137 123 0
 98 125 106 0
 87 117 97 0
 75 99 84 0
 103 124 113 0
 117 134 122 0
 166 162 149 1
 122 131 122 0
 88 97 94 0
 102 120 111 0
 100 115 105 0
 107 113 110 0
 124 136 135 0
 110 125 121 0
 95 119 110 0
 90 123 110 0
 95 119 107 0
 93 119 112 0
 69 97 92 0
 71 106 100 0
 89 127 116 0
 90 129 121 0
 79 116 106 0
 77 119 106 0
 88 129 113 0
 104 136 122 0
 173 183 173 0
 159 165 154 1
 132 147 135 0
 130 144 132 0
 121 137 126 0
 131 154 142 0
 124 146 136 0
 124 143 135 0
 123 143 135 0
 122 143 132 0
 125 146 135 0
 122 144 134 0
50 150 100 0
50 150 100 0
50 150 100 0
50 150 100 0
50 150 100 0
 134 151 139 0
 135 159 145 0
 107 138 122 0
 124 150 133 0
 124 150 131 0
 122 154 137 0
 119 152 136 0
 119 148 132 0
 122 149 135 0
 120 147 132 0
 125 161 140 0
 126 159 138 0
 116 146 126 0
 119 146 126 0
 121 143 124 0
 129 154 135 0
 121 141 126 0
 114 136 121 0
 97 126 107 0
 86 118 97 0
 76 102 85 0
 102 123 112 0
 103 116 107 0
 160 156 145 1
 141 145 148 0
 81 87 87 0
 104 120 113 0
 87 103 93 0
 111 118 112 0
 120 130 127 0
 106 123 116 0
 98 129 119 0
 84 116 102 0
 91 117 106 0
 98 120 115 0
 68 102 97 0
 74 109 102 0
 80 119 108 0
 82 120 111 0
 66 99 87 0
 74 117 102 0
 87 126 110 0
 152 163 155 0
 171 176 166 1
 135 148 135 0
 123 142 129 0
 121 136 124 0
 126 148 136 0
 124 147 135 0
 123 142 133 0
 125 143 135 0
 126 145 135 0
 124 146 134 0
 122 143 133 0
 0 0 0 0
50 150 100 0
50 150 100 0
50 150 100 0
50 150 100 0
50 150 100 0
50 150 100 0
 123 141 129 0
 108 136 122 0
 123 150 133 0
 130 156 136 0
 117 138 120 0
 121 150 135 0
 108 136 122 0
 123 150 137 0
 120 147 133 0
 123 161 140 0
 123 155 135 0
 103 127 108 0
 121 148 129 0
 126 149 130 0
 124 146 128 0
 115 136 121 0
 111 135 119 0
 95 126 107 0
 82 115 96 0
 78 105 87 0
 105 127 116 0
 127 129 121 0
 122 126 115 0
 118 126 117 0
 154 156 161 0
 99 114 109 0
 116 125 118 0
 119 126 121 0
 116 126 124 0
 111 129 121 0
 93 125 116 0
 85 116 102 0
 96 121 109 0
 83 106 98 0
 99 134 128 0
 81 119 110 0
 66 106 92 0
 73 110 101 0
 73 109 95 0
 83 122 105 0
 112 138 128 0
 162 171 166 1
 156 165 154 1
 126 139 128 0
 120 139 126 0
 112 128 117 0
 125 147 135 0
 119 141 129 0
 128 147 138 0
 123 140 130 0
 130 148 136 0
 122 143 131 0
 120 139 129 0
50 150 100 0
50 150 100 0
50 150 100 0
50 150 100 0
50 150 100 0
50 150 100 0
50 150 100 0
 56 65 58 0
 113 135 120 0
 124 152 136 0
 128 156 137 0
 131 153 135 0
 121 146 131 0
 123 152 137 0
 121 148 135 0
 113 140 127 0
 124 159 142 0
 120 157 135 0
 116 146 126 0
 116 139 121 0
 127 152 133 0
 120 140 122 0
 110 130 115 0
 111 133 119 0
 98 129 111 0
 78 112 93 0
 96 125 107 0
 108 122 114 0
 159 155 146 1
 115 119 109 0
 100 112 104 0
 113 118 121 0
 84 96 89 0
 124 132 126 0
 120 128 123 0
 116 127 123 0
 98 121 112 0
 83 117 108 0
 95 124 109 0
 88 111 102 0
 94 121 112 0
 81 120 111 0
 78 116 105 0
 79 119 107 0
 46 78 71 0
 74 111 96 0
 84 123 108 0
 145 160 153 1
 159 167 160 1
 134 145 134 0
 115 133 122 0
 124 142 129 0
 123 145 133 0
 117 139 126 0
 121 142 131 0
 128 147 138 0
 124 142 130 0
 128 149 136 0
 123 143 132 0
 48 57 51 0
50 150 100 0
50 150 100 0
50 150 100 0
50 150 100 0
50 150 100 0
50 150 100 0
50 150 100 0
50 150 100 0
 114 137 122 0
 128 160 143 0
 131 160 142 0
 123 145 127 0
 113 128 114 0
 123 152 139 0
 121 149 135 0
 117 146 132 0
 125 156 140 0
 116 153 132 0
 116 146 128 0
 120 140 123 0
 125 149 131 0
 112 131 112 0
 113 132 118 0
 91 114 102 0
 99 129 112 0
 67 99 83 0
 77 106 89 0
 106 123 112 0
 158 154 147 1
 130 133 123 0
 110 122 114 0
 112 129 125 0
 92 105 97 0
 116 124 119 0
 117 124 119 0
 106 116 112 0
 88 113 103 0
 103 132 126 0
 96 125 113 0
 95 120 112 0
 100 129 119 0
 79 117 106 0
 73 110 99 0
 84 127 114 0
 64 99 87 0
 81 121 108 0
 103 135 121 0
 155 163 156 1
 142 155 148 0
 129 143 132 0
 128 147 134 0
 123 143 130 0
 121 146 133 0
 114 134 122 0
 122 141 132 0
 125 145 135 0
 121 138 126 0
 125 146 133 0
 125 144 133 0
50 150 100 0
50 150 100 0
50 150 100 0
50 150 100 0
50 150 100 0
50 150 100 0
50 150 100 0
50 150 100 0
50 150 100 0
 73 87 78 0
 116 146 130 0
 131 161 143 0
 109 130 113 0
 112 127 114 0
 127 153 142 0
 124 155 141 0
 119 150 134 0
 115 145 128 0
 111 144 127 0
 109 137 122 0
 123 145 128 0
 121 143 127 0
 111 131 114 0
 116 136 122 0
 108 130 117 0
 97 126 111 0
 90 124 107 0
 100 129 116 0
 106 117 107 0
 154 151 146 1
 122 131 120 0
 110 124 116 0
 110 122 120 0
 80 93 86 0
 116 127 119 0
 111 118 114 0
 108 123 117 0
 82 105 97 0
 95 123 116 0
 115 137 129 0
 89 118 107 0
 78 105 96 0
 71 108 98 0
 91 129 118 0
 86 129 114 0
 75 114 99 0
 87 125 112 0
 140 156 145 0
 170 171 166 1
 128 140 134 0
 126 142 130 0
 122 141 129 0
 124 145 135 0
 131 154 143 0
 116 134 123 0
 126 146 138 0
 126 146 134 0
 126 145 132 0
 128 147 137 0
 0 0 0 0
50 150 100 0
50 150 100 0
50 150 100 0
50 150 100 0
50 150 100 0
50 150 100 0
50 150 100 0
50 150 100 0
50 150 100 0
50 150 100 0
 132 161 145 0
 126 157 140 0
 130 159 140 0
 124 146 130 0
 115 134 121 0
 131 163 151 0
 121 152 136 0
 111 140 121 0
 113 143 127 0
 105 131 118 0
 122 146 131 0
 117 137 123 0
 109 128 114 0
 114 136 119 0
 105 127 114 0
 104 131 115 0
 84 116 101 0
 104 132 119 0
 107 118 110 0
 127 131 126 1
 96 114 107 0
 107 123 116 0
 93 108 101 0
 75 83 77 0
 117 127 120 0
 106 116 111 0
 66 86 80 0
 140 158 157 0
 100 121 118 0
 97 121 115 0
 91 121 111 0
 77 104 94 0
 81 119 109 0
 83 121 110 0
 82 123 108 0
 56 88 76 0
 102 135 124 0
 159 169 160 1
 148 157 153 0
 127 139 132 0
 116 131 121 0
 124 148 135 0
 126 150 141 0
 116 136 124 0
 121 139 129 0
 124 144 136 0
 117 137 125 0
 127 148 135 0
 126 145 135 0
50 150 100 0
50 150 100 0
50 150 100 0
50 150 100 0
50 150 100 0
50 150 100 0
50 150 100 0
50 150 100 0
50 150 100 0
50 150 100 0
50 150 100 0
 104 126 113 0
 129 155 139 0
 129 165 146 0
 125 157 140 0
 121 143 130 0
 127 152 143 0
 119 148 134 0
 110 138 120 0
 125 154 136 0
 105 132 118 0
 118 142 130 0
 106 125 113 0
 121 140 127 0
 111 134 118 0
 100 124 111 0
 102 127 114 0
 90 123 110 0
 94 120 111 0
 137 140 132 1
 126 136 128 1
 102 116 110 0
 100 117 110 0
 84 98 87 0
 95 108 99 0
 120 130 123 0
 87 96 93 0
 89 111 105 0
 117 135 137 0
 88 118 108 0
 81 105 99 0
 109 134 126 0
 72 99 89 0
 80 119 108 0
 73 113 101 0
 77 114 101 0
 76 104 93 0
 135 150 141 0
 157 167 160 1
 143 156 152 0
 115 129 121 0
 121 142 130 0
 113 135 124 0
 128 151 142 0
 118 136 125 0
 125 144 136 0
 118 139 128 0
 128 150 137 0
 113 133 121 0
 123 142 132 0
50 150 100 0
50 150 100 0
50 150 100 0
50 150 100 0
50 150 100 0
50 150 100 0
50 150 100 0
50 150 100 0
50 150 100 0
50 150 100 0
50 150 100 0
50 150 100 0
 123 146 131 0
 130 162 145 0
 126 162 143 0
 122 147 133 0
 124 147 137 0
 111 134 124 0
 114 140 125 0
 112 138 120 0
 108 135 121 0
 113 137 124 0
 112 130 117 0
 122 143 129 0
 106 130 115 0
 99 122 110 0
 81 104 92 0
 90 125 113 0
 98 118 112 0
 185 176 172 1
 107 120 114 0
 91 110 106 0
 106 121 112 0
 85 96 86 0
 112 124 114 0
 112 123 116 0
 95 111 107 0
 93 118 112 0
 111 129 135 0
 86 117 109 0
 81 110 99 0
 79 104 94 0
 84 118 108 0
 76 118 104 0
 48 85 74 0
 74 101 90 0
 112 141 131 0
 132 145 137 1
 141 155 148 0
 120 134 127 0
 135 150 143 0
 116 137 124 0
 118 140 129 0
 113 134 122 0
 124 142 132 0
 123 143 136 0
 119 140 128 0
 125 145 133 0
 113 131 120 0
50 150 100 0
50 150 100 0
50 150 100 0
50 150 100 0
50 150 100 0
50 150 100 0
50 150 100 0
50 150 100 0
50 150 100 0
50 150 100 0
50 150 100 0
50 150 100 0
50 150 100 0
 85 103 91 0
 130 156 140 0
 118 154 134 0
 116 146 129 0
 111 133 121 0
 114 141 129 0
 112 132 120 0
 111 128 114 0
 112 141 126 0
 104 128 117 0
 120 141 128 0
 110 131 118 0
 101 132 116 0
 89 116 103 0
 85 108 98 0
 96 126 116 0
 114 131 126 0
 136 140 134 1
 97 112 107 0
 87 110 104 0
 113 127 118 0
 86 93 85 0
 122 135 125 0
 110 124 118 0
 83 107 100 0
 99 125 119 0
 87 106 109 0
 92 120 114 0
 107 128 125 0
 83 107 97 0
 80 109 98 0
 62 100 88 0
 79 119 106 0
 77 105 95 0
 99 129 116 0
 143 147 141 1
 105 117 111 0
 133 151 142 0
 132 151 142 0
 115 135 123 0
 111 132 120 0
 119 137 125 0
 126 144 134 0
 118 139 129 0
 121 140 128 0
 117 134 123 0
 0 0 0 0
50 150 100 0
50 150 100 0
50 150 100 0
50 150 100 0
50 150 100 0
50 150 100 0
50 150 100 0
50 150 100 0
50 150 100 0
50 150 100 0
50 150 100 0
50 150 100 0
50 150 100 0
50 150 100 0
 124 149 134 0
 119 151 134 0
 112 144 127 0
 112 134 122 0
 125 152 140 0
 106 126 114 0
 98 112 102 0
 106 130 118 0
 111 138 125 0
 112 133 121 0
 110 133 119 0
 79 110 94 0
 95 121 109 0
 61 79 73 0
 99 127 117 0
 165 171 166 1
 121 135 126 0
 91 106 101 0
 82 105 99 0
 103 120 110 0
 101 106 98 0
 120 133 123 0
 111 126 121 0
 84 110 101 0
 107 133 128 0
 89 111 112 0
 78 105 99 0
 83 109 100 0
 73 94 85 0
 65 98 87 0
 79 124 108 0
 81 120 107 0
 91 119 106 0
 129 148 138 0
 145 152 148 1
 124 141 132 0
 129 148 140 0
 111 129 117 0
 106 126 114 0
 112 130 118 0
 118 137 124 0
 124 146 134 0
 121 141 130 0
 113 129 119 0
 116 133 125 0
50 150 100 0
50 150 100 0
50 150 100 0
50 150 100 0
50 150 100 0
50 150 100 0
50 150 100 0
50 150 100 0
50 150 100 0
50 150 100 0
50 150 100 0
50 150 100 0
50 150 100 0
50 150 100 0
50 150 100 0
 120 145 131 0
 121 147 131 0
 122 153 137 0
 116 141 128 0
 128 152 142 0
 106 128 117 0
 109 126 115 0
 105 123 114 0
 114 141 128 0
 101 123 112 0
 105 126 113 0
 95 129 114 0
 96 124 111 0
 82 103 94 0
 112 133 124 0
 172 170 162 1
 76 93 86 0
 94 114 109 0
 92 114 109 0
 107 124 116 0
 113 122 114 0
 119 134 125 0
 98 116 110 0
 77 101 93 0
 86 114 108 0
 99 118 119 0
 58 85 75 0
 78 102 93 0
 89 104 93 0
 70 99 88 0
 83 129 119 0
 76 118 103 0
 85 115 100 0
 146 159 148 1
 130 141 135 0
 118 135 127 0
 118 137 128 0
 129 149 137 0
 122 142 129 0
 111 128 115 0
 118 137 125 0
 124 148 136 0
 137 158 149 0
 113 130 121 0
 124 143 133 0
50 150 100 0
50 150 100 0
50 150 100 0
50 150 100 0
50 150 100 0
50 150 100 0
50 150 100 0
50 150 100 0
50 150 100 0
50 150 100 0
50 150 100 0
50 150 100 0
50 150 100 0
50 150 100 0
50 150 100 0
 21 26 22 0
 132 156 141 0
 131 160 145 0
 123 149 137 0
 120 144 134 0
 98 117 107 0
 115 134 123 0
 104 121 112 0
 117 142 130 0
 111 134 122 0
 99 126 113 0
 80 115 101 0
 66 93 79 0
 72 91 84 0
 115 133 129 0
 160 166 161 1
 92 112 102 0
 99 122 117 0
 104 125 119 0
 120 138 130 0
 102 111 103 0
 113 132 123 0
 88 110 104 0
 57 77 69 0
 82 112 103 0
 69 92 90 0
 69 94 84 0
 68 77 71 0
 64 78 69 0
 65 89 80 0
 74 121 109 0
 73 105 88 0
 106 135 120 0
 142 156 144 1
 120 133 124 0
 117 135 126 0
 127 149 138 0
 114 132 119 0
 111 127 115 0
 118 136 124 0
 119 143 132 0
 126 150 139 0
 121 137 127 0
 121 143 131 0
 14 18 15 0
50 150 100 0
50 150 100 0
50 150 100 0
50 150 100 0
50 150 100 0
50 150 100 0
50 150 100 0
50 150 100 0
50 150 100 0
50 150 100 0
50 150 100 0
50 150 100 0
50 150 100 0
50 150 100 0
50 150 100 0
50 150 100 0
 128 152 137 0
 123 151 136 0
 113 139 127 0
 119 145 134 0
 119 142 132 0
 122 145 133 0
 114 134 122 0
 111 132 120 0
 101 121 112 0
 111 137 125 0
 82 113 102 0
 93 115 105 0
 78 102 93 0
 100 119 117 1
 133 142 130 0
 77 97 87 0
 107 131 128 0
 100 121 116 0
 104 118 110 0
 107 123 114 0
 111 126 117 0
 95 119 111 0
 80 105 96 0
 80 110 101 0
 77 101 100 0
 51 59 52 0
 71 77 73 0
 85 103 93 0
 78 110 102 0
 46 87 79 0
 74 111 95 0
 115 141 127 0
 134 143 134 1
 110 123 112 0
 113 134 123 0
 101 122 109 0
 111 128 114 0
 109 124 111 0
 118 139 127 0
 112 137 126 0
 123 142 133 0
 125 145 133 0
 114 135 123 0
50 150 100 0
50 150 100 0
50 150 100 0
50 150 100 0
50 150 100 0
50 150 100 0
50 150 100 0
50 150 100 0
50 150 100 0
50 150 100 0
50 150 100 0
50 150 100 0
50 150 100 0
50 150 100 0
50 150 100 0
50 150 100 0
50 150 100 0
 26 31 26 0
 118 141 127 0
 109 134 121 0
 121 149 136 0
 119 145 132 0
 115 140 127 0
 114 136 125 0
 106 124 113 0
 106 124 114 0
 92 125 115 0
 66 92 82 0
 100 126 118 0
 86 110 102 0
 171 177 178 1
 112 126 113 0
 69 89 77 0
 86 114 107 0
 105 130 124 0
 110 126 116 0
 94 116 106 0
 101 117 108 0
 80 106 99 0
 74 99 89 0
 83 115 104 0
 78 105 100 0
 65 85 75 0
 98 109 103 0
 99 123 117 0
 82 117 108 0
 62 101 91 0
 83 125 109 0
 119 137 125 0
 142 150 143 1
 114 129 119 0
 109 130 118 0
 128 147 138 0
 108 122 110 0
 111 128 116 0
 107 133 123 0
 117 140 131 0
 115 134 123 0
 116 137 125 0
50 150 100 0
50 150 100 0
50 150 100 0
50 150 100 0
50 150 100 0
50 150 100 0
50 150 100 0
50 150 100 0
50 150 100 0
50 150 100 0
50 150 100 0
50 150 100 0
50 150 100 0
50 150 100 0
50 150 100 0
50 150 100 0
50 150 100 0
50 150 100 0
50 150 100 0
 108 125 114 0
 119 143 131 0
 116 142 130 0
 115 139 125 0
 115 138 125 0
 115 135 124 0
 100 118 106 0
 111 128 117 0
 106 125 118 0
 66 96 85 0
 89 118 110 0
 98 119 113 0
 138 154 149 1
 88 107 96 0
 97 127 116 0
 91 125 115 0
 96 119 111 0
 113 129 117 0
 105 124 114 0
 85 108 98 0
 86 114 109 0
 80 112 100 0
 73 102 93 0
 87 117 110 0
 74 86 77 0
 98 117 112 0
 89 125 118 0
 73 107 96 0
 81 125 113 0
 81 116 102 0
 143 146 140 1
 115 126 117 0
 113 130 121 0
 122 142 132 0
 105 119 108 0
 112 127 116 0
 106 124 115 0
 102 127 121 0
 120 141 133 0
 116 134 123 0
 115 136 125 0
50 150 100 0
50 150 100 0
50 150 100 0
50 150 100 0
50 150 100 0
50 150 100 0
50 150 100 0
50 150 100 0
50 150 100 0
50 150 100 0
50 150 100 0
50 150 100 0
50 150 100 0
50 150 100 0
50 150 100 0
50 150 100 0
50 150 100 0
50 150 100 0
50 150 100 0
 102 111 101 0
 131 156 143 0
 125 151 138 0
 116 136 122 0
 92 112 100 0
 111 130 121 0
 118 140 128 0
 100 116 107 0
 114 130 122 0
 85 117 108 0
 66 89 85 0
 98 120 117 0
 123 140 134 1
 78 98 88 0
 96 126 115 0
 74 105 96 0
 107 130 124 0
 117 138 126 0
 105 126 115 0
 95 123 112 0
 94 118 111 0
 69 100 88 0
 75 107 96 0
 79 112 103 0
 84 103 90 0
 90 116 105 0
 80 117 108 0
 72 105 93 0
 82 124 112 0
 69 94 83 0
 155 155 151 1
 106 116 110 0
 115 132 125 0
 118 135 128 0
 109 122 113 0
 108 120 112 0
 110 128 124 0
 114 137 131 0
 115 134 125 0
 117 137 128 0
50 150 100 0
50 150 100 0
50 150 100 0
50 150 100 0
50 150 100 0
50 150 100 0
50 150 100 0
50 150 100 0
50 150 100 0
50 150 100 0
50 150 100 0
50 150 100 0
50 150 100 0
50 150 100 0
50 150 100 0
50 150 100 0
50 150 100 0
50 150 100 0
50 150 100 0
50 150 100 0
50 150 100 0
 126 139 128 0
 131 157 144 0
 121 142 128 0
 122 136 123 0
 116 138 129 0
 102 125 116 0
 106 125 117 0
 99 113 106 0
 93 127 118 0
 63 84 79 0
 82 106 102 0
 114 133 127 1
 69 91 83 0
 85 116 105 0
 73 106 99 0
 110 134 132 0
 85 107 97 0
 105 129 117 0
 73 105 93 0
 85 105 95 0
 87 129 113 0
 69 103 90 0
 75 109 98 0
 79 106 92 0
 65 98 89 0
 87 129 115 0
 77 114 99 0
 83 121 108 0
 196 184 182 1
 140 142 137 1
 121 137 131 0
 103 120 113 0
 124 139 138 0
 106 117 109 0
 114 129 121 0
 115 136 132 0
 116 137 129 0
 112 129 121 0
 97 115 108 0
50 150 100 0
50 150 100 0
50 150 100 0
50 150 100 0
50 150 100 0
50 150 100 0
50 150 100 0
50 150 100 0
50 150 100 0
50 150 100 0
50 150 100 0
50 150 100 0
50 150 100 0
50 150 100 0
50 150 100 0
50 150 100 0
50 150 100 0
50 150 100 0
50 150 100 0
50 150 100 0
50 150 100 0
 121 135 124 0
 136 160 148 0
 112 134 121 0
 104 114 104 0
 126 147 139 0
 101 127 118 0
 100 119 112 0
 94 113 105 0
 88 119 111 0
 75 97 93 0
 111 131 127 0
 129 141 132 1
 96 122 116 0
 80 118 107 0
 90 133 124 0
 101 131 127 0
 99 121 109 0
 88 113 99 0
 79 111 101 0
 98 122 113 0
 68 105 92 0
 66 93 81 0
 65 88 78 0
 76 108 93 0
 62 91 84 0
 82 127 117 0
 71 106 89 0
 91 126 110 0
 147 146 137 1
 98 111 104 0
 108 129 122 0
 110 126 121 0
 121 135 131 0
 115 127 119 0
 116 136 130 0
 109 128 124 0
 105 123 114 0
 102 119 113 0
50 150 100 0
50 150 100 0
50 150 100 0
50 150 100 0
50 150 100 0
50 150 100 0
50 150 100 0
50 150 100 0
50 150 100 0
50 150 100 0
50 150 100 0
50 150 100 0
50 150 100 0
50 150 100 0
50 150 100 0
50 150 100 0
50 150 100 0
50 150 100 0
50 150 100 0
50 150 100 0
50 150 100 0
50 150 100 0
50 150 100 0
 124 141 131 0
 111 131 121 0
 118 134 123 0
 149 173 164 0
 104 131 123 0
 98 119 113 0
 105 129 122 0
 73 104 94 0
 75 95 92 0
 104 126 121 0
 107 116 108 1
 87 117 110 0
 87 131 120 0
 73 117 106 0
 93 124 116 0
 86 111 98 0
 85 108 95 0
 79 114 101 0
 87 116 106 0
 76 111 98 0
 55 85 73 0
 77 109 95 0
 59 89 76 0
 69 97 89 0
 77 123 110 0
 62 93 77 0
 103 131 116 0
 143 138 129 1
 107 120 112 0
 104 127 120 0
 129 147 145 0
 93 106 99 0
 115 131 123 0
 108 129 123 0
 94 110 103 0
 110 127 120 0
 78 90 87 0
50 150 100 0
50 150 100 0
50 150 100 0
50 150 100 0
50 150 100 0
50 150 100 0
50 150 100 0
50 150 100 0
50 150 100 0
50 150 100 0
50 150 100 0
50 150 100 0
50 150 100 0
50 150 100 0
50 150 100 0
50 150 100 0
50 150 100 0
50 150 100 0
50 150 100 0
50 150 100 0
50 150 100 0
50 150 100 0
50 150 100 0
 129 148 138 0
 128 145 136 0
 130 150 138 0
 128 159 147 0
 81 114 103 0
 102 132 124 0
 92 118 112 0
 68 94 88 0
 99 121 117 0
 102 102 96 1
 126 135 128 1
 80 110 101 0
 78 126 114 0
 63 108 94 0
 92 122 115 0
 92 118 106 0
 79 112 98 0
 67 96 85 0
 86 115 103 0
 85 120 106 0
 68 93 80 0
 69 102 88 0
 74 108 95 0
 71 99 90 0
 73 116 101 0
 77 108 94 0
 148 148 138 1
 118 123 117 0
 115 135 127 0
 107 130 123 0
 116 135 137 0
 112 126 119 0
 106 127 119 0
 109 127 118 0
 106 122 115 0
 111 132 125 0
 17 21 19 0
50 150 100 0
50 150 100 0
50 150 100 0
50 150 100 0
50 150 100 0
50 150 100 0
50 150 100 0
50 150 100 0
50 150 100 0
50 150 100 0
50 150 100 0
50 150 100 0
50 150 100 0
50 150 100 0
50 150 100 0
50 150 100 0
50 150 100 0
50 150 100 0
50 150 100 0
50 150 100 0
50 150 100 0
50 150 100 0
50 150 100 0
 17 22 19 0
 120 140 129 0
 123 142 133 0
 117 147 135 0
 77 115 103 0
 87 129 118 0
 88 121 115 0
 67 94 87 0
 89 116 110 0
 116 128 122 1
 107 118 111 0
 81 108 99 0
 70 117 107 0
 60 105 88 0
 73 97 94 0
 67 95 84 0
 84 123 108 0
 80 105 94 0
 82 123 107 0
 65 101 86 0
 68 86 75 0
 77 108 95 0
 62 87 78 0
 69 94 86 0
 65 100 85 0
 100 129 117 0
 166 161 152 1
 119 135 127 0
 113 135 127 0
 108 130 128 0
 102 118 113 0
 111 129 119 0
 106 126 119 0
 113 128 119 0
 99 115 112 0
 109 130 124 0
50 150 100 0
50 150 100 0
50 150 100 0
50 150 100 0
50 150 100 0
50 150 100 0
50 150 100 0
50 150 100 0
50 150 100 0
50 150 100 0
50 150 100 0
50 150 100 0
50 150 100 0
50 150 100 0
50 150 100 0
50 150 100 0
50 150 100 0
50 150 100 0
50 150 100 0
50 150 100 0
50 150 100 0
50 150 100 0
50 150 100 0
50 150 100 0
50 150 100 0
 103 120 109 0
 118 139 130 0
 100 140 128 0
 78 128 111 0
 87 140 125 0
 79 119 110 0
 82 128 118 0
 75 96 88 0
 114 123 115 1
 88 102 97 0
 79 111 104 0
 56 93 87 0
 52 90 76 0
 92 119 114 0
 85 121 111 0
 63 97 82 0
 81 113 98 0
 68 104 87 0
 59 92 79 0
 98 125 112 0
 70 96 83 0
 57 78 72 0
 75 103 97 0
 70 106 94 0
 84 118 107 0
 135 142 132 1
 116 136 127 0
 103 127 118 0
 97 121 116 0
 95 112 104 0
 112 135 125 0
 116 135 129 0
 106 121 114 0
 100 114 111 0
50 150 100 0
50 150 100 0
50 150 100 0
50 150 100 0
50 150 100 0
50 150 100 0
50 150 100 0
50 150 100 0
50 150 100 0
50 150 100 0
50 150 100 0
50 150 100 0
50 150 100 0
50 150 100 0
50 150 100 0
50 150 100 0
50 150 100 0
50 150 100 0
50 150 100 0
50 150 100 0
50 150 100 0
50 150 100 0
50 150 100 0
50 150 100 0
50 150 100 0
50 150 100 0
50 150 100 0
 121 144 134 0
 94 116 107 0
 92 143 129 0
 88 139 124 0
 76 120 107 0
 75 116 107 0
 124 132 121 0
 106 115 106 1
 69 89 82 0
 69 81 77 0
 79 111 107 0
 56 88 80 0
 51 80 75 0
 79 111 105 0
 70 117 96 0
 65 91 75 0
 53 72 62 0
 79 115 100 0
 75 112 96 0
 75 101 85 0
 71 91 95 0
 77 110 102 0
 87 123 111 0
 86 116 107 0
 176 168 160 1
 95 116 106 0
 100 124 116 0
 83 102 96 0
 104 128 116 0
 106 127 120 0
 99 115 107 0
 102 115 109 0
 104 116 113 0
50 150 100 0
50 150 100 0
50 150 100 0
50 150 100 0
50 150 100 0
50 150 100 0
50 150 100 0
50 150 100 0
50 150 100 0
50 150 100 0
50 150 100 0
50 150 100 0
50 150 100 0
50 150 100 0
50 150 100 0
50 150 100 0
50 150 100 0
50 150 100 0
50 150 100 0
50 150 100 0
50 150 100 0
50 150 100 0
50 150 100 0
50 150 100 0
50 150 100 0
50 150 100 0
50 150 100 0
 115 136 128 0
 111 136 125 0
 92 137 126 0
 78 129 116 0
 63 104 94 0
 85 121 113 0
 113 110 100 1
 92 107 98 0
 68 92 84 0
 79 92 89 0
 58 84 84 0
 76 113 106 0
 79 108 103 0
 55 79 74 0
 54 98 78 0
 67 93 79 0
 61 83 73 0
 75 112 99 0
 79 117 103 0
 67 90 77 0
 107 128 135 0
 89 120 120 0
 82 117 105 0
 112 127 117 0
 118 130 122 0
 102 131 118 0
 96 120 110 0
 81 99 90 0
 94 117 108 0
 117 134 127 0
 98 109 103 0
 97 108 106 0
50 150 100 0
50 150 100 0
50 150 100 0
50 150 100 0
50 150 100 0
50 150 100 0
50 150 100 0
50 150 100 0
50 150 100 0
50 150 100 0
50 150 100 0
50 150 100 0
50 150 100 0
50 150 100 0
50 150 100 0
50 150 100 0
50 150 100 0
50 150 100 0
50 150 100 0
50 150 100 0
50 150 100 0
50 150 100 0
50 150 100 0
50 150 100 0
50 150 100 0
50 150 100 0
50 150 100 0
50 150 100 0
50 150 100 0
 122 148 139 0
 93 126 118 0
 91 139 129 0
 70 114 102 0
 80 114 108 0
 134 155 147 0
 115 118 107 1
 62 80 77 0
 85 102 101 0
 77 105 104 0
 85 137 123 0
 80 104 91 0
 68 100 91 0
 41 72 57 0
 52 76 69 0
 76 112 101 0
 74 110 95 0
 53 90 77 0
 56 78 64 0
 76 106 107 0
 70 106 96 0
 83 112 97 0
 156 156 146 1
 108 127 114 0
 92 119 107 0
 101 121 110 0
 102 121 111 0
 109 133 120 0
 111 122 113 0
 91 102 98 0
 111 124 121 0
50 150 100 0
50 150 100 0
50 150 100 0
50 150 100 0
50 150 100 0
50 150 100 0
50 150 100 0
50 150 100 0
50 150 100 0
50 150 100 0
50 150 100 0
50 150 100 0
50 150 100 0
50 150 100 0
50 150 100 0
50 150 100 0
50 150 100 0
50 150 100 0
50 150 100 0
50 150 100 0
50 150 100 0
50 150 100 0
50 150 100 0
50 150 100 0
50 150 100 0
50 150 100 0
50 150 100 0
50 150 100 0
50 150 100 0
 106 141 130 0
 100 126 117 0
 66 109 99 0
 81 126 115 0
 61 95 87 0
 116 133 123 1
 74 92 81 0
 96 121 116 0
 74 95 94 0
 85 119 114 0
 77 128 114 0
 62 74 70 0
 51 72 66 0
 67 100 89 0
 64 100 88 0
 72 111 96 0
 60 91 76 0
 56 91 77 0
 65 89 77 0
 53 84 85 0
 60 91 90 0
 68 103 88 0
 159 153 143 1
 117 131 120 0
 100 122 110 0
 104 127 115 0
 99 120 109 0
 111 125 116 0
 106 119 108 0
 109 125 118 0
 14 18 15 0
50 150 100 0
50 150 100 0
50 150 100 0
50 150 100 0
50 150 100 0
50 150 100 0
50 150 100 0
50 150 100 0
50 150 100 0
50 150 100 0
50 150 100 0
50 150 100 0
50 150 100 0
50 150 100 0
50 150 100 0
50 150 100 0
50 150 100 0
50 150 100 0
50 150 100 0
50 150 100 0
50 150 100 0
50 150 100 0
50 150 100 0
50 150 100 0
50 150 100 0
50 150 100 0
50 150 100 0
50 150 100 0
50 150 100 0
50 150 100 0
 86 125 109 0
 49 76 70 0
 76 125 115 0
 96 123 115 0
 127 139 131 1
 66 96 79 0
 77 112 101 0
 80 109 105 0
 76 109 99 0
 71 106 95 0
 62 93 78 0
 68 92 82 0
 85 117 110 0
 55 86 73 0
 77 122 107 0
 47 72 59 0
 76 116 102 0
 71 98 88 0
 79 108 110 0
 56 90 78 0
 77 111 99 0
 186 169 167 1
 84 101 92 0
 111 134 124 0
 104 127 116 0
 80 99 88 0
 104 122 112 0
 104 121 110 0
 111 133 123 0
50 150 100 0
50 150 100 0
50 150 100 0
50 150 100 0
50 150 100 0
50 150 100 0
50 150 100 0
50 150 100 0
50 150 100 0
50 150 100 0
50 150 100 0
50 150 100 0
50 150 100 0
50 150 100 0
50 150 100 0
50 150 100 0
50 150 100 0
50 150 100 0
50 150 100 0
50 150 100 0
50 150 100 0
50 150 100 0
50 150 100 0
50 150 100 0
50 150 100 0
50 150 100 0
50 150 100 0
50 150 100 0
50 150 100 0
50 150 100 0
50 150 100 0
 76 121 106 0
 69 108 96 0
 54 94 83 0
 83 122 111 0
 134 147 137 1
 82 123 107 0
 67 105 90 0
 63 96 88 0
 62 94 83 0
 58 87 73 0
 57 86 74 0
 67 100 88 0
 62 95 87 0
 60 84 73 0
 67 109 97 0
 65 92 76 0
 64 93 83 0
 61 86 79 0
 51 74 74 0
 62 99 89 0
 98 127 120 0
 123 129 123 0
 104 122 113 0
 102 126 115 0
 97 111 100 0
 102 123 114 0
 115 137 126 0
 108 130 119 0
50 150 100 0
50 150 100 0
50 150 100 0
50 150 100 0
50 150 100 0
50 150 100 0
50 150 100 0
50 150 100 0
50 150 100 0
50 150 100 0
50 150 100 0
50 150 100 0
50 150 100 0
50 150 100 0
50 150 100 0
50 150 100 0
50 150 100 0
50 150 100 0
50 150 100 0
50 150 100 0
50 150 100 0
50 150 100 0
50 150 100 0
50 150 100 0
50 150 100 0
50 150 100 0
50 150 100 0
50 150 100 0
50 150 100 0
50 150 100 0
50 150 100 0
50 150 100 0
 13 21 17 0
 63 103 91 0
 76 124 114 0
 81 108 98 0
 94 113 102 1
 56 84 71 0
 68 103 90 0
 80 122 111 0
 61 91 83 0
 73 102 88 0
 52 71 67 0
 61 94 86 0
 91 123 120 0
 53 73 65 0
 72 105 96 0
 58 83 69 0
 47 63 56 0
 63 90 83 0
 78 105 102 0
 67 110 101 0
 89 118 113 0
 184 166 163 1
 96 111 103 0
 98 122 112 0
 100 116 105 0
 106 131 121 0
 107 132 117 0
 107 125 112 0
50 150 100 0
50 150 100 0
50 150 100 0
50 150 100 0
50 150 100 0
50 150 100 0
50 150 100 0
50 150 100 0
50 150 100 0
50 150 100 0
50 150 100 0
50 150 100 0
50 150 100 0
50 150 100 0
50 150 100 0
50 150 100 0
50 150 100 0
50 150 100 0
50 150 100 0
50 150 100 0
50 150 100 0
50 150 100 0
50 150 100 0
50 150 100 0
50 150 100 0
50 150 100 0
50 150 100 0
50 150 100 0
50 150 100 0
50 150 100 0
50 150 100 0
50 150 100 0
50 150 100 0
 55 90 83 0
 45 81 73 0
 105 138 131 0
 115 130 120 1
 59 86 77 0
 76 112 104 0
 62 113 99 0
 75 103 97 0
 48 68 60 0
 65 97 85 0
 58 80 75 0
 47 69 64 0
 76 112 100 0
 54 75 68 0
 76 103 92 0
 63 85 78 0
 80 118 113 0
 60 94 87 0
 72 105 98 0
 135 130 124 1
 102 116 107 0
 84 104 95 0
 104 124 112 0
 92 113 102 0
 102 130 117 0
 110 132 118 0
 0 0 0 0
50 150 100 0
50 150 100 0
50 150 100 0
50 150 100 0
50 150 100 0
50 150 100 0
50 150 100 0
50 150 100 0
50 150 100 0
50 150 100 0
50 150 100 0
50 150 100 0
50 150 100 0
50 150 100 0
50 150 100 0
50 150 100 0
50 150 100 0
50 150 100 0
50 150 100 0
50 150 100 0
50 150 100 0
50 150 100 0
50 150 100 0
50 150 100 0
50 150 100 0
50 150 100 0
50 150 100 0
50 150 100 0
50 150 100 0
50 150 100 0
50 150 100 0
50 150 100 0
50 150 100 0
 77 122 112 0
 77 114 107 0
 155 165 157 1
 107 119 109 0
 78 113 105 0
 62 91 80 0
 70 116 102 0
 55 85 73 0
 68 99 86 0
 51 80 68 0
 65 93 85 0
 69 104 96 0
 57 95 85 0
 66 94 84 0
 67 97 85 0
 51 68 60 0
 78 118 112 0
 58 91 82 0
 68 103 96 0
 167 145 141 1
 109 120 109 0
 88 102 93 0
 103 124 112 0
 92 116 106 0
 111 140 127 0
 101 124 109 0
50 150 100 0
50 150 100 0
50 150 100 0
50 150 100 0
50 150 100 0
50 150 100 0
50 150 100 0
50 150 100 0
50 150 100 0
50 150 100 0
50 150 100 0
50 150 100 0
50 150 100 0
50 150 100 0
50 150 100 0
50 150 100 0
50 150 100 0
50 150 100 0
50 150 100 0
50 150 100 0
50 150 100 0
50 150 100 0
50 150 100 0
50 150 100 0
50 150 100 0
50 150 100 0
50 150 100 0
50 150 100 0
50 150 100 0
50 150 100 0
50 150 100 0
50 150 100 0
50 150 100 0
50 150 100 0
50 150 100 0
 99 129 120 0
 146 162 152 1
 105 135 123 0
 71 114 99 0
 70 112 101 0
 50 83 72 0
 64 102 90 0
 57 92 77 0
 45 66 57 0
 53 77 68 0
 63 97 90 0
 47 71 64 0
 56 79 72 0
 53 80 70 0
 62 80 76 0
 63 105 94 0
 61 92 84 0
 57 89 82 0
 112 127 117 0
 116 126 116 0
 106 126 112 0
 98 117 106 0
 96 131 120 0
 109 133 118 0
 0 0 0 0
50 150 100 0
50 150 100 0
50 150 100 0
50 150 100 0
50 150 100 0
50 150 100 0
50 150 100 0
50 150 100 0
50 150 100 0
50 150 100 0
50 150 100 0
50 150 100 0
50 150 100 0
50 150 100 0
50 150 100 0
50 150 100 0
50 150 100 0
50 150 100 0
50 150 100 0
50 150 100 0
50 150 100 0
50 150 100 0
50 150 100 0
50 150 100 0
50 150 100 0
50 150 100 0
50 150 100 0
50 150 100 0
50 150 100 0
50 150 100 0
50 150 100 0
50 150 100 0
50 150 100 0
50 150 100 0
50 150 100 0
 111 133 127 0
 177 164 158 1
 98 137 122 0
 61 96 81 0
 46 78 67 0
 63 100 87 0
 64 91 82 0
 50 71 61 0
 66 96 84 0
 50 83 70 0
 71 113 102 0
 64 93 80 0
 72 114 101 0
 66 108 93 0
 47 69 62 0
 65 112 101 0
 45 71 64 0
 73 111 100 0
 175 161 155 1
 92 108 97 0
 98 122 110 0
 62 81 72 0
 81 114 107 0
 104 134 121 0
50 150 100 0
50 150 100 0
50 150 100 0
50 150 100 0
50 150 100 0
50 150 100 0
50 150 100 0
50 150 100 0
50 150 100 0
50 150 100 0
50 150 100 0
50 150 100 0
50 150 100 0
50 150 100 0
50 150 100 0
50 150 100 0
50 150 100 0
50 150 100 0
50 150 100 0
50 150 100 0
50 150 100 0
50 150 100 0
50 150 100 0
50 150 100 0
50 150 100 0
50 150 100 0
50 150 100 0
50 150 100 0
50 150 100 0
50 150 100 0
50 150 100 0
50 150 100 0
50 150 100 0
50 150 100 0
50 150 100 0
50 150 100 0
50 150 100 0
 143 135 127 1
 99 131 118 0
 67 105 88 0
 66 115 101 0
 52 75 65 0
 75 111 99 0
 71 108 92 0
 55 89 79 0
 66 112 99 0
 73 97 87 0
 52 68 60 0
 78 108 97 0
 52 83 71 0
 63 92 81 0
 49 85 78 0
 60 91 81 0
 85 127 113 0
 121 130 120 1
 79 93 83 0
 95 121 109 0
 98 118 108 0
 95 126 117 0
 102 130 118 0
50 150 100 0
50 150 100 0
50 150 100 0
50 150 100 0
50 150 100 0
50 150 100 0
50 150 100 0
50 150 100 0
50 150 100 0
50 150 100 0
50 150 100 0
50 150 100 0
50 150 100 0
50 150 100 0
50 150 100 0
50 150 100 0
50 150 100 0
50 150 100 0
50 150 100 0
50 150 100 0
50 150 100 0
50 150 100 0
50 150 100 0
50 150 100 0
50 150 100 0
50 150 100 0
50 150 100 0
50 150 100 0
50 150 100 0
50 150 100 0
50 150 100 0
50 150 100 0
50 150 100 0
50 150 100 0
50 150 100 0
50 150 100 0
50 150 100 0
 100 112 103 0
 59 76 68 0
 58 94 82 0
 67 107 97 0
 73 110 98 0
 55 90 78 0
 39 75 62 0
 52 87 74 0
 51 89 78 0
 49 69 60 0
 72 115 97 0
 63 90 79 0
 72 107 98 0
 57 85 76 0
 65 98 88 0
 48 70 63 0
 77 105 96 0
 152 154 147 1
 103 119 105 0
 94 118 103 0
 96 125 114 0
 94 121 107 0
50 150 100 0
50 150 100 0
50 150 100 0
50 150 100 0
50 150 100 0
50 150 100 0
50 150 100 0
50 150 100 0
50 150 100 0
50 150 100 0
50 150 100 0
50 150 100 0
50 150 100 0
50 150 100 0
50 150 100 0
50 150 100 0
50 150 100 0
50 150 100 0
50 150 100 0
50 150 100 0
50 150 100 0
50 150 100 0
50 150 100 0
50 150 100 0
50 150 100 0
50 150 100 0
50 150 100 0
50 150 100 0
50 150 100 0
50 150 100 0
50 150 100 0
50 150 100 0
50 150 100 0
50 150 100 0
50 150 100 0
50 150 100 0
50 150 100 0
50 150 100 0
50 150 100 0
 88 116 104 0
 66 115 104 0
 62 109 100 0
 67 111 98 0
 53 88 76 0
 63 102 88 0
 78 121 110 0
 63 110 95 0
 63 98 83 0
 48 70 59 0
 73 107 98 0
 54 83 75 0
 67 97 89 0
 55 82 75 0
 60 97 87 0
 57 78 72 0
 164 160 153 1
 97 109 95 0
 79 98 88 0
 101 127 115 0
 79 101 88 0
50 150 100 0
50 150 100 0
50 150 100 0
50 150 100 0
50 150 100 0
50 150 100 0
50 150 100 0
50 150 100 0
50 150 100 0
50 150 100 0
50 150 100 0
50 150 100 0
50 150 100 0
50 150 100 0
50 150 100 0
50 150 100 0
50 150 100 0
50 150 100 0
50 150 100 0
50 150 100 0
50 150 100 0
50 150 100 0
50 150 100 0
50 150 100 0
50 150 100 0
50 150 100 0
50 150 100 0
50 150 100 0
50 150 100 0
50 150 100 0
50 150 100 0
50 150 100 0
50 150 100 0
50 150 100 0
50 150 100 0
50 150 100 0
50 150 100 0
50 150 100 0
50 150 100 0
 79 114 104 0
 53 76 66 0
 74 122 113 0
 51 85 74 0
 50 83 71 0
 61 103 92 0
 47 82 69 0
 57 100 86 0
 56 77 67 0
 52 72 65 0
 61 90 80 0
 70 105 98 0
 58 94 87 0
 70 104 95 0
 57 89 79 0
 92 119 110 0
 102 121 105 0
 85 98 87 0
 92 118 107 0
 85 102 90 0
50 150 100 0
50 150 100 0
50 150 100 0
50 150 100 0
50 150 100 0
50 150 100 0
50 150 100 0
50 150 100 0
50 150 100 0
50 150 100 0
50 150 100 0
50 150 100 0
50 150 100 0
50 150 100 0
50 150 100 0
50 150 100 0
50 150 100 0
50 150 100 0
50 150 100 0
50 150 100 0
50 150 100 0
50 150 100 0
50 150 100 0
50 150 100 0
50 150 100 0
50 150 100 0
50 150 100 0
50 150 100 0
50 150 100 0
50 150 100 0
50 150 100 0
50 150 100 0
50 150 100 0
50 150 100 0
50 150 100 0
50 150 100 0
50 150 100 0
50 150 100 0
50 150 100 0
50 150 100 0
50 150 100 0
 44 70 60 0
 55 100 90 0
 67 97 86 0
 47 80 70 0
 42 76 66 0
 27 53 43 0
 40 73 64 0
 63 98 82 0
 48 69 57 0
 65 86 82 0
 49 74 69 0
 51 89 77 0
 56 77 69 0
 68 102 91 0
 113 113 108 0
 102 118 108 0
 85 97 84 0
 97 122 110 0
 0 0 0 0
50 150 100 0
50 150 100 0
50 150 100 0
50 150 100 0
50 150 100 0
50 150 100 0
50 150 100 0
50 150 100 0
50 150 100 0
50 150 100 0
50 150 100 0
50 150 100 0
50 150 100 0
50 150 100 0
50 150 100 0
50 150 100 0
50 150 100 0
50 150 100 0
50 150 100 0
50 150 100 0
50 150 100 0
50 150 100 0
50 150 100 0
50 150 100 0
50 150 100 0
50 150 100 0
50 150 100 0
50 150 100 0
50 150 100 0
50 150 100 0
50 150 100 0
50 150 100 0
50 150 100 0
50 150 100 0
50 150 100 0
50 150 100 0
50 150 100 0
50 150 100 0
50 150 100 0
50 150 100 0
50 150 100 0
 59 96 84 0
 49 78 65 0
 71 105 92 0
 67 113 102 0
 42 70 60 0
 51 85 77 0
 59 104 91 0
 44 74 63 0
 59 75 66 0
 54 87 77 0
 53 73 67 0
 68 99 91 0
 54 77 69 0
 49 72 65 0
 152 142 137 1
 106 119 108 0
 81 100 88 0
 90 104 92 0
50 150 100 0
50 150 100 0
50 150 100 0
50 150 100 0
50 150 100 0
50 150 100 0
50 150 100 0
50 150 100 0
50 150 100 0
50 150 100 0
50 150 100 0
50 150 100 0
50 150 100 0
50 150 100 0
50 150 100 0
50 150 100 0
50 150 100 0
50 150 100 0
50 150 100 0
50 150 100 0
50 150 100 0
50 150 100 0
50 150 100 0
50 150 100 0
50 150 100 0
50 150 100 0
50 150 100 0
50 150 100 0
50 150 100 0
50 150 100 0
50 150 100 0
50 150 100 0
50 150 100 0
50 150 100 0
50 150 100 0
50 150 100 0
50 150 100 0
50 150 100 0
50 150 100 0
50 150 100 0
50 150 100 0
50 150 100 0
50 150 100 0
 64 105 92 0
 49 74 63 0
 62 108 96 0
 60 97 85 0
 51 96 85 0
 34 60 50 0
 50 87 72 0
 41 57 50 0
 57 88 77 0
 38 59 50 0
 50 76 67 0
 63 94 83 0
 79 102 93 0
 92 105 95 0
 92 98 89 0
 97 117 105 0
 97 108 101 0
50 150 100 0
50 150 100 0
50 150 100 0
50 150 100 0
50 150 100 0
50 150 100 0
50 150 100 0
50 150 100 0
50 150 100 0
50 150 100 0
50 150 100 0
50 150 100 0
50 150 100 0
50 150 100 0
50 150 100 0
50 150 100 0
50 150 100 0
50 150 100 0
50 150 100 0
50 150 100 0
50 150 100 0
50 150 100 0
50 150 100 0
50 150 100 0
50 150 100 0
50 150 100 0
50 150 100 0
50 150 100 0
50 150 100 0
50 150 100 0
50 150 100 0
50 150 100 0
50 150 100 0
50 150 100 0
50 150 100 0
50 150 100 0
50 150 100 0
50 150 100 0
50 150 100 0
50 150 100 0
50 150 100 0
50 150 100 0
50 150 100 0
 33 46 39 0
 63 89 77 0
 55 85 72 0
 62 94 82 0
 44 74 66 0
 39 64 54 0
 59 92 79 0
 48 64 54 0
 46 65 57 0
 67 99 88 0
 50 81 73 0
 39 61 50 0
 57 80 71 0
 183 151 146 1
 93 100 91 0
 75 83 73 0
50 150 100 0
50 150 100 0
50 150 100 0
50 150 100 0
50 150 100 0
50 150 100 0
50 150 100 0
50 150 100 0
50 150 100 0
50 150 100 0
50 150 100 0
50 150 100 0
50 150 100 0
50 150 100 0
50 150 100 0
50 150 100 0
50 150 100 0
50 150 100 0
50 150 100 0
50 150 100 0
50 150 100 0
50 150 100 0
50 150 100 0
50 150 100 0
50 150 100 0
50 150 100 0
50 150 100 0
50 150 100 0
50 150 100 0
50 150 100 0
50 150 100 0
50 150 100 0
50 150 100 0
50 150 100 0
50 150 100 0
50 150 100 0
50 150 100 0
50 150 100 0
50 150 100 0
50 150 100 0
50 150 100 0
50 150 100 0
50 150 100 0
50 150 100 0
50 150 100 0
 69 93 85 0
 79 116 105 0
 68 97 87 0
 50 87 77 0
 40 60 50 0
 54 78 65 0
 44 55 45 0
 60 80 71 0
 54 79 68 0
 63 95 84 0
 52 78 65 0
 79 103 93 0
 166 146 139 1
 98 107 99 0
 73 82 77 0
50 150 100 0
50 150 100 0
50 150 100 0
50 150 100 0
50 150 100 0
50 150 100 0
50 150 100 0
50 150 100 0
50 150 100 0
50 150 100 0
50 150 100 0
50 150 100 0
50 150 100 0
50 150 100 0
50 150 100 0
50 150 100 0
50 150 100 0
50 150 100 0
50 150 100 0
50 150 100 0
50 150 100 0
50 150 100 0
50 150 100 0
50 150 100 0
50 150 100 0
50 150 100 0
50 150 100 0
50 150 100 0
50 150 100 0
50 150 100 0
50 150 100 0
50 150 100 0
50 150 100 0
50 150 100 0
50 150 100 0
50 150 100 0
50 150 100 0
50 150 100 0
50 150 100 0
50 150 100 0
50 150 100 0
50 150 100 0
50 150 100 0
50 150 100 0
50 150 100 0
 39 48 44 0
 45 64 54 0
 41 64 55 0
 67 87 78 0
 24 41 32 0
 31 46 34 0
 20 27 23 0
 31 38 32 0
 41 58 49 0
 40 65 54 0
 25 34 29 0
 0 0 0 0
 62 74 66 0
 73 81 76 0
50 150 100 0
50 150 100 0
50 150 100 0
50 150 100 0
50 150 100 0
50 150 100 0
50 150 100 0
50 150 100 0
50 150 100 0
50 150 100 0
50 150 100 0
50 150 100 0
50 150 100 0
50 150 100 0
50 150 100 0
50 150 100 0
50 150 100 0
50 150 100 0
50 150 100 0
50 150 100 0
50 150 100 0
50 150 100 0
50 150 100 0
50 150 100 0
50 150 100 0
50 150 100 0
50 150 100 0
50 150 100 0
50 150 100 0
50 150 100 0
50 150 100 0
50 150 100 0
50 150 100 0
50 150 100 0
50 150 100 0
50 150 100 0
50 150 100 0
50 150 100 0
50 150 100 0
50 150 100 0
50 150 100 0
50 150 100 0
50 150 100 0
50 150 100 0
50 150 100 0
50 150 100 0
50 150 100 0
50 150 100 0
50 150 100 0
50 150 100 0
50 150 100 0
50 150 100 0
50 150 100 0
50 150 100 0
50 150 100 0
50 150 100 0
50 150 100 0
50 150 100 0
50 150 100 0
50 150 100 0
50 150 100 0
50 150 100 0
50 150 100 0
50 150 100 0
50 150 100 0
50 150 100 0
50 150 100 0
50 150 100 0
50 150 100 0
50 150 100 0
50 150 100 0
50 150 100 0
50 150 100 0
50 150 100 0
50 150 100 0
50 150 100 0
50 150 100 0
50 150 100 0
50 150 100 0
50 150 100 0
50 150 100 0
50 150 100 0
50 150 100 0
50 150 100 0
50 150 100 0
50 150 100 0
50 150 100 0
50 150 100 0
50 150 100 0
50 150 100 0
50 150 100 0
50 150 100 0
50 150 100 0
50 150 100 0
50 150 100 0
50 150 100 0
50 150 100 0
50 150 100 0
50 150 100 0
50 150 100 0
50 150 100 0
50 150 100 0
50 150 100 0
50 150 100 0
50 150 100 0
50 150 100 0
50 150 100 0
50 150 100 0
50 150 100 0
50 150 100 0
50 150 100 0
50 150 100 0
50 150 100 0
50 150 100 0
50 150 100 0
50 150 100 0
50 150 100 0
50 150 100 0
50 150 100 0
50 150 100 0
50 150 100 0
50 150 100 0
50 150 100 0
50 150 100 0
50 150 100 0
50 150 100 0
50 150 100 0
50 150 100 0
50 150 100 0
50 150 100 0
50 150 100 0
50 150 100 0
50 150 100 0
50 150 100 0
50 150 100 0
50 150 100 0
50 150 100 0
50 150 100 0
50 150 100 0
50 150 100 0
50 150 100 0
50 150 100 0
50 150 100 0
50 150 100 0
50 150 100 0
50 150 100 0
50 150 100 0
50 150 100 0
50 150 100 0
50 150 100 0
50 150 100 0
50 150 100 0
50 150 100 0
50 150 100 0
50 150 100 0
50 150 100 0
50 150 100 0
50 150 100 0
50 150 100 0
50 150 100 0
50 150 100 0
50 150 100 0
50 150 100 0
50 150 100 0
50 150 100 0
50 150 100 0
50 150 100 0
50 150 100 0
50 150 100 0
50 150 100 0
50 150 100 0
50 150 100 0
50 150 100 0
50 150 100 0
50 150 100 0
50 150 100 0
50 150 100 0
50 150 100 0
50 150 100 0
50 150 100 0
50 150 100 0
50 150 100 0
50 150 100 0
50 150 100 0
50 150 100 0
50 150 100 0
50 150 100 0
50 150 100 0
50 150 100 0
50 150 100 0
50 150 100 0
50 150 100 0
50 150 100 0
50 150 100 0
50 150 100 0
50 150 100 0
50 150 100 0
50 150 100 0
50 150 100 0
50 150 100 0
50 150 100 0
50 150 100 0
50 150 100 0

