 108 140 115 0
 103 137 112 0
 87 123 98 0
 98 135 106 0
 87 125 96 0
 79 118 90 0
 84 128 95 0
 81 126 93 0
 78 124 89 0
 68 106 72 0
 76 116 81 0
 76 118 85 0
 76 120 89 0
 78 121 90 0
 63 101 76 0
 77 117 91 0
 70 113 86 0
 69 112 85 0
 66 108 81 0
 69 107 84 0
 70 108 86 0
 81 121 99 0
 74 114 90 0
 66 101 80 0
 80 114 93 0
 96 123 108 0
 139 145 131 0
 194 185 171 1
 106 120 100 0
 106 125 107 0
 104 129 115 0
 86 114 101 0
 83 116 101 0
 84 118 99 0
 83 113 96 0
 80 114 100 0
 74 107 94 0
 89 120 109 0
 69 102 92 0
 70 104 92 0
 78 118 104 0
 62 99 83 0
 74 108 93 0
 72 111 96 0
 71 110 95 0
 67 97 85 0
 71 103 90 0
 93 118 107 0
 106 125 116 0
 123 134 126 0
 141 148 137 0
 196 186 178 0
 135 144 134 0
 129 145 134 0
 122 144 132 0
 104 131 119 0
 99 132 118 0
 106 142 127 0
 106 138 124 0
 102 133 119 0
 102 133 109 0
 102 134 110 0
 99 133 109 0
 96 132 105 0
 89 127 98 0
 81 121 93 0
 78 122 92 0
 80 127 94 0
 74 120 86 0
 73 112 79 0
 74 114 80 0
 77 118 85 0
 72 115 84 0
 79 123 92 0
 76 117 89 0
 80 121 94 0
 72 116 87 0
 67 109 83 0
 68 111 84 0
 73 110 87 0
 77 118 96 0
 81 123 99 0
 68 108 84 0
 68 100 81 0
 78 114 94 0
 101 124 110 0
 167 169 156 0
 122 133 111 0
 104 120 99 0
 106 125 106 0
 100 124 110 0
 82 109 97 0
 84 118 104 0
 77 109 92 0
 92 125 108 0
 78 111 96 0
 85 116 105 0
 91 124 114 0
 69 103 92 0
 76 112 100 0
 76 116 101 0
 67 103 87 0
 67 102 86 0
 70 113 96 0
 67 102 87 0
 77 109 95 0
 75 106 93 0
 102 124 115 0
 113 129 121 0
 131 139 130 0
 164 164 154 0
 154 151 141 0
 151 166 154 0
 127 145 132 0
 118 140 127 0
 102 130 117 0
 104 139 124 0
 107 142 127 0
 101 132 117 0
 106 137 122 0
 107 137 114 0
 92 123 99 0
 103 137 113 0
 104 139 113 0
 94 131 102 0
 80 120 91 0
 73 116 88 0
 84 129 100 0
 80 126 93 0
 71 113 80 0
 69 107 76 0
 75 115 85 0
 71 112 83 0
 76 118 86 0
 79 120 90 0
 79 120 93 0
 67 111 83 0
 65 108 81 0
 68 112 84 0
 67 104 81 0
 79 122 97 0
 74 117 92 0
 66 106 81 0
 70 104 83 0
 75 113 93 0
 103 124 110 0
 168 166 152 1
 116 127 106 0
 102 120 99 0
 99 119 100 0
 88 111 98 0
 79 105 95 0
 83 118 104 0
 73 108 92 0
 90 127 109 0
 74 107 93 0
 84 118 104 0
 82 116 105 0
 72 106 93 0
 79 117 103 0
 75 114 98 0
 70 106 90 0
 61 96 81 0
 70 111 94 0
 67 100 85 0
 81 116 100 0
 89 118 105 0
 103 123 114 0
 121 133 124 0
 144 147 138 0
 189 178 171 0
 168 165 154 0
 139 155 141 0
 123 140 128 0
 109 131 119 0
 100 130 117 0
 104 139 125 0
 110 143 128 0
 104 135 120 0
 110 141 126 0
 94 125 103 0
 99 131 107 0
 108 142 117 0
 106 141 115 0
 92 129 99 0
 74 114 85 0
 78 122 94 0
 90 135 108 0
 83 128 96 0
 73 116 83 0
 73 113 81 0
 74 113 85 0
 69 109 82 0
 74 114 85 0
 74 114 84 0
 73 113 86 0
 58 103 75 0
 63 106 78 0
 68 112 84 0
 63 100 78 0
 74 117 93 0
 53 94 71 0
 66 106 81 0
 71 107 85 0
 79 117 97 0
 103 123 108 0
 156 155 140 1
 120 126 109 0
 99 117 96 0
 91 111 92 0
 83 106 95 0
 76 103 93 0
 81 115 102 0
 87 122 105 0
 77 111 96 0
 72 105 91 0
 78 111 98 0
 73 107 94 0
 73 107 93 0
 83 122 107 0
 74 113 97 0
 68 103 87 0
 75 113 97 0
 67 103 88 0
 86 126 106 0
 82 116 101 0
 91 116 103 0
 111 126 117 0
 130 136 127 0
 151 150 143 0
 205 190 185 0
 154 162 149 0
 127 144 130 0
 116 134 121 0
 105 130 117 0
 101 133 119 0
 108 142 128 0
 108 140 125 0
 107 138 123 0
 111 142 127 0
 85 118 96 0
 98 130 108 0
 107 140 115 0
 110 145 119 0
 90 129 99 0
 70 112 82 0
 80 129 100 0
 79 126 97 0
 82 127 95 0
 74 116 84 0
 73 114 82 0
 74 115 84 0
 73 113 86 0
 81 120 90 0
 55 94 64 0
 69 111 84 0
 50 96 68 0
 60 103 76 0
 70 113 86 0
 65 105 79 0
 68 106 83 0
 66 108 85 0
 62 101 77 0
 69 105 83 0
 81 121 100 0
 87 115 98 0
 136 143 126 1
 110 119 102 0
 90 111 90 0
 87 109 90 0
 83 106 95 0
 85 115 104 0
 55 88 75 0
 88 124 108 0
 78 111 97 0
 67 99 86 0
 85 118 107 0
 62 95 82 0
 70 105 91 0
 86 125 110 0
 68 106 89 0
 72 108 93 0
 75 113 98 0
 66 105 90 0
 78 116 99 0
 79 111 95 0
 97 117 105 0
 126 133 124 0
 143 136 132 0
 171 163 158 0
 240 225 220 0
 151 163 147 0
 117 133 119 0
 108 129 116 0
 102 130 116 0
 106 139 125 0
 111 144 129 0
 105 137 122 0
 109 140 125 0
 104 133 119 0
 79 117 92 0
 91 123 101 0
 98 131 107 0
 107 141 116 0
 82 122 92 0
 65 106 76 0
 77 129 99 0
 77 130 98 0
 73 119 87 0
 68 110 78 0
 71 113 80 0
 76 116 86 0
 70 108 82 0
 87 125 96 0
 74 115 84 0
 78 119 90 0
 70 112 85 0
 55 99 72 0
 65 108 81 0
 63 103 78 0
 66 105 82 0
 68 108 86 0
 62 100 77 0
 67 102 79 0
 81 119 99 0
 106 125 110 0
 142 148 131 1
 104 115 98 0
 88 110 91 0
 84 105 88 0
 86 110 98 0
 90 118 108 0
 76 108 98 0
 91 125 109 0
 77 110 96 0
 70 102 90 0
 68 101 89 0
 63 96 83 0
 66 103 88 0
 81 121 105 0
 72 111 93 0
 76 113 97 0
 72 109 93 0
 78 117 102 0
 70 103 86 0
 94 119 105 0
 113 125 114 0
 163 142 140 0
 186 160 162 0
 209 193 187 0
 151 160 145 0
 122 135 120 0
 108 124 111 0
 99 123 111 0
 104 135 121 0
 111 143 128 0
 109 141 127 0
 106 137 122 0
 107 137 122 0
 104 132 119 0
 77 120 93 0
 88 124 100 0
 91 123 101 0
 97 132 108 0
 74 111 84 0
 67 106 78 0
 78 129 100 0
 79 134 102 0
 65 115 83 0
 59 102 72 0
 72 113 82 0
 70 112 81 0
 81 119 94 0
 84 124 95 0
 85 127 95 0
 81 124 93 0
 70 112 85 0
 63 107 81 0
 76 119 91 0
 63 103 78 0
 66 105 81 0
 68 107 85 0
 63 100 76 0
 81 118 94 0
 85 124 103 0
 115 130 113 0
 144 149 130 1
 97 111 95 0
 85 107 90 0
 75 96 81 0
 84 110 99 0
 96 124 114 0
 89 119 109 0
 83 117 102 0
 91 126 115 0
 70 103 92 0
 72 107 95 0
 61 96 81 0
 77 118 101 0
 76 116 99 0
 70 108 91 0
 73 110 93 0
 70 107 91 0
 78 117 102 0
 74 108 92 0
 99 123 109 0
 129 126 118 0
 234 200 199 0
 235 205 207 0
 243 225 221 0
 152 156 143 0
 125 136 123 0
 104 121 110 0
 96 122 109 0
 106 138 123 0
 108 139 125 0
 109 143 128 0
 103 134 119 0
 101 131 117 0
 110 140 127 0
 75 117 92 0
 83 124 98 0
 85 121 98 0
 93 132 107 0
 76 115 89 0
 68 106 80 0
 79 128 99 0
 74 129 98 0
 65 115 83 0
 55 100 70 0
 74 116 84 0
 65 105 76 0
 85 125 98 0
 84 124 97 0
 83 125 94 0
 79 122 91 0
 69 111 84 0
 84 130 105 0
 76 120 93 0
 64 104 79 0
 66 105 81 0
 68 108 85 0
 72 111 87 0
 64 99 76 0
 87 126 104 0
 147 151 135 0
 127 133 113 1
 86 101 85 0
 84 107 89 0
 73 97 82 0
 87 113 102 0
 97 126 116 0
 91 120 110 0
 79 110 97 0
 73 107 93 0
 69 104 92 0
 86 123 108 0
 72 108 93 0
 68 105 90 0
 65 104 88 0
 71 109 92 0
 69 105 88 0
 72 111 95 0
 79 117 100 0
 70 100 85 0
 97 122 108 0
 220 179 179 0
 251 239 231 0
 249 234 233 0
 201 183 178 0
 148 153 138 0
 115 129 117 0
 103 125 113 1
 98 126 113 0
 104 135 120 0
 111 142 128 0
 105 138 123 0
 100 132 117 0
 105 136 122 0
 112 145 131 0
50 150 100 0
 79 121 96 0
 84 121 98 0
 89 125 102 0
 77 116 90 0
 75 114 87 0
 82 125 98 0
 74 126 96 0
 63 113 82 0
 59 104 74 0
 80 123 90 0
 75 114 84 0
 90 130 103 0
 82 122 94 0
 74 115 84 0
 75 119 90 0
 64 105 79 0
 73 117 92 0
 78 121 97 0
 65 104 80 0
 70 108 86 0
 60 98 77 0
 73 115 91 0
 67 105 83 0
 92 128 107 0
 156 158 141 1
 113 123 102 0
 79 93 77 0
 83 108 87 0
 82 109 91 0
 94 122 109 0
 84 115 105 0
 86 117 107 0
 69 100 86 0
 74 107 96 0
 74 111 97 0
 82 120 101 0
 80 117 100 0
 53 90 76 0
 89 129 113 0
 68 106 88 0
 69 108 89 0
 76 117 100 0
 80 118 100 0
 78 107 92 0
 113 129 117 0
 243 218 214 0
 253 249 237 0
 251 242 240 0
 167 153 145 0
 149 156 141 0
 117 132 120 0
 100 124 111 0
 93 122 109 0
 109 140 125 0
 108 140 125 0
 99 132 115 0
 107 139 123 0
 108 140 125 0
 113 146 131 0
50 150 100 0
 89 128 104 0
 80 120 94 0
 88 123 101 0
 73 110 85 0
 79 119 93 0
 81 123 96 0
 76 125 96 0
 60 111 82 0
 68 117 86 0
 82 128 97 0
 84 123 91 0
 92 132 102 0
 79 119 89 0
 61 97 69 0
 74 119 90 0
 74 116 89 0
 78 123 97 0
 78 122 98 0
 63 101 77 0
 75 114 92 0
 62 99 79 0
 65 108 86 0
 76 116 94 0
 105 129 111 0
 159 161 142 1
 105 121 98 0
 81 97 81 0
 81 107 87 0
 85 114 94 0
 91 120 107 0
 77 109 99 0
 86 119 108 0
 72 104 90 0
 63 97 84 0
 77 118 99 0
 65 101 81 0
 75 112 95 0
 55 90 75 0
 72 113 96 0
 68 108 87 0
 73 115 93 0
 74 116 97 0
 82 115 98 0
 111 132 118 0
 242 227 223 0
 252 241 233 0
 253 251 242 0
 252 247 244 0
 178 162 155 0
 142 151 136 0
 105 124 111 0
 93 120 107 0
 89 117 105 0
 105 136 122 0
 107 140 124 0
 95 127 110 0
 111 143 128 0
 109 142 127 0
 112 144 129 0
50 150 100 0
 92 127 104 0
 81 121 95 0
 84 120 97 0
 88 121 101 0
 70 105 83 0
 77 119 92 0
 76 121 93 0
 71 122 93 0
 72 121 92 0
 84 130 100 0
 86 127 97 0
 90 132 103 0
 70 107 78 0
 64 96 70 0
 73 120 89 0
 76 119 91 0
 80 124 99 0
 74 118 93 0
 63 101 76 0
 75 117 95 0
 65 103 82 0
 64 106 85 0
 76 115 93 0
 121 143 126 0
 136 139 125 0
 92 111 88 0
 78 100 82 0
 80 107 88 0
 88 116 98 0
 95 126 111 0
 77 110 100 0
 79 111 100 0
 71 103 88 0
 57 90 76 0
 70 111 94 0
 69 107 86 0
 75 114 96 0
 59 94 78 0
 62 102 84 0
 71 111 89 0
 69 111 89 0
 75 117 98 0
 81 115 98 0
 108 129 114 0
 247 239 234 0
 252 244 234 0
 254 253 246 1
 248 236 234 0
 157 154 142 0
 118 134 120 0
 90 116 103 0
 94 121 109 0
 100 129 116 0
 106 137 123 0
 103 136 120 0
 95 127 112 0
 111 144 129 0
 110 141 127 0
 12 17 14 0
50 150 100 0
50 150 100 0
 88 125 101 0
 75 106 84 0
 83 115 97 0
 68 98 83 0
 79 121 96 0
 79 123 97 0
 80 130 102 0
 80 131 102 0
 87 131 103 0
 86 128 98 0
 96 136 105 0
 83 124 96 0
 69 101 75 0
 64 104 77 0
 67 114 84 0
 75 121 95 0
 66 109 84 0
 62 100 76 0
 76 122 98 0
 71 110 87 0
 62 101 81 0
 90 124 103 0
 148 162 147 0
 161 160 146 1
 118 131 109 0
 87 109 88 0
 83 110 91 0
 88 116 97 0
 90 120 106 0
 70 102 92 0
 69 99 89 0
 64 97 82 0
 70 108 91 0
 71 116 95 0
 67 105 85 0
 79 119 101 0
 50 86 70 0
 70 109 93 0
 68 108 87 0
 65 107 87 0
 76 118 100 0
 78 110 93 0
 112 127 111 0
 250 246 240 0
 252 248 237 0
 252 253 247 0
 253 250 245 0
 195 168 160 0
 108 125 111 0
 89 115 103 0
 100 131 118 0
 110 140 126 0
 103 135 120 0
 91 125 109 0
 107 141 126 0
 111 144 129 0
 110 141 126 0
50 150 100 0
50 150 100 0
50 150 100 0
 84 120 97 0
 76 103 83 0
 79 110 91 0
 77 111 95 0
 85 127 106 0
 81 126 100 0
 87 134 108 0
 84 135 106 0
 80 127 99 0
 89 131 102 0
 89 128 99 0
 81 120 93 0
 66 100 74 0
 66 108 80 0
 75 121 92 0
 70 115 89 0
 64 107 81 0
 64 102 78 0
 70 117 92 0
 69 111 87 0
 65 104 83 0
 65 100 81 0
 98 120 103 0
 223 205 193 1
 107 126 103 0
 82 106 85 0
 90 119 101 0
 78 105 86 0
 88 118 104 0
 65 94 87 0
 86 121 106 0
 63 98 83 0
 65 105 88 0
 67 113 92 0
 72 113 93 0
 67 109 88 0
 74 115 100 0
 67 106 89 0
 69 108 86 0
 68 109 89 0
 74 115 97 0
 81 112 93 0
 248 248 243 0
 252 248 241 0
 252 250 240 0
 252 252 245 0
 251 243 238 0
 133 140 124 0
 105 123 110 0
 90 118 105 0
 100 134 120 0
 114 145 130 0
 100 133 118 0
 92 128 112 0
 103 138 122 0
 110 142 127 0
 108 138 124 0
50 150 100 0
50 150 100 0
50 150 100 0
50 150 100 0
 78 112 92 0
 77 104 88 0
 84 123 104 0
 87 132 110 0
 79 125 99 0
 84 127 102 0
 84 134 106 0
 67 115 87 0
 86 127 99 0
 87 121 95 0
 87 124 98 0
 75 114 87 0
 72 116 88 0
 74 119 89 0
 67 112 85 0
 55 98 73 0
 67 110 84 0
 68 109 85 0
 59 101 79 0
 58 95 77 0
 92 122 103 0
 139 151 134 0
 141 136 120 0
 100 119 96 0
 83 110 91 0
 76 101 86 0
 83 109 90 0
 88 118 104 0
 59 88 80 0
 71 105 94 0
 55 88 74 0
 72 115 97 0
 68 116 94 0
 61 97 80 0
 49 86 68 0
 71 114 98 0
 73 113 94 0
 70 110 89 0
 64 105 86 0
 75 113 94 0
 97 114 97 0
 247 246 241 0
 252 250 243 0
 251 250 241 0
 251 250 241 0
 239 204 196 0
 119 126 112 0
 110 132 119 0
 94 126 111 0
 105 138 123 0
 110 142 127 0
 97 130 115 0
 91 127 111 0
 100 134 119 0
 106 137 122 0
50 150 100 0
50 150 100 0
50 150 100 0
50 150 100 0
50 150 100 0
 76 111 91 0
 65 90 75 0
 85 120 103 0
 84 132 111 0
 79 124 99 0
 73 113 89 0
 88 132 106 0
 66 110 83 0
 82 124 97 0
 81 112 87 0
 86 122 96 0
 73 113 86 0
 71 117 90 0
 69 116 86 0
 66 111 81 0
 57 99 74 0
 69 113 88 0
 69 110 87 0
 52 92 72 0
 61 96 78 0
 87 120 101 0
 144 145 130 1
 113 114 97 0
 100 118 97 0
 74 95 78 0
 72 97 82 0
 85 111 95 0
 84 113 101 0
 58 88 81 0
 54 83 71 0
 70 106 93 0
 72 115 98 0
 60 106 84 0
 63 101 83 0
 64 105 86 0
 74 117 98 0
 64 104 83 0
 69 108 89 0
 63 104 86 0
 70 106 86 0
 95 106 90 0
 251 250 246 0
 253 252 248 0
 251 251 242 0
 248 231 221 0
 185 151 139 0
 122 133 118 0
 100 126 113 0
 105 139 124 0
 109 140 125 0
 102 134 119 0
 92 127 111 0
 99 134 118 0
 102 132 116 0
 95 122 108 0
50 150 100 0
50 150 100 0
50 150 100 0
50 150 100 0
50 150 100 0
50 150 100 0
 55 82 66 0
 81 115 99 0
 84 130 110 0
 78 123 101 0
 73 109 88 0
 89 130 106 0
 69 109 85 0
 79 123 96 0
 83 123 97 0
 84 116 92 0
 74 111 87 0
 71 117 89 0
 46 87 62 0
 61 106 77 0
 55 93 68 0
 65 111 85 0
 66 107 84 0
 58 96 78 0
 63 96 80 0
 115 135 116 0
 186 181 166 1
 104 104 88 0
 97 115 94 0
 80 104 87 0
 78 105 90 0
 81 105 92 0
 83 113 104 0
 75 108 100 0
 60 90 78 0
 73 111 99 0
 59 101 83 0
 79 126 104 0
 65 105 85 0
 70 115 93 0
 68 112 93 0
 73 118 97 0
 61 98 80 0
 66 104 86 0
 77 108 88 0
 108 116 98 0
 251 251 248 0
 254 254 249 0
 252 253 245 0
 249 237 220 0
 127 133 119 0
 100 120 108 0
 99 129 115 0
 107 138 123 0
 111 141 126 0
 97 131 116 0
 94 130 113 0
 107 139 122 0
 99 128 113 0
50 150 100 0
50 150 100 0
50 150 100 0
50 150 100 0
50 150 100 0
50 150 100 0
50 150 100 0
 78 112 92 0
 86 120 101 0
 88 126 109 0
 86 132 110 0
 83 124 101 0
 82 119 97 0
 80 121 100 0
 81 125 100 0
 79 121 94 0
 79 112 89 0
 67 102 82 0
 69 111 84 0
 62 105 81 0
 44 86 59 0
 52 87 65 0
 65 111 86 0
 63 104 82 0
 64 103 83 0
 66 103 86 0
 103 126 107 0
 165 164 147 1
 96 103 85 0
 92 112 91 0
 91 119 100 0
 83 110 96 0
 84 107 97 0
 90 119 111 0
 79 113 105 0
 58 88 80 0
 77 114 104 0
 61 101 84 0
 84 129 110 0
 73 115 94 0
 62 106 87 0
 67 111 93 0
 67 111 92 0
 69 108 89 0
 69 107 89 0
 78 103 84 0
 248 248 244 0
 254 254 251 0
 254 254 249 0
 253 254 246 0
 248 226 201 0
 137 135 122 0
 97 116 105 0
 104 135 121 0
 110 139 124 0
 109 140 125 0
 93 130 114 0
 111 144 126 0
 106 136 120 0
 99 128 114 0
50 150 100 0
50 150 100 0
50 150 100 0
50 150 100 0
50 150 100 0
50 150 100 0
50 150 100 0
50 150 100 0
 89 124 104 0
 91 124 107 0
 91 132 111 0
 82 121 99 0
 77 115 94 0
 50 90 71 0
 80 126 100 0
 72 116 87 0
 69 104 79 0
 74 113 91 0
 58 99 74 0
 56 96 74 0
 55 94 71 0
 55 90 69 0
 66 111 86 0
 58 99 80 0
 64 103 83 0
 57 93 75 0
 88 124 106 0
 154 157 138 1
 112 120 100 0
 84 103 84 0
 86 115 97 0
 71 99 86 0
 90 114 107 0
 81 110 103 0
 85 120 113 0
 75 106 99 0
 75 112 102 0
 63 101 85 0
 83 126 110 0
 74 114 96 0
 71 114 96 0
 58 101 83 0
 42 84 66 0
 69 109 88 0
 70 105 85 0
 100 111 94 0
 249 248 245 0
 254 255 251 1
 254 254 251 0
 252 251 240 0
 226 172 156 0
 137 139 126 0
 94 119 107 0
 108 137 123 0
 108 135 122 0
 101 135 120 0
 106 141 124 0
 111 141 122 0
 108 139 123 0
50 150 100 0
50 150 100 0
50 150 100 0
50 150 100 0
50 150 100 0
50 150 100 0
50 150 100 0
50 150 100 0
50 150 100 0
 85 115 96 0
 85 114 98 0
 101 135 116 0
 88 128 107 0
 79 116 95 0
 71 110 89 0
 76 122 98 0
 66 114 85 0
 67 108 80 0
 75 119 92 0
 65 106 82 0
 61 103 79 0
 50 91 68 0
 71 112 87 0
 64 105 86 0
 52 93 77 0
 65 104 87 0
 51 83 67 0
 90 125 107 0
 130 139 120 1
 94 113 93 0
 77 104 88 0
 81 115 100 0
 93 125 117 0
 86 112 108 0
 82 115 108 0
 77 112 102 0
 64 93 88 0
 62 95 88 0
 69 105 90 0
 75 116 104 0
 71 112 94 0
 56 99 81 0
 60 101 85 0
 71 114 94 0
 71 114 91 0
 72 101 81 0
 99 110 95 0
 250 250 248 0
 254 254 251 0
 253 253 248 0
 246 217 197 0
 136 142 129 0
 103 122 110 0
 105 133 120 0
 108 135 121 0
 104 132 119 0
 99 132 116 0
 107 138 120 0
 114 143 124 0
 110 139 123 0
50 150 100 0
50 150 100 0
50 150 100 0
50 150 100 0
50 150 100 0
50 150 100 0
50 150 100 0
50 150 100 0
50 150 100 0
50 150 100 0
 86 110 95 0
 99 136 117 0
 74 115 94 0
 78 116 94 0
 65 103 80 0
 73 116 93 0
 65 114 85 0
 62 108 78 0
 78 125 98 0
 61 106 80 0
 59 100 78 0
 69 115 91 0
 65 109 85 0
 78 119 103 0
 64 106 89 0
 56 90 74 0
 63 99 82 0
 87 125 107 0
 123 135 116 1
 82 97 79 0
 85 110 92 0
 70 98 83 0
 84 120 107 0
 90 118 111 0
 76 109 103 0
 72 110 100 0
 71 103 96 0
 79 113 106 0
 65 98 84 0
 70 108 95 0
 72 115 97 0
 61 104 86 0
 61 104 86 0
 73 116 95 0
 67 105 84 0
 88 115 95 0
 148 146 136 0
 252 253 250 0
 254 255 251 1
 252 250 243 0
 239 182 166 0
 139 138 125 0
 109 129 117 0
 109 135 122 0
 101 128 115 0
 99 127 114 0
 102 133 118 0
 113 143 125 0
 108 137 120 0
50 150 100 0
50 150 100 0
50 150 100 0
50 150 100 0
50 150 100 0
50 150 100 0
50 150 100 0
50 150 100 0
50 150 100 0
50 150 100 0
50 150 100 0
 93 119 102 0
 93 122 107 0
 73 115 93 0
 76 115 92 0
 68 107 82 0
 61 100 77 0
 61 108 80 0
 64 114 82 0
 69 113 85 0
 62 107 82 0
 66 111 86 0
 72 115 93 0
 58 105 80 0
 74 116 100 0
 63 102 89 0
 63 101 86 0
 70 104 89 0
 87 127 109 0
 134 148 131 1
 98 119 97 0
 82 110 91 0
 86 120 103 0
 83 117 105 0
 83 113 104 0
 73 106 99 0
 73 113 105 0
 75 111 103 0
 76 112 103 0
 70 104 91 0
 73 114 100 0
 73 121 100 0
 68 112 92 0
 66 109 90 0
 65 105 84 0
 66 101 81 0
 115 127 112 0
 249 249 245 0
 254 255 253 1
 253 254 250 0
 247 221 208 0
 236 179 163 0
 118 127 116 0
 109 133 120 0
 105 132 119 0
 100 127 114 0
 96 122 109 0
 105 132 118 0
 112 141 123 0
 106 135 118 0
50 150 100 0
50 150 100 0
50 150 100 0
50 150 100 0
50 150 100 0
50 150 100 0
50 150 100 0
50 150 100 0
50 150 100 0
50 150 100 0
50 150 100 0
50 150 100 0
 87 114 97 0
 69 106 87 0
 74 114 91 0
 51 87 63 0
 73 110 87 0
 54 99 72 0
 64 113 83 0
 48 85 59 0
 70 122 95 0
 61 106 80 0
 67 112 88 0
 64 108 86 0
 51 90 76 0
 59 97 84 0
 58 93 79 0
 74 109 96 0
 90 127 110 0
 134 150 133 1
 92 117 94 0
 72 97 79 0
 81 114 97 0
 85 121 108 0
 72 102 92 0
 78 112 105 0
 72 111 103 0
 75 114 105 0
 64 100 90 0
 76 116 101 0
 74 115 100 0
 74 123 102 0
 65 109 87 0
 70 112 93 0
 60 97 78 0
 77 109 89 0
 110 125 109 0
 250 250 247 0
 254 255 253 1
 252 249 242 0
 240 185 169 0
 145 140 126 0
 114 129 117 0
 107 133 121 0
 97 125 112 0
 103 129 116 0
 110 134 121 0
 107 133 118 0
 104 130 115 0
50 150 100 0
50 150 100 0
50 150 100 0
50 150 100 0
50 150 100 0
50 150 100 0
50 150 100 0
50 150 100 0
50 150 100 0
50 150 100 0
50 150 100 0
50 150 100 0
50 150 100 0
 78 105 88 0
 82 114 98 0
 74 115 94 0
 67 107 83 0
 51 85 61 0
 49 88 65 0
 72 120 93 0
 68 115 87 0
 60 109 83 0
 37 72 52 0
 55 98 76 0
 71 117 95 0
 73 111 100 0
 50 82 72 0
 58 88 78 0
 85 121 108 0
 139 154 140 1
 98 126 104 0
 83 117 94 0
 75 104 85 0
 88 117 102 0
 89 125 113 0
 80 114 101 0
 68 98 91 0
 65 100 94 0
 68 106 97 0
 65 97 88 0
 66 104 90 0
 73 113 98 0
 67 114 94 0
 61 101 81 0
 68 108 89 0
 66 104 85 0
 83 114 93 0
 123 131 117 0
 251 252 249 0
 253 254 253 0
 253 250 244 0
 242 189 172 0
 136 137 123 0
 107 126 114 0
 102 129 117 0
 96 123 111 0
 101 127 113 0
 112 136 121 0
 110 134 119 0
 104 126 112 0
50 150 100 0
50 150 100 0
50 150 100 0
50 150 100 0
50 150 100 0
50 150 100 0
50 150 100 0
50 150 100 0
50 150 100 0
50 150 100 0
50 150 100 0
50 150 100 0
50 150 100 0
50 150 100 0
 88 122 105 0
 82 118 99 0
 76 118 94 0
 66 103 77 0
 64 101 78 0
 72 124 98 0
 70 118 91 0
 79 124 102 0
 63 111 89 0
 59 99 79 0
 73 127 102 0
 66 107 91 0
 58 88 79 0
 64 95 87 0
 95 128 113 0
 161 166 153 1
 91 118 97 0
 77 113 90 0
 69 99 80 0
 92 122 105 0
 92 126 113 0
 79 117 102 0
 64 90 82 0
 71 111 103 0
 60 93 85 0
 76 109 97 0
 66 102 89 0
 62 105 88 0
 54 93 75 0
 70 109 91 0
 56 97 76 0
 74 112 91 0
 80 107 87 0
 248 249 245 0
 253 255 253 1
 254 254 251 0
 248 221 207 0
 231 174 158 0
 120 128 116 0
 108 131 119 0
 95 123 111 0
 89 116 104 0
 102 127 113 0
 114 136 119 0
 113 133 116 0
50 150 100 0
50 150 100 0
50 150 100 0
50 150 100 0
50 150 100 0
50 150 100 0
50 150 100 0
50 150 100 0
50 150 100 0
50 150 100 0
50 150 100 0
50 150 100 0
50 150 100 0
50 150 100 0
50 150 100 0
 78 114 98 0
 77 112 93 0
 79 118 96 0
 65 101 78 0
 76 113 89 0
 72 125 99 0
 60 102 76 0
 82 124 101 0
 72 123 100 0
 49 83 66 0
 65 119 96 0
 61 102 85 0
 42 66 58 0
 62 89 82 0
 73 107 95 0
 154 160 146 1
 93 123 104 0
 61 95 75 0
 77 107 87 0
 92 125 107 0
 86 119 107 0
 68 101 87 0
 65 86 82 0
 71 104 99 0
 62 95 87 0
 59 91 79 0
 76 114 102 0
 61 103 85 0
 65 108 91 0
 67 108 90 0
 72 114 93 0
 64 93 74 0
 94 115 96 0
 250 251 247 0
 254 255 253 1
 253 248 241 0
 239 181 165 0
 137 132 117 0
 115 128 116 0
 98 123 112 0
 83 109 97 0
 87 113 99 0
 101 122 107 0
 113 131 114 0
 109 128 111 0
50 150 100 0
50 150 100 0
50 150 100 0
50 150 100 0
50 150 100 0
50 150 100 0
50 150 100 0
50 150 100 0
50 150 100 0
50 150 100 0
50 150 100 0
50 150 100 0
50 150 100 0
50 150 100 0
50 150 100 0
 11 17 12 0
 75 111 93 0
 70 105 85 0
 73 111 91 0
 72 108 86 0
 72 120 98 0
 75 130 105 0
 63 100 77 0
 65 113 90 0
 52 84 68 0
 67 119 99 0
 42 88 69 0
 51 78 68 0
 62 90 81 0
 82 113 103 0
 154 156 143 1
 100 126 109 0
 80 116 99 0
 69 98 81 0
 84 118 101 0
 59 90 80 0
 72 107 94 0
 74 101 93 0
 68 92 89 0
 76 112 104 0
 72 105 91 0
 74 111 99 0
 75 118 100 0
 67 108 91 0
 80 124 106 0
 69 110 89 0
 71 95 76 0
 138 145 131 0
 252 253 249 0
 253 255 253 1
 253 250 244 0
 236 185 169 0
 133 131 118 0
 107 122 110 0
 96 121 108 0
 85 110 96 0
 88 112 95 0
 108 121 103 0
 105 121 102 0
50 150 100 0
50 150 100 0
50 150 100 0
50 150 100 0
50 150 100 0
50 150 100 0
50 150 100 0
50 150 100 0
50 150 100 0
50 150 100 0
50 150 100 0
50 150 100 0
50 150 100 0
50 150 100 0
50 150 100 0
50 150 100 0
50 150 100 0
 66 103 83 0
 68 102 82 0
 73 114 93 0
 76 114 91 0
 72 114 94 0
 74 130 105 0
 72 110 88 0
 44 82 62 0
 52 85 69 0
 64 109 91 0
 45 80 65 0
 68 100 86 0
 59 88 76 0
 101 124 115 0
 198 185 178 1
 90 116 101 0
 50 75 61 0
 81 115 99 0
 70 100 91 0
 67 101 91 0
 57 86 76 0
 53 73 68 0
 77 108 103 0
 76 111 100 0
 58 88 76 0
 82 122 110 0
 71 116 97 0
 66 106 88 0
 66 107 86 0
 63 87 70 0
 80 99 80 0
 128 130 117 0
 252 253 250 0
 253 254 251 0
 249 223 207 0
 232 184 169 0
 127 131 117 0
 102 118 106 0
 84 108 95 0
 83 107 91 0
 96 115 97 0
 108 120 102 0
 103 120 101 0
50 150 100 0
50 150 100 0
50 150 100 0
50 150 100 0
50 150 100 0
50 150 100 0
50 150 100 0
50 150 100 0
50 150 100 0
50 150 100 0
50 150 100 0
50 150 100 0
50 150 100 0
50 150 100 0
50 150 100 0
50 150 100 0
50 150 100 0
 48 79 61 0
 65 103 81 0
 69 107 87 0
 70 111 91 0
 78 120 102 0
 66 120 96 0
 55 95 72 0
 62 100 77 0
 55 93 75 0
 66 110 90 0
 46 82 66 0
 67 99 87 0
 52 80 69 0
 73 104 93 0
 164 158 149 1
 121 128 112 0
 76 102 90 0
 72 103 90 0
 74 103 99 0
 73 107 99 0
 57 85 75 0
 77 111 104 0
 68 99 88 0
 58 92 79 0
 69 103 92 0
 73 114 100 0
 60 102 84 0
 63 103 86 0
 67 113 93 0
 67 98 78 0
 87 102 84 0
 251 251 246 0
 254 254 253 0
 253 248 242 0
 236 183 168 0
 139 135 121 0
 111 121 104 0
 87 103 90 0
 85 106 90 0
 88 109 93 0
 112 125 105 0
 102 119 97 0
50 150 100 0
50 150 100 0
50 150 100 0
50 150 100 0
50 150 100 0
50 150 100 0
50 150 100 0
50 150 100 0
50 150 100 0
50 150 100 0
50 150 100 0
50 150 100 0
50 150 100 0
50 150 100 0
50 150 100 0
50 150 100 0
50 150 100 0
50 150 100 0
50 150 100 0
 67 108 84 0
 72 112 88 0
 65 105 86 0
 79 128 108 0
 58 112 91 0
 50 94 72 0
 74 115 91 0
 53 89 69 0
 61 102 82 0
 53 93 76 0
 86 127 114 0
 69 103 87 0
 97 125 113 0
 187 177 169 1
 111 132 116 0
 87 117 106 0
 64 93 80 0
 73 100 99 0
 55 83 75 0
 65 92 83 0
 69 103 95 0
 67 100 85 0
 65 100 85 0
 79 121 108 0
 65 102 86 0
 53 89 73 0
 64 104 87 0
 68 114 95 0
 67 88 71 0
 109 115 100 0
 249 248 245 0
 254 255 253 1
 253 250 244 0
 237 176 160 0
 137 129 113 0
 103 111 93 0
 87 99 85 0
 82 100 84 0
 90 109 92 0
 115 128 107 0
 109 125 103 0
50 150 100 0
50 150 100 0
50 150 100 0
50 150 100 0
50 150 100 0
50 150 100 0
50 150 100 0
50 150 100 0
50 150 100 0
50 150 100 0
50 150 100 0
50 150 100 0
50 150 100 0
50 150 100 0
50 150 100 0
50 150 100 0
50 150 100 0
50 150 100 0
50 150 100 0
 49 83 64 0
 64 106 82 0
 64 103 83 0
 68 118 98 0
 54 100 83 0
 60 111 88 0
 52 89 68 0
 64 106 83 0
 57 96 77 0
 52 93 77 0
 73 115 100 0
 67 105 89 0
 74 108 92 0
 141 144 133 1
 100 122 108 0
 66 85 75 0
 73 103 92 0
 84 115 109 0
 73 105 99 0
 76 107 96 0
 72 108 98 0
 73 109 93 0
 55 87 77 0
 69 113 103 0
 58 94 79 0
 63 99 82 0
 73 120 105 0
 56 91 73 0
 69 91 74 0
 135 118 106 0
 252 252 249 0
 253 254 251 0
 249 219 202 0
 178 145 128 0
 123 125 104 0
 103 109 91 0
 92 103 85 0
 79 95 81 0
 100 115 95 0
 119 132 111 0
 21 26 19 0
50 150 100 0
50 150 100 0
50 150 100 0
50 150 100 0
50 150 100 0
50 150 100 0
50 150 100 0
50 150 100 0
50 150 100 0
50 150 100 0
50 150 100 0
50 150 100 0
50 150 100 0
50 150 100 0
50 150 100 0
50 150 100 0
50 150 100 0
50 150 100 0
50 150 100 0
50 150 100 0
 54 91 71 0
 70 111 88 0
 50 85 69 0
 63 110 92 0
 50 99 76 0
 59 104 80 0
 69 115 90 0
 49 82 65 0
 72 112 99 0
 62 105 92 0
 61 98 83 0
 78 112 96 0
 161 158 149 1
 92 116 103 0
 86 112 103 0
 73 104 95 0
 53 83 78 0
 74 109 101 0
 72 101 90 0
 61 95 84 0
 69 105 89 0
 57 89 79 0
 69 112 103 0
 58 93 77 0
 70 110 90 0
 63 106 91 0
 62 87 72 0
 94 109 94 0
 231 195 172 0
 253 254 251 0
 253 251 246 0
 243 186 170 0
 160 125 105 0
 114 114 92 0
 98 107 88 0
 88 100 82 0
 82 99 82 0
 105 119 99 0
 114 129 109 0
50 150 100 0
50 150 100 0
50 150 100 0
50 150 100 0
50 150 100 0
50 150 100 0
50 150 100 0
50 150 100 0
50 150 100 0
50 150 100 0
50 150 100 0
50 150 100 0
50 150 100 0
50 150 100 0
50 150 100 0
50 150 100 0
50 150 100 0
50 150 100 0
50 150 100 0
50 150 100 0
50 150 100 0
 48 73 59 0
 68 104 84 0
 64 103 83 0
 74 118 101 0
 43 87 65 0
 72 118 96 0
 51 90 68 0
 60 97 80 0
 63 103 93 0
 72 120 106 0
 60 100 86 0
 76 110 95 0
 163 159 150 1
 105 125 112 0
 73 100 91 0
 80 113 104 0
 73 104 99 0
 78 115 108 0
 58 86 75 0
 76 107 97 0
 57 89 76 0
 59 87 79 0
 46 83 75 0
 50 84 70 0
 65 110 89 0
 64 108 91 0
 63 88 74 0
 87 106 92 0
 253 252 247 0
 253 254 253 0
 252 250 245 0
 236 167 153 0
 174 145 125 1
 121 119 96 0
 91 102 81 0
 89 102 85 0
 88 105 85 0
 109 124 107 0
50 150 100 0
50 150 100 0
50 150 100 0
50 150 100 0
50 150 100 0
50 150 100 0
50 150 100 0
50 150 100 0
50 150 100 0
50 150 100 0
50 150 100 0
50 150 100 0
50 150 100 0
50 150 100 0
50 150 100 0
50 150 100 0
50 150 100 0
50 150 100 0
50 150 100 0
50 150 100 0
50 150 100 0
50 150 100 0
50 150 100 0
 73 108 89 0
 62 99 79 0
 78 120 102 0
 69 107 89 0
 68 108 87 0
 67 105 87 0
 76 118 100 0
 51 90 75 0
 66 120 102 0
 56 92 77 0
 55 76 64 0
 127 129 119 1
 96 117 101 0
 74 100 89 0
 63 88 84 0
 61 88 83 0
 75 115 109 0
 77 107 95 0
 66 101 89 0
 84 123 112 0
 66 99 86 0
 46 79 70 0
 64 100 86 0
 66 112 93 0
 62 101 83 0
 77 94 81 0
 220 160 152 0
 253 252 249 0
 253 254 251 0
 249 217 202 0
 136 104 81 0
 151 130 110 1
 97 104 82 0
 83 94 76 0
 90 104 87 0
 92 110 94 0
 112 130 114 0
50 150 100 0
50 150 100 0
50 150 100 0
50 150 100 0
50 150 100 0
50 150 100 0
50 150 100 0
50 150 100 0
50 150 100 0
50 150 100 0
50 150 100 0
50 150 100 0
50 150 100 0
50 150 100 0
50 150 100 0
50 150 100 0
50 150 100 0
50 150 100 0
50 150 100 0
50 150 100 0
50 150 100 0
50 150 100 0
50 150 100 0
 65 99 81 0
 84 123 104 0
 86 128 107 0
 72 106 92 0
 58 89 72 0
 83 120 102 0
 74 113 95 0
 69 117 100 0
 58 114 93 0
 64 100 83 0
 55 61 54 0
 108 119 108 0
 79 104 88 0
 62 84 73 0
 78 109 105 0
 53 76 72 0
 54 84 79 0
 62 89 78 0
 69 105 93 0
 64 105 93 0
 71 106 90 0
 61 97 83 0
 50 77 64 0
 70 116 96 0
 53 86 69 0
 70 93 80 0
 204 112 108 0
 253 253 250 0
 252 250 244 0
 240 176 162 0
 123 93 72 0
 159 145 132 1
 95 105 82 0
 84 100 80 0
 103 121 105 0
 105 128 113 0
50 150 100 0
50 150 100 0
50 150 100 0
50 150 100 0
50 150 100 0
50 150 100 0
50 150 100 0
50 150 100 0
50 150 100 0
50 150 100 0
50 150 100 0
50 150 100 0
50 150 100 0
50 150 100 0
50 150 100 0
50 150 100 0
50 150 100 0
50 150 100 0
50 150 100 0
50 150 100 0
50 150 100 0
50 150 100 0
50 150 100 0
50 150 100 0
50 150 100 0
 85 126 106 0
 80 120 100 0
 71 108 88 0
 81 112 99 0
 78 112 91 0
 83 126 108 0
 49 81 69 0
 72 123 109 0
 61 109 92 0
 58 83 70 0
 180 166 159 1
 69 91 78 0
 62 82 77 0
 78 108 106 0
 65 92 88 0
 75 112 112 0
 78 104 93 0
 70 107 98 0
 59 98 87 0
 63 103 86 0
 65 100 83 0
 73 103 89 0
 62 107 88 0
 61 92 77 0
 87 104 92 0
 223 176 166 0
 254 254 251 0
 252 250 244 0
 240 159 145 0
 120 103 82 0
 116 117 98 0
 85 105 83 0
 99 124 105 0
 104 126 111 0
 87 105 94 0
50 150 100 0
50 150 100 0
50 150 100 0
50 150 100 0
50 150 100 0
50 150 100 0
50 150 100 0
50 150 100 0
50 150 100 0
50 150 100 0
50 150 100 0
50 150 100 0
50 150 100 0
50 150 100 0
50 150 100 0
50 150 100 0
50 150 100 0
50 150 100 0
50 150 100 0
50 150 100 0
50 150 100 0
50 150 100 0
50 150 100 0
50 150 100 0
50 150 100 0
 88 127 109 0
 44 71 56 0
 80 121 100 0
 89 122 107 0
 78 110 91 0
 75 113 94 0
 62 93 81 0
 69 116 104 0
 48 88 76 0
 84 90 85 0
 199 177 172 1
 61 77 66 0
 68 91 87 0
 79 115 111 0
 56 87 81 0
 64 99 95 0
 52 72 62 0
 54 92 83 0
 50 81 70 0
 72 119 102 0
 69 106 87 0
 65 101 85 0
 59 100 80 0
 58 86 72 0
 69 86 76 0
 250 239 228 0
 253 253 249 0
 247 205 191 0
 133 78 63 0
 149 144 130 1
 100 117 96 0
 84 111 90 0
 95 122 104 0
 107 127 113 0
 25 32 28 0
50 150 100 0
50 150 100 0
50 150 100 0
50 150 100 0
50 150 100 0
50 150 100 0
50 150 100 0
50 150 100 0
50 150 100 0
50 150 100 0
50 150 100 0
50 150 100 0
50 150 100 0
50 150 100 0
50 150 100 0
50 150 100 0
50 150 100 0
50 150 100 0
50 150 100 0
50 150 100 0
50 150 100 0
50 150 100 0
50 150 100 0
50 150 100 0
50 150 100 0
50 150 100 0
 73 113 94 0
 76 119 97 0
 73 111 94 0
 81 119 101 0
 77 113 90 0
 69 109 88 0
 63 96 86 0
 65 107 95 0
 57 88 77 0
 123 122 113 0
 74 95 84 0
 58 79 75 0
 61 96 92 0
 76 111 105 0
 73 108 102 0
 61 81 74 0
 70 108 99 0
 53 85 74 0
 61 104 86 0
 53 85 68 0
 57 91 75 0
 60 102 83 0
 70 92 82 0
 126 119 109 0
 240 215 204 0
 251 250 245 0
 239 144 131 0
 106 96 79 0
 130 133 121 1
 103 130 111 0
 79 110 91 0
 101 122 107 0
 104 121 110 0
50 150 100 0
50 150 100 0
50 150 100 0
50 150 100 0
50 150 100 0
50 150 100 0
50 150 100 0
50 150 100 0
50 150 100 0
50 150 100 0
50 150 100 0
50 150 100 0
50 150 100 0
50 150 100 0
50 150 100 0
50 150 100 0
50 150 100 0
50 150 100 0
50 150 100 0
50 150 100 0
50 150 100 0
50 150 100 0
50 150 100 0
50 150 100 0
50 150 100 0
50 150 100 0
50 150 100 0
 82 120 103 0
 60 96 77 0
 74 121 100 0
 60 98 83 0
 68 105 82 0
 68 112 88 0
 74 112 97 0
 69 111 100 0
 83 102 91 0
 98 105 92 0
 72 100 88 0
 61 81 75 0
 77 118 113 0
 58 85 79 0
 59 83 79 0
 80 105 98 0
 71 109 101 0
 58 96 81 0
 61 106 89 0
 57 86 71 0
 63 96 79 0
 51 85 71 0
 63 91 77 0
 114 113 103 0
 247 234 226 0
 247 212 194 0
 242 168 148 0
 107 112 100 0
 138 143 134 1
 101 131 117 0
 76 102 87 0
 99 118 106 0
50 150 100 0
50 150 100 0
50 150 100 0
50 150 100 0
50 150 100 0
50 150 100 0
50 150 100 0
50 150 100 0
50 150 100 0
50 150 100 0
50 150 100 0
50 150 100 0
50 150 100 0
50 150 100 0
50 150 100 0
50 150 100 0
50 150 100 0
50 150 100 0
50 150 100 0
50 150 100 0
50 150 100 0
50 150 100 0
50 150 100 0
50 150 100 0
50 150 100 0
50 150 100 0
50 150 100 0
50 150 100 0
50 150 100 0
 77 125 105 0
 55 97 77 0
 66 103 90 0
 64 105 85 0
 55 92 73 0
 61 100 85 0
 54 91 80 0
 51 74 65 0
 164 147 139 1
 92 120 105 0
 65 88 80 0
 69 108 99 0
 60 82 76 0
 76 104 97 0
 74 101 92 0
 66 100 94 0
 49 80 67 0
 53 87 72 0
 66 105 86 0
 59 88 73 0
 52 78 67 0
 78 104 92 0
 121 116 106 0
 157 113 111 0
 228 166 157 0
 133 110 91 0
 107 118 108 0
 172 173 167 1
 72 99 87 0
 100 125 116 0
 80 96 88 0
50 150 100 0
50 150 100 0
50 150 100 0
50 150 100 0
50 150 100 0
50 150 100 0
50 150 100 0
50 150 100 0
50 150 100 0
50 150 100 0
50 150 100 0
50 150 100 0
50 150 100 0
50 150 100 0
50 150 100 0
50 150 100 0
50 150 100 0
50 150 100 0
50 150 100 0
50 150 100 0
50 150 100 0
50 150 100 0
50 150 100 0
50 150 100 0
50 150 100 0
50 150 100 0
50 150 100 0
50 150 100 0
50 150 100 0
 73 122 103 0
 54 88 72 0
 53 86 74 0
 69 117 100 0
 56 94 78 0
 50 82 66 0
 70 102 95 0
 66 78 71 0
 182 164 158 1
 49 73 60 0
 63 88 79 0
 55 89 77 0
 72 98 90 0
 76 109 98 0
 62 90 79 0
 54 84 79 0
 59 100 83 0
 44 76 62 0
 62 96 79 0
 56 88 72 0
 66 99 85 0
 66 93 82 0
 95 107 94 0
 125 107 102 0
 142 131 122 0
 90 103 88 0
 107 117 109 0
 134 139 135 1
 81 107 96 0
 94 115 109 0
50 150 100 0
50 150 100 0
50 150 100 0
50 150 100 0
50 150 100 0
50 150 100 0
50 150 100 0
50 150 100 0
50 150 100 0
50 150 100 0
50 150 100 0
50 150 100 0
50 150 100 0
50 150 100 0
50 150 100 0
50 150 100 0
50 150 100 0
50 150 100 0
50 150 100 0
50 150 100 0
50 150 100 0
50 150 100 0
50 150 100 0
50 150 100 0
50 150 100 0
50 150 100 0
50 150 100 0
50 150 100 0
50 150 100 0
50 150 100 0
50 150 100 0
 66 117 97 0
 70 107 92 0
 46 77 64 0
 47 84 71 0
 64 98 83 0
 80 116 107 0
 70 97 88 0
 138 134 125 1
 80 109 92 0
 49 73 64 0
 83 117 102 0
 59 81 70 0
 81 121 108 0
 47 73 60 0
 65 98 90 0
 45 73 61 0
 63 101 82 0
 65 100 82 0
 52 84 68 0
 53 79 69 0
 73 106 94 0
 90 108 94 0
 113 114 105 0
 111 118 106 0
 72 95 81 0
 145 145 141 1
 102 121 116 0
 80 104 95 0
 95 115 109 0
50 150 100 0
50 150 100 0
50 150 100 0
50 150 100 0
50 150 100 0
50 150 100 0
50 150 100 0
50 150 100 0
50 150 100 0
50 150 100 0
50 150 100 0
50 150 100 0
50 150 100 0
50 150 100 0
50 150 100 0
50 150 100 0
50 150 100 0
50 150 100 0
50 150 100 0
50 150 100 0
50 150 100 0
50 150 100 0
50 150 100 0
50 150 100 0
50 150 100 0
50 150 100 0
50 150 100 0
50 150 100 0
50 150 100 0
50 150 100 0
50 150 100 0
 67 111 97 0
 60 107 86 0
 65 101 88 0
 43 78 65 0
 53 88 73 0
 59 96 84 0
 125 125 111 1
 74 89 76 0
 51 73 59 0
 60 87 76 0
 75 112 98 0
 67 97 87 0
 58 93 77 0
 66 100 84 0
 36 56 48 0
 53 78 68 0
 60 100 80 0
 49 78 62 0
 51 83 68 0
 62 90 78 0
 66 88 75 0
 91 115 101 0
 91 97 91 0
 95 117 106 0
 101 119 108 0
 147 146 143 1
 109 131 124 0
 90 112 103 0
50 150 100 0
50 150 100 0
50 150 100 0
50 150 100 0
50 150 100 0
50 150 100 0
50 150 100 0
50 150 100 0
50 150 100 0
50 150 100 0
50 150 100 0
50 150 100 0
50 150 100 0
50 150 100 0
50 150 100 0
50 150 100 0
50 150 100 0
50 150 100 0
50 150 100 0
50 150 100 0
50 150 100 0
50 150 100 0
50 150 100 0
50 150 100 0
50 150 100 0
50 150 100 0
50 150 100 0
50 150 100 0
50 150 100 0
50 150 100 0
50 150 100 0
50 150 100 0
 20 31 27 0
 60 99 80 0
 45 75 63 0
 64 104 92 0
 55 88 73 0
 44 73 60 0
 165 150 137 1
 82 99 82 0
 75 104 90 0
 51 77 69 0
 60 98 84 0
 46 73 63 0
 71 111 95 0
 58 88 72 0
 47 73 60 0
 38 64 53 0
 65 112 95 0
 49 71 60 0
 61 91 77 0
 64 101 87 0
 60 83 72 0
 80 107 94 0
 84 104 98 0
 75 101 91 0
 91 115 105 0
 165 162 159 1
 86 112 103 0
 87 110 98 0
50 150 100 0
50 150 100 0
50 150 100 0
50 150 100 0
50 150 100 0
50 150 100 0
50 150 100 0
50 150 100 0
50 150 100 0
50 150 100 0
50 150 100 0
50 150 100 0
50 150 100 0
50 150 100 0
50 150 100 0
50 150 100 0
50 150 100 0
50 150 100 0
50 150 100 0
50 150 100 0
50 150 100 0
50 150 100 0
50 150 100 0
50 150 100 0
50 150 100 0
50 150 100 0
50 150 100 0
50 150 100 0
50 150 100 0
50 150 100 0
50 150 100 0
50 150 100 0
50 150 100 0
 63 99 90 0
 53 85 71 0
 62 103 92 0
 41 68 57 0
 48 73 62 0
 70 119 103 0
 82 119 101 0
 57 76 65 0
 74 108 96 0
 73 108 100 0
 68 103 91 0
 44 70 58 0
 62 93 81 0
 63 100 88 0
 56 84 72 0
 54 86 68 0
 51 70 60 0
 53 75 64 0
 72 100 88 0
 62 94 83 0
 75 102 91 0
 74 98 88 0
 61 82 75 0
 94 120 112 0
 120 130 126 0
 85 108 96 0
50 150 100 0
50 150 100 0
50 150 100 0
50 150 100 0
50 150 100 0
50 150 100 0
50 150 100 0
50 150 100 0
50 150 100 0
50 150 100 0
50 150 100 0
50 150 100 0
50 150 100 0
50 150 100 0
50 150 100 0
50 150 100 0
50 150 100 0
50 150 100 0
50 150 100 0
50 150 100 0
50 150 100 0
50 150 100 0
50 150 100 0
50 150 100 0
50 150 100 0
50 150 100 0
50 150 100 0
50 150 100 0
50 150 100 0
50 150 100 0
50 150 100 0
50 150 100 0
50 150 100 0
50 150 100 0
 63 98 89 0
 67 102 88 0
 59 94 84 0
 58 99 84 0
 53 81 69 0
 77 112 100 0
 119 113 102 0
 66 94 81 0
 74 107 96 0
 65 91 83 0
 61 94 87 0
 60 86 76 0
 46 75 66 0
 50 80 69 0
 56 91 72 0
 45 61 50 0
 60 87 74 0
 44 69 57 0
 60 88 79 0
 60 93 81 0
 61 84 75 0
 71 98 86 0
 66 93 86 0
 86 108 101 0
 141 143 137 1
 90 107 96 0
50 150 100 0
50 150 100 0
50 150 100 0
50 150 100 0
50 150 100 0
50 150 100 0
50 150 100 0
50 150 100 0
50 150 100 0
50 150 100 0
50 150 100 0
50 150 100 0
50 150 100 0
50 150 100 0
50 150 100 0
50 150 100 0
50 150 100 0
50 150 100 0
50 150 100 0
50 150 100 0
50 150 100 0
50 150 100 0
50 150 100 0
50 150 100 0
50 150 100 0
50 150 100 0
50 150 100 0
50 150 100 0
50 150 100 0
50 150 100 0
50 150 100 0
50 150 100 0
50 150 100 0
50 150 100 0
50 150 100 0
 46 77 67 0
 51 85 74 0
 64 102 88 0
 91 121 108 0
 174 157 149 1
 117 119 106 0
 60 83 71 0
 59 98 89 0
 46 68 60 0
 63 98 90 0
 56 81 72 0
 61 101 91 0
 43 73 62 0
 48 74 59 0
 47 62 52 0
 71 103 92 0
 62 95 83 0
 56 83 73 0
 58 86 75 0
 72 102 91 0
 63 89 80 0
 98 132 124 0
 90 107 98 0
 106 118 110 1
 50 150 100 0
50 150 100 0
50 150 100 0
50 150 100 0
50 150 100 0
50 150 100 0
50 150 100 0
50 150 100 0
50 150 100 0
50 150 100 0
50 150 100 0
50 150 100 0
50 150 100 0
50 150 100 0
50 150 100 0
50 150 100 0
50 150 100 0
50 150 100 0
50 150 100 0
50 150 100 0
50 150 100 0
50 150 100 0
50 150 100 0
50 150 100 0
50 150 100 0
50 150 100 0
50 150 100 0
50 150 100 0
50 150 100 0
50 150 100 0
50 150 100 0
50 150 100 0
50 150 100 0
50 150 100 0
50 150 100 0
50 150 100 0
 62 108 97 0
 33 54 45 0
 55 86 76 0
 79 105 97 0
 174 165 157 1
 79 101 87 0
 54 75 64 0
 63 100 96 0
 60 93 83 0
 41 66 58 0
 60 91 82 0
 43 68 63 0
 58 90 77 0
 50 72 57 0
 48 64 54 0
 68 95 84 0
 53 84 72 0
 59 88 79 0
 55 81 71 0
 62 92 79 0
 58 89 80 0
 83 109 98 0
 118 123 117 0
 160 167 164 1
50 150 100 0
50 150 100 0
50 150 100 0
50 150 100 0
50 150 100 0
50 150 100 0
50 150 100 0
50 150 100 0
50 150 100 0
50 150 100 0
50 150 100 0
50 150 100 0
50 150 100 0
50 150 100 0
50 150 100 0
50 150 100 0
50 150 100 0
50 150 100 0
50 150 100 0
50 150 100 0
50 150 100 0
50 150 100 0
50 150 100 0
50 150 100 0
50 150 100 0
50 150 100 0
50 150 100 0
50 150 100 0
50 150 100 0
50 150 100 0
50 150 100 0
50 150 100 0
50 150 100 0
50 150 100 0
50 150 100 0
50 150 100 0
50 150 100 0
 57 95 84 0
 56 97 84 0
 51 70 66 0
 178 160 154 1
 69 88 76 0
 41 53 45 0
 72 101 100 0
 43 70 67 0
 58 84 75 0
 62 99 89 0
 54 82 70 0
 37 59 47 0
 59 83 69 0
 58 81 71 0
 44 67 56 0
 54 81 72 0
 64 96 85 0
 50 75 66 0
 50 72 63 0
 54 79 71 0
 76 94 88 0
 203 189 193 1
 84 93 90 0
50 150 100 0
50 150 100 0
50 150 100 0
50 150 100 0
50 150 100 0
50 150 100 0
50 150 100 0
50 150 100 0
50 150 100 0
50 150 100 0
50 150 100 0
50 150 100 0
50 150 100 0
50 150 100 0
50 150 100 0
50 150 100 0
50 150 100 0
50 150 100 0
50 150 100 0
50 150 100 0
50 150 100 0
50 150 100 0
50 150 100 0
50 150 100 0
50 150 100 0
50 150 100 0
50 150 100 0
50 150 100 0
50 150 100 0
50 150 100 0
50 150 100 0
50 150 100 0
50 150 100 0
50 150 100 0
50 150 100 0
50 150 100 0
50 150 100 0
 49 73 67 0
 36 61 54 0
 79 103 97 0
 111 121 110 0
 64 80 69 0
 56 68 61 0
 51 72 73 0
 58 88 83 0
 64 93 81 0
 43 68 58 0
 49 74 66 0
 45 65 53 0
 52 74 66 0
 39 57 52 0
 55 78 68 0
 52 73 64 0
 52 80 72 0
 45 62 56 0
 50 69 60 0
 68 95 85 0
 97 129 121 0
 136 131 130 1
50 150 100 0
50 150 100 0
50 150 100 0
50 150 100 0
50 150 100 0
50 150 100 0
50 150 100 0
50 150 100 0
50 150 100 0
50 150 100 0
50 150 100 0
50 150 100 0
50 150 100 0
50 150 100 0
50 150 100 0
50 150 100 0
50 150 100 0
50 150 100 0
50 150 100 0
50 150 100 0
50 150 100 0
50 150 100 0
50 150 100 0
50 150 100 0
50 150 100 0
50 150 100 0
50 150 100 0
50 150 100 0
50 150 100 0
50 150 100 0
50 150 100 0
50 150 100 0
50 150 100 0
50 150 100 0
50 150 100 0
50 150 100 0
50 150 100 0
50 150 100 0
50 150 100 0
 56 92 84 0
 54 74 68 0
 153 145 142 1
 82 97 89 0
 58 76 67 0
 56 88 87 0
 67 95 90 0
 46 71 66 0
 45 69 61 0
 54 83 71 0
 58 78 69 0
 48 65 60 0
 61 85 79 0
 71 99 89 0
 76 114 102 0
 56 88 79 0
 57 82 73 0
 62 82 71 0
 57 83 75 0
 82 108 100 0
 150 150 144 1
50 150 100 0
50 150 100 0
50 150 100 0
50 150 100 0
50 150 100 0
50 150 100 0
50 150 100 0
50 150 100 0
50 150 100 0
50 150 100 0
50 150 100 0
50 150 100 0
50 150 100 0
50 150 100 0
50 150 100 0
50 150 100 0
50 150 100 0
50 150 100 0
50 150 100 0
50 150 100 0
50 150 100 0
50 150 100 0
50 150 100 0
50 150 100 0
50 150 100 0
50 150 100 0
50 150 100 0
50 150 100 0
50 150 100 0
50 150 100 0
50 150 100 0
50 150 100 0
50 150 100 0
50 150 100 0
50 150 100 0
50 150 100 0
50 150 100 0
50 150 100 0
50 150 100 0
 61 92 85 0
 85 104 99 0
 178 165 162 1
 61 83 75 0
 43 59 56 0
 67 94 91 0
 47 73 70 0
 35 53 50 0
 50 73 68 0
 47 66 59 0
 55 77 67 0
 49 64 60 0
 63 84 78 0
 55 88 77 0
 56 87 78 0
 44 65 57 0
 42 63 54 0
 63 92 82 0
 66 91 86 0
 87 112 103 0
50 150 100 0
50 150 100 0
50 150 100 0
50 150 100 0
50 150 100 0
50 150 100 0
50 150 100 0
50 150 100 0
50 150 100 0
50 150 100 0
50 150 100 0
50 150 100 0
50 150 100 0
50 150 100 0
50 150 100 0
50 150 100 0
50 150 100 0
50 150 100 0
50 150 100 0
50 150 100 0
50 150 100 0
50 150 100 0
50 150 100 0
50 150 100 0
50 150 100 0
50 150 100 0
50 150 100 0
50 150 100 0
50 150 100 0
50 150 100 0
50 150 100 0
50 150 100 0
50 150 100 0
50 150 100 0
50 150 100 0
50 150 100 0
50 150 100 0
50 150 100 0
50 150 100 0
50 150 100 0
50 150 100 0
 52 70 68 0
 143 130 126 1
 76 96 89 0
 50 68 64 0
 56 90 82 0
 50 71 68 0
 52 80 73 0
 67 93 88 0
 39 57 50 0
 43 65 56 0
 57 87 78 0
 49 63 59 0
 53 80 71 0
 40 62 54 0
 49 72 64 0
 47 60 56 0
 50 73 69 0
 60 78 75 0
 89 107 102 0
50 150 100 0
50 150 100 0
50 150 100 0
50 150 100 0
50 150 100 0
50 150 100 0
50 150 100 0
50 150 100 0
50 150 100 0
50 150 100 0
50 150 100 0
50 150 100 0
50 150 100 0
50 150 100 0
50 150 100 0
50 150 100 0
50 150 100 0
50 150 100 0
50 150 100 0
50 150 100 0
50 150 100 0
50 150 100 0
50 150 100 0
50 150 100 0
50 150 100 0
50 150 100 0
50 150 100 0
50 150 100 0
50 150 100 0
50 150 100 0
50 150 100 0
50 150 100 0
50 150 100 0
50 150 100 0
50 150 100 0
50 150 100 0
50 150 100 0
50 150 100 0
50 150 100 0
50 150 100 0
50 150 100 0
 73 88 88 0
 186 149 146 1
 100 100 97 0
 57 78 73 0
 47 71 66 0
 63 90 86 0
 61 83 81 0
 44 58 52 0
 56 72 63 0
 41 54 48 0
 42 66 59 0
 57 84 73 0
 72 101 95 0
 46 72 62 0
 42 57 52 0
 57 71 68 0
 63 88 82 0
 75 107 97 0
50 150 100 0
50 150 100 0
50 150 100 0
50 150 100 0
50 150 100 0
50 150 100 0
50 150 100 0
50 150 100 0
50 150 100 0
50 150 100 0
50 150 100 0
50 150 100 0
50 150 100 0
50 150 100 0
50 150 100 0
50 150 100 0
50 150 100 0
50 150 100 0
50 150 100 0
50 150 100 0
50 150 100 0
50 150 100 0
50 150 100 0
50 150 100 0
50 150 100 0
50 150 100 0
50 150 100 0
50 150 100 0
50 150 100 0
50 150 100 0
50 150 100 0
50 150 100 0
50 150 100 0
50 150 100 0
50 150 100 0
50 150 100 0
50 150 100 0
50 150 100 0
50 150 100 0
50 150 100 0
50 150 100 0
50 150 100 0
50 150 100 0
 172 146 142 1
 58 77 70 0
 60 89 80 0
 48 64 60 0
 51 73 69 0
 62 88 85 0
 37 54 48 0
 61 87 76 0
 55 76 70 0
 40 54 49 0
 47 67 61 0
 51 69 63 0
 38 58 53 0
 51 73 64 0
 57 74 73 0
 47 68 63 0
 62 94 85 0
50 150 100 0
50 150 100 0
50 150 100 0
50 150 100 0
50 150 100 0
50 150 100 0
50 150 100 0
50 150 100 0
50 150 100 0
50 150 100 0
50 150 100 0
50 150 100 0
50 150 100 0
50 150 100 0
50 150 100 0
50 150 100 0
50 150 100 0
50 150 100 0
50 150 100 0
50 150 100 0
50 150 100 0
50 150 100 0
50 150 100 0
50 150 100 0
50 150 100 0
50 150 100 0
50 150 100 0
50 150 100 0
50 150 100 0
50 150 100 0
50 150 100 0
50 150 100 0
50 150 100 0
50 150 100 0
50 150 100 0
50 150 100 0
50 150 100 0
50 150 100 0
50 150 100 0
50 150 100 0
50 150 100 0
50 150 100 0
50 150 100 0
 122 117 111 1
 54 75 69 0
 40 62 56 0
 49 64 62 0
 60 91 84 0
 49 58 57 0
 57 76 73 0
 41 65 57 0
 54 83 76 0
 49 61 55 0
 62 81 76 0
 52 73 62 0
 39 52 47 0
 42 66 58 0
 49 68 65 0
 57 81 72 0
50 150 100 0
50 150 100 0
50 150 100 0
50 150 100 0
50 150 100 0
50 150 100 0
50 150 100 0
50 150 100 0
50 150 100 0
50 150 100 0
50 150 100 0
50 150 100 0
50 150 100 0
50 150 100 0
50 150 100 0
50 150 100 0
50 150 100 0
50 150 100 0
50 150 100 0
50 150 100 0
50 150 100 0
50 150 100 0
50 150 100 0
50 150 100 0
50 150 100 0
50 150 100 0
50 150 100 0
50 150 100 0
50 150 100 0
50 150 100 0
50 150 100 0
50 150 100 0
50 150 100 0
50 150 100 0
50 150 100 0
50 150 100 0
50 150 100 0
50 150 100 0
50 150 100 0
50 150 100 0
50 150 100 0
50 150 100 0
50 150 100 0
50 150 100 0
50 150 100 0
 81 93 86 0
 0 0 0 0
 53 74 66 0
 50 63 60 0
 56 88 79 0
 34 45 43 0
 41 60 55 0
 27 42 43 0
 47 62 60 0
 49 63 57 0
 27 40 30 0
 51 72 66 0
 58 87 81 0
 20 26 24 0
 45 62 56 0
50 150 100 0
50 150 100 0
50 150 100 0
50 150 100 0
50 150 100 0
50 150 100 0
50 150 100 0
50 150 100 0
50 150 100 0
50 150 100 0
50 150 100 0
50 150 100 0
50 150 100 0
50 150 100 0
50 150 100 0
50 150 100 0
50 150 100 0
50 150 100 0
50 150 100 0
50 150 100 0
50 150 100 0
50 150 100 0
50 150 100 0
50 150 100 0
50 150 100 0
50 150 100 0
50 150 100 0
50 150 100 0
50 150 100 0
50 150 100 0
50 150 100 0
50 150 100 0
50 150 100 0
50 150 100 0
50 150 100 0
50 150 100 0
50 150 100 0
50 150 100 0
50 150 100 0
50 150 100 0
50 150 100 0
50 150 100 0
50 150 100 0
50 150 100 0
50 150 100 0
50 150 100 0
50 150 100 0
50 150 100 0
50 150 100 0
50 150 100 0
50 150 100 0
50 150 100 0
50 150 100 0
50 150 100 0
50 150 100 0
50 150 100 0
50 150 100 0
50 150 100 0
50 150 100 0
50 150 100 0
50 150 100 0
50 150 100 0
50 150 100 0
50 150 100 0
50 150 100 0
50 150 100 0
50 150 100 0
50 150 100 0
50 150 100 0
50 150 100 0
50 150 100 0
50 150 100 0
50 150 100 0
50 150 100 0
50 150 100 0
50 150 100 0
50 150 100 0
50 150 100 0
50 150 100 0
50 150 100 0
50 150 100 0
50 150 100 0
50 150 100 0
50 150 100 0
50 150 100 0
50 150 100 0
50 150 100 0
50 150 100 0
50 150 100 0
50 150 100 0
50 150 100 0
50 150 100 0
50 150 100 0
50 150 100 0
50 150 100 0
50 150 100 0
50 150 100 0
50 150 100 0
50 150 100 0
50 150 100 0
50 150 100 0
50 150 100 0
50 150 100 0
50 150 100 0
50 150 100 0
50 150 100 0
50 150 100 0
50 150 100 0
50 150 100 0
50 150 100 0
50 150 100 0
50 150 100 0
50 150 100 0
50 150 100 0
50 150 100 0
50 150 100 0
50 150 100 0
50 150 100 0
50 150 100 0
50 150 100 0
50 150 100 0
50 150 100 0
50 150 100 0
50 150 100 0
50 150 100 0
50 150 100 0
50 150 100 0
50 150 100 0
50 150 100 0
50 150 100 0
50 150 100 0
50 150 100 0
50 150 100 0
50 150 100 0
50 150 100 0
50 150 100 0
50 150 100 0
50 150 100 0
50 150 100 0
50 150 100 0
50 150 100 0
50 150 100 0
50 150 100 0
50 150 100 0
50 150 100 0
50 150 100 0
50 150 100 0
50 150 100 0
50 150 100 0
50 150 100 0
50 150 100 0
50 150 100 0
50 150 100 0
50 150 100 0
50 150 100 0
50 150 100 0
50 150 100 0
50 150 100 0
50 150 100 0
50 150 100 0
50 150 100 0
50 150 100 0
50 150 100 0
50 150 100 0
50 150 100 0
50 150 100 0
50 150 100 0
50 150 100 0
50 150 100 0
50 150 100 0
50 150 100 0
50 150 100 0
50 150 100 0
50 150 100 0
50 150 100 0
50 150 100 0
50 150 100 0
50 150 100 0
50 150 100 0
50 150 100 0
50 150 100 0
50 150 100 0
50 150 100 0
50 150 100 0
50 150 100 0
50 150 100 0
50 150 100 0
50 150 100 0
50 150 100 0
50 150 100 0
50 150 100 0
50 150 100 0
50 150 100 0
50 150 100 0
50 150 100 0
50 150 100 0
50 150 100 0
50 150 100 0
50 150 100 0
50 150 100 0
50 150 100 0
50 150 100 0
50 150 100 0
50 150 100 0
50 150 100 0
50 150 100 0
50 150 100 0
50 150 100 0
50 150 100 0
50 150 100 0
50 150 100 0
50 150 100 0
50 150 100 0
50 150 100 0
50 150 100 0
50 150 100 0
50 150 100 0
50 150 100 0
50 150 100 0
50 150 100 0
50 150 100 0
50 150 100 0
50 150 100 0
50 150 100 0
50 150 100 0
50 150 100 0
50 150 100 0
50 150 100 0
50 150 100 0
50 150 100 0
50 150 100 0
50 150 100 0
50 150 100 0
50 150 100 0
50 150 100 0
50 150 100 0
50 150 100 0
50 150 100 0
50 150 100 0
50 150 100 0
50 150 100 0
50 150 100 0
50 150 100 0
50 150 100 0
50 150 100 0
50 150 100 0
50 150 100 0
50 150 100 0
50 150 100 0
50 150 100 0
50 150 100 0
50 150 100 0
50 150 100 0
50 150 100 0
50 150 100 0
50 150 100 0
50 150 100 0
50 150 100 0
50 150 100 0
50 150 100 0
50 150 100 0
50 150 100 0

