 93 130 107 0
 93 132 109 0
 93 135 110 0
 84 121 99 0
 90 131 109 0
 91 132 109 0
 87 126 101 0
 87 128 103 0
 93 135 110 0
 86 130 104 0
 68 103 81 0
 92 126 105 0
 84 114 94 0
 92 126 104 0
 78 102 82 0
 82 118 97 0
 93 131 107 0
 88 122 97 0
 94 129 105 0
 88 126 101 0
 83 118 93 0
 87 125 101 0
 78 118 93 0
 66 111 85 0
 66 112 83 0
 72 113 86 0
 72 118 91 0
 68 110 85 0
 82 123 97 0
 126 141 120 0
 145 158 138 1
 74 99 75 0
 92 120 98 0
 92 126 106 0
 75 108 89 0
 85 120 104 0
 86 124 105 0
 76 116 95 0
 86 123 107 0
 84 127 111 0
 80 127 110 0
 84 129 112 0
 83 128 111 0
 86 125 113 0
 88 129 120 0
 76 119 110 0
 80 123 114 0
 96 137 129 0
 95 137 130 0
 91 127 122 0
 98 135 130 0
 126 149 146 0
 209 211 210 1
 128 151 145 0
 110 143 136 0
 108 143 138 0
 106 140 136 0
 118 151 145 0
 124 157 150 0
 127 160 157 0
 88 126 101 0
 95 132 109 0
 96 136 111 0
 84 123 100 0
 100 135 114 0
 90 130 108 0
 81 120 95 0
 99 139 114 0
 90 132 106 0
 87 129 104 0
 91 131 106 0
 82 117 94 0
 83 114 94 0
 84 115 94 0
 86 116 95 0
 81 115 95 0
 95 132 108 0
 90 124 98 0
 98 133 108 0
 89 126 100 0
 79 114 89 0
 92 131 106 0
 75 116 91 0
 49 94 68 0
 68 113 86 0
 63 103 77 0
 72 117 90 0
 73 116 92 0
 82 121 96 0
 141 151 131 1
 98 122 102 0
 73 98 75 0
 96 125 104 0
 92 126 106 0
 81 115 95 0
 83 119 102 0
 83 123 104 0
 79 119 98 0
 87 124 109 0
 78 121 106 0
 80 126 110 0
 87 131 114 0
 82 126 108 0
 89 127 115 0
 86 129 118 0
 70 112 103 0
 75 118 109 0
 82 123 115 0
 92 131 124 0
 89 123 119 0
 115 146 142 0
 144 164 159 0
 137 151 148 0
 113 143 137 0
 112 146 140 0
 104 140 134 0
 112 147 142 0
 119 154 148 0
 121 153 149 0
 126 159 158 0
 81 115 92 0
 96 133 109 0
 92 130 105 0
 89 129 104 0
 100 136 115 0
 92 130 109 0
 85 124 100 0
 90 130 105 0
 89 131 105 0
 86 127 102 0
 83 124 99 0
 93 127 105 0
 82 115 93 0
 85 115 94 0
 77 107 87 0
 88 118 98 0
 94 130 106 0
 82 117 92 0
 100 133 107 0
 90 126 100 0
 72 108 83 0
 92 129 104 0
 75 115 89 0
 70 114 88 0
 64 108 81 0
 69 109 83 0
 68 112 86 0
 73 116 93 0
 85 126 100 0
 111 131 109 0
 94 119 99 0
 86 116 92 0
 95 125 103 0
 88 123 103 0
 76 109 90 0
 85 121 104 0
 83 123 106 0
 74 114 93 0
 86 123 108 0
 71 116 100 0
 83 128 112 0
 94 132 117 0
 82 126 109 0
 92 131 119 0
 75 117 106 0
 74 116 107 0
 81 124 115 0
 74 112 104 0
 89 126 121 0
 100 133 129 0
 138 162 156 0
 200 204 201 1
 119 138 134 0
 109 142 135 0
 112 147 140 0
 106 141 135 0
 119 154 148 0
 121 156 150 0
 121 154 150 0
 125 157 156 0
 70 98 78 0
 96 133 109 0
 91 128 104 0
 91 130 106 0
 83 120 96 0
 96 134 113 0
 81 120 97 0
 86 125 100 0
 94 135 109 0
 80 121 95 0
 84 125 99 0
 93 128 104 0
 94 126 103 0
 84 114 93 0
 80 111 90 0
 97 129 108 0
 101 134 110 0
 76 108 83 0
 96 128 103 0
 85 119 94 0
 68 105 79 0
 88 127 101 0
 73 115 86 0
 71 115 89 0
 63 106 80 0
 74 115 89 0
 69 113 87 0
 73 116 94 0
 88 130 103 0
 147 154 134 1
 92 119 98 0
 88 122 95 0
 90 121 99 0
 88 122 103 0
 67 100 80 0
 77 115 97 0
 90 130 116 0
 71 110 91 0
 82 120 104 0
 68 112 96 0
 78 119 103 0
 79 120 103 0
 84 126 111 0
 88 126 114 0
 73 113 102 0
 75 116 107 0
 83 124 115 0
 75 113 106 0
 88 124 119 0
 95 127 124 0
 117 144 140 0
 180 186 183 1
 111 135 131 0
 108 140 134 0
 112 146 140 0
 113 147 141 0
 123 158 152 0
 120 154 148 0
 122 156 153 0
 132 163 159 0
 89 125 103 0
 84 118 96 0
 97 134 110 0
 88 124 101 0
 88 125 100 0
 94 132 110 0
 79 116 94 0
 84 123 98 0
 88 129 103 0
 77 117 91 0
 87 127 102 0
 115 147 122 0
 97 124 101 0
 83 113 90 0
 82 113 93 0
 90 121 101 0
 105 136 113 0
 73 102 80 0
 95 127 102 0
 81 114 90 0
 68 103 78 0
 82 122 97 0
 69 112 83 0
 72 114 89 0
 63 105 80 0
 68 110 85 0
 74 117 92 0
 77 121 98 0
 106 134 110 0
 166 164 144 1
 112 131 110 0
 84 120 95 0
 84 118 95 0
 89 122 103 0
 73 107 89 0
 75 114 97 0
 84 123 111 0
 65 104 86 0
 74 112 97 0
 70 114 97 0
 70 108 92 0
 117 150 139 0
 75 118 102 0
 81 120 107 0
 72 112 101 0
 70 112 103 0
 80 120 112 0
 81 121 115 0
 89 124 120 0
 101 136 132 0
 114 142 138 0
 134 148 144 0
 111 140 134 0
 104 137 130 0
 109 143 137 0
 117 151 145 0
 118 154 148 0
 117 150 145 0
 126 160 156 0
 150 175 175 0
 84 121 99 0
 93 127 105 0
 94 131 108 0
 102 139 115 0
 92 128 104 0
 85 120 96 0
 91 127 105 0
 75 112 88 0
 86 126 101 0
 89 130 104 0
 75 114 88 0
 91 130 105 0
 99 127 103 0
 86 115 92 0
 83 115 91 0
 90 122 100 0
 96 126 104 0
 71 102 78 0
 94 125 101 0
 86 118 93 0
 69 104 78 0
 81 120 95 0
 70 111 83 0
 62 104 79 0
 69 113 87 0
 57 96 73 0
 77 120 96 0
 77 120 97 0
 90 130 104 0
 172 170 149 1
 99 124 103 0
 81 118 92 0
 85 119 96 0
 93 126 106 0
 87 122 104 0
 83 123 109 0
 64 102 89 0
 70 107 89 0
 68 107 92 0
 68 108 91 0
 98 131 117 0
 78 119 103 0
 73 114 99 0
 78 117 106 0
 78 119 107 0
 76 117 109 0
 79 118 111 0
 88 128 124 0
 89 124 122 0
 105 140 136 0
 126 152 147 0
 149 164 159 1
 109 140 133 0
 106 140 133 0
 107 141 137 0
 117 151 147 0
 113 147 141 0
 115 149 145 0
 129 164 159 0
 152 168 176 0
 84 124 99 0
 87 123 100 0
 94 131 106 0
 111 149 124 0
 92 127 103 0
 85 118 93 0
 89 125 101 0
 79 114 90 0
 89 129 104 0
 82 123 98 0
 76 115 89 0
 85 124 99 0
 93 123 100 0
 86 118 94 0
 94 126 101 0
 86 118 95 0
 89 121 100 0
 95 127 102 0
 99 128 103 0
 79 109 85 0
 74 112 85 0
 81 120 94 0
 70 110 84 0
 66 107 81 0
 72 116 89 0
 64 104 81 0
 78 122 98 0
 77 120 96 0
 96 130 104 0
 168 167 146 1
 102 126 105 0
 83 119 93 0
 89 123 100 0
 91 124 104 0
 85 120 103 0
 75 113 97 0
 72 109 97 0
 69 107 89 0
 64 102 89 0
 60 100 85 0
 85 121 105 0
 75 117 100 0
 76 119 104 0
 78 118 106 0
 84 124 112 0
 86 126 117 0
 85 124 117 0
 85 124 120 0
 95 132 128 0
 123 149 143 0
 185 191 185 1
 124 149 143 0
 105 137 130 0
 110 143 138 0
 111 146 144 0
 113 148 144 0
 110 144 138 0
 122 157 152 0
 141 170 169 0
 217 222 226 0
 83 123 98 0
 29 46 34 0
 89 126 102 0
 93 131 106 0
 104 142 117 0
 83 115 91 0
 86 120 95 0
 84 120 95 0
 89 128 103 0
 81 123 98 0
 79 120 94 0
 84 122 97 0
 92 122 99 0
 82 113 89 0
 98 128 103 0
 88 121 97 0
 86 120 96 0
 106 141 116 0
 92 124 97 0
 107 134 109 0
 79 117 90 0
 75 115 87 0
 68 107 83 0
 69 110 83 0
 71 114 87 0
 71 113 89 0
 76 119 94 0
 77 117 93 0
 104 130 108 0
 171 171 152 1
 103 130 109 0
 83 118 93 0
 89 123 100 0
 84 117 98 0
 80 116 99 0
 77 115 99 0
 68 105 92 0
 71 109 91 0
 78 118 105 0
 70 108 92 0
 86 124 107 0
 72 112 94 0
 74 116 101 0
 82 122 110 0
 90 131 118 0
 83 124 113 0
 87 127 120 0
 87 125 122 0
 92 128 124 0
 113 142 136 0
 166 177 169 1
 120 144 139 0
 109 141 135 0
 109 142 138 0
 110 145 143 0
 109 144 138 0
 114 149 144 0
 128 162 157 0
 148 169 170 0
 241 242 244 0
50 150 100 0
 81 121 96 0
 86 125 100 0
 87 126 101 0
 93 131 107 0
 77 110 87 0
 87 120 96 0
 81 117 93 0
 85 123 98 0
 80 120 95 0
 85 127 101 0
 89 126 101 0
 101 127 102 0
 96 123 100 0
 88 119 94 0
 91 125 100 0
 82 117 91 0
 95 131 104 0
 86 119 92 0
 100 128 103 0
 82 121 94 0
 70 111 81 0
 66 105 81 0
 66 107 80 0
 69 112 85 0
 71 113 88 0
 73 115 92 0
 75 114 90 0
 135 144 126 0
 120 126 106 0
 101 127 108 0
 85 117 94 0
 86 120 98 0
 87 121 102 0
 89 125 109 0
 76 113 97 0
 73 112 96 0
 65 103 86 0
 78 118 104 0
 56 95 80 0
 84 123 106 0
 91 132 116 0
 69 111 96 0
 78 119 106 0
 86 127 115 0
 82 122 111 0
 85 123 118 0
 89 126 124 0
 97 132 128 0
 121 147 140 0
 116 139 134 0
 101 130 125 0
 112 144 139 0
 107 139 138 0
 107 143 139 0
 109 143 137 0
 115 149 145 0
 126 157 154 0
 140 165 165 0
 226 227 232 0
50 150 100 0
 68 104 81 0
 82 123 97 0
 82 122 94 0
 89 128 102 0
 82 116 93 0
 77 109 87 0
 82 116 92 0
 84 121 97 0
 68 105 82 0
 86 128 103 0
 103 137 112 0
 99 126 102 0
 105 130 105 0
 88 119 94 0
 87 121 95 0
 92 127 100 0
 76 112 82 0
 81 114 86 0
 90 120 94 0
 86 125 98 0
 63 105 76 0
 66 105 81 0
 64 106 79 0
 66 108 81 0
 65 106 82 0
 62 102 80 0
 97 129 106 0
 191 176 160 1
 120 130 110 0
 91 122 102 0
 79 113 88 0
 88 123 100 0
 84 119 100 0
 82 117 102 0
 69 107 92 0
 71 111 94 0
 61 99 80 0
 72 112 97 0
 64 101 84 0
 81 121 104 0
 68 108 92 0
 62 101 89 0
 90 131 119 0
 81 118 108 0
 80 118 109 0
 89 125 123 0
 89 126 123 0
 106 138 132 0
 159 169 163 1
 122 147 141 0
 110 141 134 0
 108 139 135 0
 106 140 137 0
 104 140 134 0
 106 141 135 0
 121 156 151 0
 129 158 155 0
 141 164 165 0
 169 170 181 0
50 150 100 0
50 150 100 0
 84 123 98 0
 83 124 97 0
 78 116 90 0
 74 110 86 0
 86 120 97 0
 82 115 91 0
 82 116 92 0
 87 126 101 0
 91 131 105 0
 97 133 108 0
 93 123 98 0
 97 125 100 0
 88 118 93 0
 86 120 94 0
 91 126 99 0
 103 140 111 0
 74 107 78 0
 85 117 89 0
 83 124 97 0
 68 113 84 0
 65 105 81 0
 65 108 81 0
 62 102 76 0
 55 93 70 0
 65 106 83 0
 81 118 96 0
 151 152 135 1
 99 127 105 0
 86 122 101 0
 73 107 82 0
 83 117 95 0
 75 109 91 0
 66 99 87 0
 66 104 89 0
 65 103 86 0
 65 102 86 0
 103 139 128 0
 66 103 85 0
 72 113 94 0
 81 121 106 0
 65 99 89 0
 80 118 107 0
 93 130 120 0
 80 116 109 0
 90 125 124 0
 88 124 119 0
 121 144 137 0
 190 194 189 1
 126 150 144 0
 103 133 127 0
 115 147 142 0
 103 138 132 0
 101 136 130 0
 112 147 141 0
 124 157 152 0
 131 155 153 0
 141 158 160 0
50 150 100 0
50 150 100 0
50 150 100 0
 88 125 100 0
 87 128 101 0
 76 114 87 0
 73 108 82 0
 87 124 99 0
 80 113 89 0
 86 122 98 0
 87 127 101 0
 94 131 106 0
 89 128 102 0
 97 128 103 0
 88 119 93 0
 83 114 88 0
 86 122 95 0
 90 124 97 0
 70 103 75 0
 69 103 74 0
 86 118 90 0
 83 124 96 0
 66 111 82 0
 65 106 80 0
 62 104 77 0
 52 89 66 0
 64 101 80 0
 68 110 87 0
 112 139 120 0
 181 172 159 1
 89 122 101 0
 82 124 102 0
 69 103 80 0
 77 112 90 0
 67 100 83 0
 71 102 91 0
 59 94 81 0
 55 90 73 0
 67 103 85 0
 73 110 94 0
 75 118 97 0
 70 112 92 0
 80 120 104 0
 79 115 104 0
 81 119 109 0
 116 149 144 0
 78 112 108 0
 99 135 133 0
 81 117 111 0
 113 139 132 0
 162 170 166 1
 118 145 137 0
 119 146 140 0
 100 132 127 0
 105 139 133 0
 107 141 135 0
 117 153 147 0
 124 153 149 0
 133 156 154 0
 137 160 158 0
50 150 100 0
50 150 100 0
50 150 100 0
50 150 100 0
 89 128 102 0
 78 115 88 0
 91 125 98 0
 85 124 99 0
 89 127 103 0
 70 101 79 0
 88 128 102 0
 87 124 99 0
 90 129 103 0
 91 127 101 0
 90 122 96 0
 80 110 83 0
 83 123 93 0
 92 125 97 0
 72 101 74 0
 90 127 98 0
 91 125 96 0
 87 126 98 0
 67 112 82 0
 65 107 80 0
 55 94 69 0
 52 88 65 0
 63 100 81 0
 66 108 85 0
 101 131 113 0
 132 138 124 1
 76 110 89 0
 83 125 102 0
 71 108 86 0
 79 113 91 0
 60 90 76 0
 73 104 94 0
 58 92 80 0
 54 89 72 0
 69 107 87 0
 67 105 87 0
 74 116 95 0
 71 112 93 0
 76 116 100 0
 79 118 105 0
 80 116 109 0
 80 115 108 0
 75 106 105 0
 90 126 123 0
 86 119 112 0
 123 143 136 0
 159 168 165 1
 118 145 137 0
 103 131 126 0
 108 141 135 0
 105 139 133 0
 115 149 143 0
 119 151 146 0
 127 154 150 0
 135 159 156 0
50 150 100 0
50 150 100 0
50 150 100 0
50 150 100 0
50 150 100 0
 86 124 98 0
 77 115 87 0
 80 115 88 0
 84 122 96 0
 86 122 98 0
 78 108 85 0
 86 128 101 0
 83 120 95 0
 89 126 101 0
 91 128 102 0
 82 115 89 0
 70 99 73 0
 86 124 95 0
 89 127 98 0
 87 116 87 0
 107 143 115 0
 85 122 91 0
 82 121 92 0
 62 107 78 0
 62 104 75 0
 54 89 64 0
 59 94 71 0
 66 101 83 0
 70 110 88 0
 97 124 111 0
 166 169 161 1
 88 111 93 0
 78 119 98 0
 72 109 86 0
 69 103 83 0
 68 100 85 0
 72 103 92 0
 61 95 82 0
 48 82 66 0
 66 104 86 0
 68 108 89 0
 71 112 90 0
 76 116 97 0
 78 118 103 0
 76 115 101 0
 84 118 113 0
 87 119 115 0
 83 116 114 0
 87 122 116 0
 101 128 122 0
 164 169 167 1
 123 148 140 0
 116 143 135 0
 105 132 125 0
 110 139 134 0
 102 135 129 0
 118 151 145 0
 122 153 146 0
 130 156 152 0
 135 161 157 0
50 150 100 0
50 150 100 0
50 150 100 0
50 150 100 0
50 150 100 0
50 150 100 0
 90 129 101 0
 88 125 96 0
 87 122 94 0
 79 115 89 0
 79 110 87 0
 86 122 97 0
 88 127 101 0
 83 120 94 0
 84 120 94 0
 85 118 92 0
 76 106 80 0
 87 121 93 0
 88 126 97 0
 88 121 91 0
 98 133 103 0
 79 118 86 0
 72 111 82 0
 63 108 80 0
 48 88 60 0
 54 88 63 0
 60 92 72 0
 60 91 76 0
 61 92 73 0
 94 121 108 0
 167 170 161 1
 84 106 90 0
 69 104 87 0
 77 115 94 0
 63 95 78 0
 69 102 88 0
 80 112 101 0
 61 94 80 0
 59 96 78 0
 64 102 84 0
 71 112 90 0
 66 105 84 0
 65 105 88 0
 78 120 103 0
 64 100 86 0
 99 132 128 0
 78 110 105 0
 87 122 118 0
 89 123 117 0
 101 127 122 0
 157 164 161 1
 119 142 133 0
 113 137 129 0
 112 136 130 0
 104 136 129 0
 114 147 140 0
 120 152 145 0
 125 154 148 0
 133 158 154 0
 0 0 0 0
50 150 100 0
50 150 100 0
50 150 100 0
50 150 100 0
50 150 100 0
50 150 100 0
 86 125 97 0
 84 125 94 0
 95 129 99 0
 75 109 81 0
 78 109 84 0
 89 121 96 0
 88 127 102 0
 78 115 89 0
 84 121 95 0
 84 117 92 0
 79 111 85 0
 93 126 97 0
 84 121 91 0
 87 120 90 0
 87 122 89 0
 65 105 72 0
 75 117 88 0
 59 103 74 0
 53 93 66 0
 51 85 61 0
 65 98 78 0
 61 91 75 0
 88 126 105 0
 97 118 105 0
 141 150 138 1
 67 93 78 0
 85 123 109 0
 71 109 87 0
 72 101 85 0
 72 105 90 0
 83 117 104 0
 59 91 77 0
 67 105 86 0
 60 97 80 0
 70 109 89 0
 77 119 99 0
 78 120 102 0
 65 104 87 0
 78 113 105 0
 80 112 108 0
 73 102 98 0
 85 120 114 0
 89 120 116 0
 111 131 127 0
 163 171 168 1
 109 132 123 0
 108 132 124 0
 109 137 131 0
 107 139 132 0
 118 149 142 0
 118 149 140 0
 127 158 148 0
 129 155 148 0
50 150 100 0
50 150 100 0
50 150 100 0
50 150 100 0
50 150 100 0
50 150 100 0
50 150 100 0
 80 114 89 0
 88 129 98 0
 89 126 95 0
 83 116 87 0
 75 108 81 0
 84 113 87 0
 94 128 101 0
 88 124 98 0
 71 107 81 0
 88 122 97 0
 78 110 84 0
 90 122 95 0
 86 122 92 0
 80 114 82 0
 72 111 76 0
 63 105 72 0
 69 118 85 0
 54 97 69 0
 45 82 57 0
 53 89 65 0
 55 88 68 0
 66 98 82 0
 89 127 107 0
 110 119 109 0
 178 170 159 1
 93 117 101 0
 86 123 110 0
 70 107 85 0
 80 111 93 0
 73 106 91 0
 82 118 105 0
 64 99 82 0
 65 103 84 0
 60 96 79 0
 67 103 86 0
 73 115 95 0
 74 117 97 0
 63 101 83 0
 71 106 98 0
 68 97 91 0
 72 101 96 0
 87 123 118 0
 96 124 121 0
 157 167 164 1
 128 144 137 0
 110 134 126 0
 108 134 128 0
 111 142 134 0
 108 138 129 0
 119 148 139 0
 119 148 139 0
 131 158 150 0
 0 0 0 0
50 150 100 0
50 150 100 0
50 150 100 0
50 150 100 0
50 150 100 0
50 150 100 0
50 150 100 0
50 150 100 0
 90 131 100 0
 78 116 85 0
 105 138 108 0
 71 104 76 0
 85 117 89 0
 91 124 97 0
 84 119 93 0
 68 100 76 0
 84 119 94 0
 68 102 78 0
 87 120 93 0
 79 113 83 0
 83 118 85 0
 73 111 77 0
 58 101 66 0
 66 115 81 0
 49 89 62 0
 47 82 58 0
 63 102 77 0
 66 99 81 0
 59 90 74 0
 84 123 104 0
 105 114 103 0
 122 137 122 0
 79 106 91 0
 103 138 129 0
 73 105 86 0
 87 118 100 0
 71 106 90 0
 72 107 92 0
 65 102 81 0
 61 99 79 0
 62 97 81 0
 68 101 85 0
 67 110 89 0
 65 106 87 0
 60 92 79 0
 74 107 101 0
 64 92 86 0
 79 113 107 0
 89 123 120 0
 98 125 122 0
 136 150 146 1
 118 135 130 0
 115 139 132 0
 114 143 136 0
 105 136 127 0
 115 144 134 0
 117 146 137 0
 123 152 144 0
 128 155 147 0
50 150 100 0
50 150 100 0
50 150 100 0
50 150 100 0
50 150 100 0
50 150 100 0
50 150 100 0
50 150 100 0
50 150 100 0
 92 135 104 0
 74 113 81 0
 85 118 89 0
 95 125 95 0
 83 114 86 0
 88 121 91 0
 86 121 94 0
 86 117 93 0
 86 123 97 0
 76 109 84 0
 84 118 91 0
 75 109 79 0
 74 109 76 0
 76 114 79 0
 65 112 77 0
 60 106 73 0
 49 90 63 0
 50 86 63 0
 60 98 75 0
 57 87 68 0
 57 87 71 0
 92 123 105 0
 147 143 131 1
 94 113 97 0
 67 86 73 0
 78 111 103 0
 77 109 92 0
 81 112 96 0
 64 98 84 0
 70 103 89 0
 56 94 73 0
 61 98 81 0
 62 97 80 0
 70 103 88 0
 63 103 84 0
 61 98 82 0
 69 103 93 0
 74 111 104 0
 72 102 95 0
 78 112 109 0
 85 117 117 0
 108 130 130 0
 151 157 155 1
 111 131 127 0
 107 132 126 0
 105 135 127 0
 106 135 126 0
 118 144 136 0
 121 148 138 0
 128 153 145 0
 76 85 83 0
50 150 100 0
50 150 100 0
50 150 100 0
50 150 100 0
50 150 100 0
50 150 100 0
50 150 100 0
50 150 100 0
50 150 100 0
50 150 100 0
 82 124 93 0
 83 113 84 0
 76 104 75 0
 67 98 71 0
 89 122 91 0
 86 122 92 0
 89 121 96 0
 87 123 98 0
 70 105 79 0
 80 113 87 0
 78 114 83 0
 58 93 62 0
 70 106 72 0
 72 118 83 0
 53 96 67 0
 34 67 45 0
 63 107 81 0
 53 88 68 0
 54 81 65 0
 61 89 75 0
 80 113 93 0
 158 146 133 1
 94 114 97 0
 0 0 0 0
 87 119 110 0
 80 113 101 0
 75 104 89 0
 71 104 93 0
 65 97 82 0
 59 94 76 0
 60 97 81 0
 60 92 77 0
 56 91 76 0
 56 91 75 0
 64 98 87 0
 82 119 111 0
 74 112 105 0
 79 112 105 0
 91 123 122 0
 89 120 119 0
 110 130 130 0
 166 172 171 1
 103 126 122 0
 97 124 117 0
 98 128 119 0
 112 139 130 0
 119 145 137 0
 113 140 131 0
 125 149 141 0
50 150 100 0
50 150 100 0
50 150 100 0
50 150 100 0
50 150 100 0
50 150 100 0
50 150 100 0
50 150 100 0
50 150 100 0
50 150 100 0
50 150 100 0
 78 124 92 0
 75 107 77 0
 99 124 96 0
 88 114 87 0
 87 120 90 0
 85 122 90 0
 81 113 87 0
 85 119 95 0
 75 109 83 0
 81 114 88 0
 60 94 67 0
 68 107 74 0
 74 111 81 0
 66 109 76 0
 58 101 72 0
 52 90 66 0
 65 108 84 0
 52 87 67 0
 66 93 75 0
 75 107 89 0
 98 123 104 0
 159 150 136 1
 101 116 99 0
 80 101 86 0
 83 114 103 0
 73 105 93 0
 78 106 93 0
 75 108 98 0
 59 91 76 0
 66 100 87 0
 62 97 82 0
 69 101 86 0
 67 102 86 0
 65 99 86 0
 65 100 89 0
 71 109 102 0
 73 109 103 0
 80 113 108 0
 91 126 125 0
 94 125 125 0
 115 132 133 0
 120 137 135 0
 106 131 125 0
 97 125 117 0
 102 131 122 0
 115 141 132 0
 116 142 135 0
 125 146 139 0
 0 0 0 0
50 150 100 0
50 150 100 0
50 150 100 0
50 150 100 0
50 150 100 0
50 150 100 0
50 150 100 0
50 150 100 0
50 150 100 0
50 150 100 0
50 150 100 0
50 150 100 0
 76 120 88 0
 82 111 81 0
 85 110 82 0
 93 123 92 0
 89 122 90 0
 87 122 92 0
 92 124 98 0
 69 103 77 0
 75 107 81 0
 74 109 81 0
 55 90 61 0
 53 87 60 0
 68 113 80 0
 48 88 61 0
 66 108 81 0
 60 105 82 0
 51 84 66 0
 68 99 80 0
 74 106 87 0
 81 106 85 0
 138 138 124 1
 89 109 91 0
 82 109 92 0
 71 105 91 0
 73 105 90 0
 81 109 97 0
 75 109 98 0
 63 95 79 0
 69 101 91 0
 62 98 82 0
 71 105 90 0
 75 113 96 0
 68 99 86 0
 68 101 93 0
 70 109 103 0
 79 115 108 0
 77 108 107 0
 87 120 121 0
 100 126 127 0
 198 199 200 1
 118 135 132 0
 101 125 120 0
 98 127 118 0
 112 139 130 0
 122 148 139 0
 120 145 137 0
 126 146 139 0
50 150 100 0
50 150 100 0
50 150 100 0
50 150 100 0
50 150 100 0
50 150 100 0
50 150 100 0
50 150 100 0
50 150 100 0
50 150 100 0
50 150 100 0
50 150 100 0
50 150 100 0
 83 126 95 0
 75 108 76 0
 88 113 84 0
 89 117 88 0
 85 113 83 0
 79 111 81 0
 93 126 99 0
 76 108 82 0
 66 91 71 0
 69 101 77 0
 49 79 56 0
 76 121 92 0
 57 99 69 0
 43 83 57 0
 57 97 71 0
 65 110 86 0
 50 82 67 0
 76 113 92 0
 74 107 87 0
 64 92 73 0
 129 130 116 1
 71 93 76 0
 82 112 94 0
 71 104 89 0
 73 104 90 0
 79 107 95 0
 72 104 92 0
 60 91 76 0
 63 96 86 0
 59 95 80 0
 67 101 85 0
 75 113 96 0
 73 107 94 0
 70 105 97 0
 77 117 112 0
 76 113 105 0
 82 112 113 0
 89 120 121 0
 117 134 132 0
 148 154 153 1
 113 133 128 0
 104 129 121 0
 103 131 123 0
 117 142 133 0
 115 141 132 0
 120 145 136 0
 115 137 129 0
50 150 100 0
50 150 100 0
50 150 100 0
50 150 100 0
50 150 100 0
50 150 100 0
50 150 100 0
50 150 100 0
50 150 100 0
50 150 100 0
50 150 100 0
50 150 100 0
50 150 100 0
50 150 100 0
 67 102 71 0
 84 110 79 0
 88 115 86 0
 71 92 67 0
 86 116 88 0
 85 118 90 0
 83 117 90 0
 79 106 83 0
 78 110 86 0
 69 104 79 0
 72 121 93 0
 52 95 64 0
 49 89 63 0
 68 110 85 0
 60 104 81 0
 60 92 76 0
 71 112 93 0
 61 90 74 0
 89 109 90 0
 160 151 140 1
 84 107 93 0
 73 105 88 0
 62 93 79 0
 71 100 88 0
 79 109 99 0
 68 97 85 0
 60 87 73 0
 64 99 87 0
 60 96 81 0
 60 93 79 0
 68 105 88 0
 77 111 101 0
 68 102 96 0
 76 117 111 0
 77 117 110 0
 78 109 109 0
 86 118 119 0
 108 129 127 0
 140 150 148 1
 108 130 124 0
 98 123 115 0
 106 131 122 0
 118 143 133 0
 107 134 125 0
 112 135 127 0
50 150 100 0
50 150 100 0
50 150 100 0
50 150 100 0
50 150 100 0
50 150 100 0
50 150 100 0
50 150 100 0
50 150 100 0
50 150 100 0
50 150 100 0
50 150 100 0
50 150 100 0
50 150 100 0
50 150 100 0
 83 116 86 0
 72 97 68 0
 94 121 93 0
 88 115 87 0
 83 107 80 0
 95 126 97 0
 87 122 94 0
 81 112 85 0
 85 115 91 0
 69 109 83 0
 56 93 68 0
 64 112 83 0
 52 94 66 0
 64 108 81 0
 56 98 75 0
 59 93 76 0
 66 106 87 0
 76 106 87 0
 113 123 108 0
 187 173 161 1
 77 103 89 0
 74 107 91 0
 65 94 80 0
 73 103 91 0
 69 97 88 0
 65 95 82 0
 69 96 81 0
 58 91 79 0
 60 96 82 0
 59 94 78 0
 59 95 80 0
 74 107 99 0
 70 107 102 0
 78 119 112 0
 73 106 102 0
 80 112 112 0
 89 118 117 0
 108 124 122 0
 122 135 132 1
 105 127 119 0
 98 123 114 0
 116 140 131 0
 109 134 126 0
 109 133 125 0
 68 81 78 0
50 150 100 0
50 150 100 0
50 150 100 0
50 150 100 0
50 150 100 0
50 150 100 0
50 150 100 0
50 150 100 0
50 150 100 0
50 150 100 0
50 150 100 0
50 150 100 0
50 150 100 0
50 150 100 0
50 150 100 0
50 150 100 0
 78 107 77 0
 90 117 89 0
 92 121 94 0
 85 113 84 0
 89 121 92 0
 76 109 81 0
 77 114 84 0
 79 111 85 0
 65 103 77 0
 69 112 85 0
 54 101 73 0
 55 99 70 0
 59 105 77 0
 51 89 68 0
 53 86 72 0
 73 112 96 0
 69 104 85 0
 135 136 123 1
 109 127 114 0
 65 88 75 0
 75 107 91 0
 75 108 93 0
 75 108 93 0
 70 97 89 0
 67 101 86 0
 69 97 83 0
 70 106 92 0
 53 89 74 0
 62 98 82 0
 70 104 90 0
 69 102 95 0
 75 110 105 0
 63 101 95 0
 79 116 110 0
 82 113 112 0
 95 119 116 0
 134 142 140 1
 107 129 120 0
 105 128 120 0
 106 131 123 0
 116 139 129 0
 107 131 124 0
 111 134 127 0
50 150 100 0
50 150 100 0
50 150 100 0
50 150 100 0
50 150 100 0
50 150 100 0
50 150 100 0
50 150 100 0
50 150 100 0
50 150 100 0
50 150 100 0
50 150 100 0
50 150 100 0
50 150 100 0
50 150 100 0
50 150 100 0
50 150 100 0
 81 111 80 0
 83 111 83 0
 97 127 102 0
 90 121 92 0
 87 118 89 0
 79 113 83 0
 75 112 82 0
 75 110 82 0
 50 87 63 0
 62 106 80 0
 55 99 72 0
 49 90 64 0
 56 100 73 0
 47 86 64 0
 51 83 68 0
 68 104 90 0
 73 101 83 0
 122 128 116 1
 83 109 94 0
 66 85 75 0
 73 103 89 0
 79 113 96 0
 62 91 78 0
 77 106 97 0
 55 82 69 0
 69 96 84 0
 66 99 86 0
 56 89 76 0
 53 87 75 0
 68 101 90 0
 65 97 89 0
 72 105 100 0
 70 108 102 0
 72 107 101 0
 81 112 109 0
 102 120 116 0
 179 178 174 1
 115 135 126 0
 99 124 114 0
 104 129 120 0
 111 133 125 0
 109 134 128 0
 100 122 116 0
50 150 100 0
50 150 100 0
50 150 100 0
50 150 100 0
50 150 100 0
50 150 100 0
50 150 100 0
50 150 100 0
50 150 100 0
50 150 100 0
50 150 100 0
50 150 100 0
50 150 100 0
50 150 100 0
50 150 100 0
50 150 100 0
50 150 100 0
50 150 100 0
 88 118 88 0
 85 115 88 0
 89 123 95 0
 79 112 81 0
 78 112 82 0
 78 115 85 0
 55 88 65 0
 66 102 79 0
 55 95 70 0
 51 93 67 0
 61 101 75 0
 57 99 73 0
 56 95 72 0
 51 79 66 0
 61 93 81 0
 55 82 70 0
 175 162 153 1
 96 118 105 0
 86 109 96 0
 81 111 95 0
 74 102 86 0
 70 100 86 0
 83 112 104 0
 54 77 67 0
 74 106 95 0
 63 93 81 0
 58 89 79 0
 63 94 83 0
 62 92 84 0
 68 100 92 0
 72 107 102 0
 74 111 105 0
 76 110 105 0
 76 106 102 0
 95 114 110 0
 149 155 149 1
 121 141 131 0
 92 118 108 0
 108 132 122 0
 107 132 124 0
 101 126 120 0
50 150 100 0
50 150 100 0
50 150 100 0
50 150 100 0
50 150 100 0
50 150 100 0
50 150 100 0
50 150 100 0
50 150 100 0
50 150 100 0
50 150 100 0
50 150 100 0
50 150 100 0
50 150 100 0
50 150 100 0
50 150 100 0
50 150 100 0
50 150 100 0
50 150 100 0
 67 94 68 0
 82 111 85 0
 83 115 88 0
 83 118 87 0
 76 109 79 0
 73 105 77 0
 68 104 79 0
 63 101 77 0
 56 95 70 0
 49 88 63 0
 62 103 77 0
 48 84 63 0
 52 87 69 0
 42 65 54 0
 52 77 66 0
 94 119 102 0
 189 174 164 1
 100 122 107 0
 71 96 83 0
 73 103 87 0
 72 98 82 0
 63 88 77 0
 79 110 100 0
 61 83 75 0
 68 98 88 0
 56 87 75 0
 65 97 87 0
 70 101 90 0
 66 96 88 0
 58 90 83 0
 64 101 94 0
 70 106 99 0
 71 103 98 0
 90 114 109 0
 119 129 124 0
 169 175 167 1
 110 130 119 0
 97 125 112 0
 105 130 120 0
 105 133 124 0
 0 0 0 0
50 150 100 0
50 150 100 0
50 150 100 0
50 150 100 0
50 150 100 0
50 150 100 0
50 150 100 0
50 150 100 0
50 150 100 0
50 150 100 0
50 150 100 0
50 150 100 0
50 150 100 0
50 150 100 0
50 150 100 0
50 150 100 0
50 150 100 0
50 150 100 0
50 150 100 0
 56 76 56 0
 79 107 81 0
 88 121 94 0
 95 131 102 0
 83 117 85 0
 80 113 84 0
 67 105 79 0
 68 110 84 0
 53 93 67 0
 55 95 69 0
 56 98 73 0
 54 89 68 0
 46 79 61 0
 57 85 70 0
 55 78 67 0
 86 111 96 0
 174 161 151 1
 86 112 97 0
 72 101 88 0
 59 85 71 0
 67 91 77 0
 71 96 85 0
 63 85 76 0
 60 78 70 0
 79 112 102 0
 69 102 90 0
 69 100 93 0
 72 103 93 0
 65 93 86 0
 70 104 97 0
 60 97 90 0
 70 106 99 0
 66 97 91 0
 86 117 111 0
 108 123 117 0
 143 151 142 1
 95 121 109 0
 94 126 114 0
 98 127 117 0
 101 130 120 0
50 150 100 0
50 150 100 0
50 150 100 0
50 150 100 0
50 150 100 0
50 150 100 0
50 150 100 0
50 150 100 0
50 150 100 0
50 150 100 0
50 150 100 0
50 150 100 0
50 150 100 0
50 150 100 0
50 150 100 0
50 150 100 0
50 150 100 0
50 150 100 0
50 150 100 0
50 150 100 0
50 150 100 0
 76 96 75 0
 70 99 75 0
 89 123 96 0
 70 105 75 0
 86 119 87 0
 65 104 77 0
 67 108 81 0
 67 111 83 0
 57 96 71 0
 64 108 82 0
 53 82 64 0
 37 60 45 0
 45 71 57 0
 70 93 85 0
 90 119 107 0
 135 132 121 1
 86 109 97 0
 68 96 87 0
 63 92 75 0
 50 72 57 0
 68 94 82 0
 72 94 85 0
 60 76 69 0
 69 99 91 0
 67 103 92 0
 71 105 94 0
 63 90 82 0
 61 87 81 0
 65 98 91 0
 67 102 96 0
 65 98 90 0
 76 109 102 0
 85 106 101 0
 106 118 113 0
 145 151 142 1
 109 133 121 0
 94 125 115 0
 93 123 113 0
 97 124 116 0
50 150 100 0
50 150 100 0
50 150 100 0
50 150 100 0
50 150 100 0
50 150 100 0
50 150 100 0
50 150 100 0
50 150 100 0
50 150 100 0
50 150 100 0
50 150 100 0
50 150 100 0
50 150 100 0
50 150 100 0
50 150 100 0
50 150 100 0
50 150 100 0
50 150 100 0
50 150 100 0
50 150 100 0
 62 77 61 0
 93 119 95 0
 85 118 91 0
 70 105 75 0
 78 114 82 0
 61 100 71 0
 52 92 67 0
 66 110 83 0
 53 91 69 0
 55 99 73 0
 54 87 67 0
 51 73 59 0
 59 88 73 0
 82 109 101 0
 92 119 108 0
 148 142 134 1
 75 105 95 0
 63 90 82 0
 65 96 78 0
 54 76 64 0
 60 85 73 0
 50 69 61 0
 60 76 71 0
 58 84 81 0
 69 109 99 0
 64 98 85 0
 74 106 97 0
 76 109 102 0
 60 93 85 0
 65 100 93 0
 70 102 94 0
 77 108 100 0
 95 115 110 0
 164 167 163 1
 117 134 122 0
 99 125 115 0
 93 128 117 0
 96 125 116 0
50 150 100 0
50 150 100 0
50 150 100 0
50 150 100 0
50 150 100 0
50 150 100 0
50 150 100 0
50 150 100 0
50 150 100 0
50 150 100 0
50 150 100 0
50 150 100 0
50 150 100 0
50 150 100 0
50 150 100 0
50 150 100 0
50 150 100 0
50 150 100 0
50 150 100 0
50 150 100 0
50 150 100 0
50 150 100 0
50 150 100 0
 87 114 90 0
 79 109 83 0
 73 107 78 0
 66 103 73 0
 51 88 60 0
 64 104 78 0
 60 101 75 0
 56 99 74 0
 42 80 56 0
 58 90 70 0
 68 96 79 0
 67 98 83 0
 59 84 75 0
 85 108 103 0
 92 101 90 0
 72 104 93 0
 57 86 75 0
 70 105 87 0
 59 83 71 0
 83 113 101 0
 58 75 66 0
 60 76 73 0
 79 109 102 0
 60 96 88 0
 62 96 83 0
 63 92 84 0
 75 108 100 0
 62 93 84 0
 67 101 94 0
 70 103 94 0
 79 109 100 0
 108 123 119 0
 171 172 165 1
 123 141 130 0
 96 125 116 0
 90 124 116 0
 93 123 114 0
50 150 100 0
50 150 100 0
50 150 100 0
50 150 100 0
50 150 100 0
50 150 100 0
50 150 100 0
50 150 100 0
50 150 100 0
50 150 100 0
50 150 100 0
50 150 100 0
50 150 100 0
50 150 100 0
50 150 100 0
50 150 100 0
50 150 100 0
50 150 100 0
50 150 100 0
50 150 100 0
50 150 100 0
50 150 100 0
50 150 100 0
 83 114 86 0
 76 110 79 0
 58 89 64 0
 42 71 49 0
 44 80 53 0
 66 109 82 0
 63 105 78 0
 57 102 76 0
 42 79 54 0
 52 86 64 0
 56 87 66 0
 59 89 76 0
 70 94 86 0
 95 113 108 0
 93 97 89 0
 69 95 88 0
 66 93 85 0
 65 99 82 0
 55 79 69 0
 77 106 91 0
 65 83 73 0
 0 0 0 0
 68 96 91 0
 73 111 103 0
 60 93 80 0
 69 100 91 0
 63 96 88 0
 71 105 97 0
 57 88 80 0
 71 104 93 0
 96 121 113 0
 111 121 115 0
 143 153 144 1
 101 127 118 0
 79 107 101 0
 90 123 114 0
50 150 100 0
50 150 100 0
50 150 100 0
50 150 100 0
50 150 100 0
50 150 100 0
50 150 100 0
50 150 100 0
50 150 100 0
50 150 100 0
50 150 100 0
50 150 100 0
50 150 100 0
50 150 100 0
50 150 100 0
50 150 100 0
50 150 100 0
50 150 100 0
50 150 100 0
50 150 100 0
50 150 100 0
50 150 100 0
50 150 100 0
50 150 100 0
50 150 100 0
 63 94 69 0
 72 110 79 0
 53 81 59 0
 60 98 71 0
 59 101 74 0
 46 85 60 0
 61 103 81 0
 42 81 60 0
 51 85 66 0
 67 104 84 0
 73 104 92 0
 82 107 96 0
 163 153 146 1
 74 83 73 0
 69 96 88 0
 63 88 81 0
 64 100 83 0
 58 85 72 0
 72 96 84 0
 51 68 61 0
 58 81 75 0
 57 82 79 0
 64 102 92 0
 58 90 76 0
 69 100 89 0
 71 105 94 0
 64 97 89 0
 69 105 95 0
 65 99 87 0
 85 113 104 0
 167 164 161 1
 121 136 129 0
 100 121 113 0
 95 126 117 0
 76 109 99 0
50 150 100 0
50 150 100 0
50 150 100 0
50 150 100 0
50 150 100 0
50 150 100 0
50 150 100 0
50 150 100 0
50 150 100 0
50 150 100 0
50 150 100 0
50 150 100 0
50 150 100 0
50 150 100 0
50 150 100 0
50 150 100 0
50 150 100 0
50 150 100 0
50 150 100 0
50 150 100 0
50 150 100 0
50 150 100 0
50 150 100 0
50 150 100 0
50 150 100 0
 71 106 81 0
 64 103 74 0
 53 83 60 0
 66 114 83 0
 50 85 61 0
 64 95 76 0
 39 70 52 0
 48 81 65 0
 62 100 79 0
 66 107 86 0
 52 83 72 0
 75 106 92 0
 131 132 120 1
 91 103 90 0
 56 77 72 0
 71 99 91 0
 71 103 87 0
 73 101 88 0
 60 79 69 0
 74 95 88 0
 65 85 78 0
 66 91 84 0
 68 103 89 0
 63 93 80 0
 58 86 76 0
 61 94 84 0
 70 103 96 0
 58 92 81 0
 67 97 89 0
 111 122 114 0
 195 184 182 1
 115 129 124 0
 100 122 114 0
 94 129 119 0
 0 0 0 0
50 150 100 0
50 150 100 0
50 150 100 0
50 150 100 0
50 150 100 0
50 150 100 0
50 150 100 0
50 150 100 0
50 150 100 0
50 150 100 0
50 150 100 0
50 150 100 0
50 150 100 0
50 150 100 0
50 150 100 0
50 150 100 0
50 150 100 0
50 150 100 0
50 150 100 0
50 150 100 0
50 150 100 0
50 150 100 0
50 150 100 0
50 150 100 0
50 150 100 0
50 150 100 0
 65 105 76 0
 53 91 63 0
 65 109 81 0
 53 91 67 0
 53 81 63 0
 75 110 89 0
 60 97 78 0
 54 76 65 0
 54 94 73 0
 56 91 77 0
 80 109 92 0
 177 159 145 1
 87 105 85 0
 79 107 97 0
 121 144 148 0
 48 77 62 0
 71 93 80 0
 58 73 67 0
 76 99 97 0
 71 93 84 0
 52 82 72 0
 48 73 63 0
 61 90 78 0
 56 83 72 0
 61 94 84 0
 62 97 85 0
 57 85 74 0
 74 103 95 0
 111 125 118 0
 173 168 163 1
 106 121 116 0
 112 134 127 0
 82 111 102 0
50 150 100 0
50 150 100 0
50 150 100 0
50 150 100 0
50 150 100 0
50 150 100 0
50 150 100 0
50 150 100 0
50 150 100 0
50 150 100 0
50 150 100 0
50 150 100 0
50 150 100 0
50 150 100 0
50 150 100 0
50 150 100 0
50 150 100 0
50 150 100 0
50 150 100 0
50 150 100 0
50 150 100 0
50 150 100 0
50 150 100 0
50 150 100 0
50 150 100 0
50 150 100 0
50 150 100 0
 66 106 78 0
 51 80 56 0
 68 109 82 0
 65 112 84 0
 53 79 62 0
 60 85 73 0
 58 91 71 0
 57 84 70 0
 46 77 61 0
 53 86 74 0
 77 110 93 0
 108 117 97 1
 77 99 77 0
 74 102 88 0
 77 104 97 0
 58 81 70 0
 69 94 80 0
 76 94 87 0
 60 81 76 0
 61 82 75 0
 58 81 74 0
 69 100 89 0
 54 80 68 0
 56 92 78 0
 62 95 84 0
 56 88 76 0
 65 93 84 0
 79 106 97 0
 112 128 118 0
 116 129 123 0
 106 125 118 0
 100 125 115 0
50 150 100 0
50 150 100 0
50 150 100 0
50 150 100 0
50 150 100 0
50 150 100 0
50 150 100 0
50 150 100 0
50 150 100 0
50 150 100 0
50 150 100 0
50 150 100 0
50 150 100 0
50 150 100 0
50 150 100 0
50 150 100 0
50 150 100 0
50 150 100 0
50 150 100 0
50 150 100 0
50 150 100 0
50 150 100 0
50 150 100 0
50 150 100 0
50 150 100 0
50 150 100 0
50 150 100 0
50 150 100 0
50 150 100 0
 55 85 61 0
 66 114 85 0
 48 87 63 0
 65 103 78 0
 60 83 70 0
 62 95 76 0
 53 78 65 0
 41 61 51 0
 56 85 76 0
 77 107 91 0
 76 89 70 1
 65 85 70 0
 75 100 86 0
 63 84 79 0
 62 84 74 0
 55 71 62 0
 62 83 75 0
 48 68 62 0
 76 102 95 0
 66 92 84 0
 57 87 76 0
 61 87 75 0
 56 87 75 0
 64 99 86 0
 52 80 70 0
 70 99 90 0
 83 109 98 0
 104 120 111 0
 133 140 132 1
 107 128 119 0
 88 110 100 0
50 150 100 0
50 150 100 0
50 150 100 0
50 150 100 0
50 150 100 0
50 150 100 0
50 150 100 0
50 150 100 0
50 150 100 0
50 150 100 0
50 150 100 0
50 150 100 0
50 150 100 0
50 150 100 0
50 150 100 0
50 150 100 0
50 150 100 0
50 150 100 0
50 150 100 0
50 150 100 0
50 150 100 0
50 150 100 0
50 150 100 0
50 150 100 0
50 150 100 0
50 150 100 0
50 150 100 0
50 150 100 0
50 150 100 0
 69 101 73 0
 73 109 87 0
 50 93 68 0
 50 83 62 0
 69 94 79 0
 57 84 70 0
 50 78 64 0
 55 71 63 0
 65 90 83 0
 108 125 106 1
 82 94 75 0
 82 100 84 0
 88 116 104 0
 81 107 96 0
 61 84 74 0
 56 70 61 0
 73 101 88 0
 55 77 70 0
 56 82 76 0
 54 79 71 0
 58 86 77 0
 52 77 68 0
 59 95 84 0
 56 84 73 0
 61 88 79 0
 71 101 91 0
 94 111 104 0
 141 142 136 1
 141 166 154 0
 91 114 102 0
 11 16 13 0
50 150 100 0
50 150 100 0
50 150 100 0
50 150 100 0
50 150 100 0
50 150 100 0
50 150 100 0
50 150 100 0
50 150 100 0
50 150 100 0
50 150 100 0
50 150 100 0
50 150 100 0
50 150 100 0
50 150 100 0
50 150 100 0
50 150 100 0
50 150 100 0
50 150 100 0
50 150 100 0
50 150 100 0
50 150 100 0
50 150 100 0
50 150 100 0
50 150 100 0
50 150 100 0
50 150 100 0
50 150 100 0
50 150 100 0
50 150 100 0
 68 107 80 0
 50 82 63 0
 66 99 79 0
 58 78 69 0
 69 94 81 0
 63 95 80 0
 58 78 68 0
 69 86 81 0
 78 103 93 0
 132 132 116 1
 76 94 80 0
 72 95 86 0
 69 96 83 0
 56 81 70 0
 74 100 85 0
 61 89 77 0
 67 97 87 0
 49 74 66 0
 60 86 77 0
 46 72 61 0
 63 89 80 0
 53 83 72 0
 67 101 87 0
 63 92 81 0
 84 111 101 0
 104 123 114 0
 206 194 192 1
 114 135 123 0
 77 99 87 0
50 150 100 0
50 150 100 0
50 150 100 0
50 150 100 0
50 150 100 0
50 150 100 0
50 150 100 0
50 150 100 0
50 150 100 0
50 150 100 0
50 150 100 0
50 150 100 0
50 150 100 0
50 150 100 0
50 150 100 0
50 150 100 0
50 150 100 0
50 150 100 0
50 150 100 0
50 150 100 0
50 150 100 0
50 150 100 0
50 150 100 0
50 150 100 0
50 150 100 0
50 150 100 0
50 150 100 0
50 150 100 0
50 150 100 0
50 150 100 0
50 150 100 0
 59 98 71 0
 43 69 53 0
 55 83 68 0
 61 90 74 0
 52 72 64 0
 48 73 60 0
 62 91 76 0
 71 95 87 0
 111 119 107 0
 76 86 72 0
 81 100 88 0
 76 100 90 0
 62 83 74 0
 69 104 88 0
 62 88 71 0
 76 108 95 0
 53 79 69 0
 74 106 98 0
 57 84 71 0
 61 91 78 0
 57 82 74 0
 58 84 75 0
 49 79 67 0
 65 93 82 0
 77 106 95 0
 101 118 110 0
 153 157 150 1
 104 125 113 0
 16 22 19 0
50 150 100 0
50 150 100 0
50 150 100 0
50 150 100 0
50 150 100 0
50 150 100 0
50 150 100 0
50 150 100 0
50 150 100 0
50 150 100 0
50 150 100 0
50 150 100 0
50 150 100 0
50 150 100 0
50 150 100 0
50 150 100 0
50 150 100 0
50 150 100 0
50 150 100 0
50 150 100 0
50 150 100 0
50 150 100 0
50 150 100 0
50 150 100 0
50 150 100 0
50 150 100 0
50 150 100 0
50 150 100 0
50 150 100 0
50 150 100 0
50 150 100 0
 11 18 12 0
 53 85 63 0
 61 85 72 0
 47 70 59 0
 67 102 85 0
 58 85 71 0
 60 93 78 0
 59 81 72 0
 126 126 117 0
 184 165 157 1
 85 105 92 0
 67 87 78 0
 59 76 71 0
 67 95 88 0
 76 107 92 0
 51 77 67 0
 56 83 72 0
 54 78 70 0
 60 91 75 0
 60 91 75 0
 60 87 76 0
 56 81 73 0
 62 93 80 0
 62 92 80 0
 70 100 87 0
 106 123 113 0
 195 195 191 1
 110 128 116 0
50 150 100 0
50 150 100 0
50 150 100 0
50 150 100 0
50 150 100 0
50 150 100 0
50 150 100 0
50 150 100 0
50 150 100 0
50 150 100 0
50 150 100 0
50 150 100 0
50 150 100 0
50 150 100 0
50 150 100 0
50 150 100 0
50 150 100 0
50 150 100 0
50 150 100 0
50 150 100 0
50 150 100 0
50 150 100 0
50 150 100 0
50 150 100 0
50 150 100 0
50 150 100 0
50 150 100 0
50 150 100 0
50 150 100 0
50 150 100 0
50 150 100 0
50 150 100 0
50 150 100 0
 65 100 77 0
 51 77 62 0
 65 92 79 0
 66 106 85 0
 55 88 71 0
 51 74 64 0
 66 87 74 0
 146 137 129 1
 92 101 87 0
 67 89 74 0
 56 71 63 0
 67 85 82 0
 48 71 63 0
 73 102 91 0
 55 79 71 0
 36 61 52 0
 50 73 65 0
 74 110 94 0
 56 83 70 0
 51 72 62 0
 58 86 74 0
 59 87 76 0
 73 107 94 0
 82 113 98 0
 110 124 114 0
 108 127 116 0
 0 0 0 0
50 150 100 0
50 150 100 0
50 150 100 0
50 150 100 0
50 150 100 0
50 150 100 0
50 150 100 0
50 150 100 0
50 150 100 0
50 150 100 0
50 150 100 0
50 150 100 0
50 150 100 0
50 150 100 0
50 150 100 0
50 150 100 0
50 150 100 0
50 150 100 0
50 150 100 0
50 150 100 0
50 150 100 0
50 150 100 0
50 150 100 0
50 150 100 0
50 150 100 0
50 150 100 0
50 150 100 0
50 150 100 0
50 150 100 0
50 150 100 0
50 150 100 0
50 150 100 0
50 150 100 0
 59 97 74 0
 71 94 80 0
 47 71 57 0
 67 109 90 0
 49 84 63 0
 56 82 69 0
 59 98 80 0
 108 118 103 1
 76 87 76 0
 62 83 73 0
 62 79 73 0
 74 96 92 0
 70 89 88 0
 60 85 77 0
 48 70 64 0
 61 88 79 0
 66 93 80 0
 46 70 61 0
 62 90 79 0
 56 82 68 0
 57 88 76 0
 58 83 74 0
 65 98 84 0
 92 117 107 0
 147 151 146 1
 103 125 118 0
50 150 100 0
50 150 100 0
50 150 100 0
50 150 100 0
50 150 100 0
50 150 100 0
50 150 100 0
50 150 100 0
50 150 100 0
50 150 100 0
50 150 100 0
50 150 100 0
50 150 100 0
50 150 100 0
50 150 100 0
50 150 100 0
50 150 100 0
50 150 100 0
50 150 100 0
50 150 100 0
50 150 100 0
50 150 100 0
50 150 100 0
50 150 100 0
50 150 100 0
50 150 100 0
50 150 100 0
50 150 100 0
50 150 100 0
50 150 100 0
50 150 100 0
50 150 100 0
50 150 100 0
50 150 100 0
50 150 100 0
 57 89 69 0
 52 78 63 0
 56 100 78 0
 42 69 52 0
 59 86 73 0
 55 85 70 0
 144 137 124 1
 66 80 70 0
 50 65 57 0
 57 74 69 0
 72 98 92 0
 63 80 76 0
 50 69 63 0
 57 82 76 0
 70 100 86 0
 49 73 60 0
 49 73 63 0
 44 70 58 0
 58 89 75 0
 50 81 69 0
 62 96 82 0
 69 97 84 0
 102 121 111 0
 158 158 157 1
 0 0 0 0
50 150 100 0
50 150 100 0
50 150 100 0
50 150 100 0
50 150 100 0
50 150 100 0
50 150 100 0
50 150 100 0
50 150 100 0
50 150 100 0
50 150 100 0
50 150 100 0
50 150 100 0
50 150 100 0
50 150 100 0
50 150 100 0
50 150 100 0
50 150 100 0
50 150 100 0
50 150 100 0
50 150 100 0
50 150 100 0
50 150 100 0
50 150 100 0
50 150 100 0
50 150 100 0
50 150 100 0
50 150 100 0
50 150 100 0
50 150 100 0
50 150 100 0
50 150 100 0
50 150 100 0
50 150 100 0
50 150 100 0
 37 59 45 0
 59 87 69 0
 45 77 61 0
 48 73 57 0
 63 98 78 0
 56 83 69 0
 109 106 93 1
 51 63 54 0
 60 80 68 0
 64 85 74 0
 55 78 74 0
 67 88 84 0
 45 63 56 0
 38 57 51 0
 54 80 68 0
 62 90 78 0
 44 67 55 0
 50 80 68 0
 47 76 64 0
 47 81 70 0
 58 82 69 0
 75 100 88 0
 88 111 103 0
 126 133 127 1
50 150 100 0
50 150 100 0
50 150 100 0
50 150 100 0
50 150 100 0
50 150 100 0
50 150 100 0
50 150 100 0
50 150 100 0
50 150 100 0
50 150 100 0
50 150 100 0
50 150 100 0
50 150 100 0
50 150 100 0
50 150 100 0
50 150 100 0
50 150 100 0
50 150 100 0
50 150 100 0
50 150 100 0
50 150 100 0
50 150 100 0
50 150 100 0
50 150 100 0
50 150 100 0
50 150 100 0
50 150 100 0
50 150 100 0
50 150 100 0
50 150 100 0
50 150 100 0
50 150 100 0
50 150 100 0
50 150 100 0
50 150 100 0
50 150 100 0
 44 68 53 0
 63 93 78 0
 56 87 71 0
 45 69 57 0
 75 101 84 0
 147 136 123 1
 69 78 65 0
 52 69 60 0
 64 84 73 0
 69 93 83 0
 46 67 62 0
 54 78 67 0
 52 76 67 0
 49 79 65 0
 58 89 76 0
 46 74 65 0
 69 102 92 0
 47 77 64 0
 55 90 78 0
 58 78 66 0
 92 111 104 0
 113 123 119 0
 165 159 156 1
50 150 100 0
50 150 100 0
50 150 100 0
50 150 100 0
50 150 100 0
50 150 100 0
50 150 100 0
50 150 100 0
50 150 100 0
50 150 100 0
50 150 100 0
50 150 100 0
50 150 100 0
50 150 100 0
50 150 100 0
50 150 100 0
50 150 100 0
50 150 100 0
50 150 100 0
50 150 100 0
50 150 100 0
50 150 100 0
50 150 100 0
50 150 100 0
50 150 100 0
50 150 100 0
50 150 100 0
50 150 100 0
50 150 100 0
50 150 100 0
50 150 100 0
50 150 100 0
50 150 100 0
50 150 100 0
50 150 100 0
50 150 100 0
50 150 100 0
 59 88 74 0
 43 65 55 0
 60 99 86 0
 61 89 74 0
 73 97 81 0
 114 116 98 1
 65 84 67 0
 65 80 72 0
 52 66 58 0
 63 90 78 0
 78 103 96 0
 45 64 55 0
 53 79 70 0
 56 91 76 0
 44 65 56 0
 52 82 71 0
 52 84 71 0
 52 79 70 0
 47 76 65 0
 66 89 77 0
 81 105 97 0
 87 102 97 0
50 150 100 0
50 150 100 0
50 150 100 0
50 150 100 0
50 150 100 0
50 150 100 0
50 150 100 0
50 150 100 0
50 150 100 0
50 150 100 0
50 150 100 0
50 150 100 0
50 150 100 0
50 150 100 0
50 150 100 0
50 150 100 0
50 150 100 0
50 150 100 0
50 150 100 0
50 150 100 0
50 150 100 0
50 150 100 0
50 150 100 0
50 150 100 0
50 150 100 0
50 150 100 0
50 150 100 0
50 150 100 0
50 150 100 0
50 150 100 0
50 150 100 0
50 150 100 0
50 150 100 0
50 150 100 0
50 150 100 0
50 150 100 0
50 150 100 0
50 150 100 0
50 150 100 0
 57 81 68 0
 46 79 63 0
 40 69 57 0
 97 114 99 0
 186 159 150 1
 75 94 76 0
 52 68 60 0
 66 83 75 0
 44 61 55 0
 51 73 70 0
 42 58 55 0
 44 66 58 0
 62 91 80 0
 61 87 75 0
 45 74 65 0
 52 85 76 0
 50 75 65 0
 48 71 60 0
 62 82 75 0
 81 101 94 0
 108 123 114 0
50 150 100 0
50 150 100 0
50 150 100 0
50 150 100 0
50 150 100 0
50 150 100 0
50 150 100 0
50 150 100 0
50 150 100 0
50 150 100 0
50 150 100 0
50 150 100 0
50 150 100 0
50 150 100 0
50 150 100 0
50 150 100 0
50 150 100 0
50 150 100 0
50 150 100 0
50 150 100 0
50 150 100 0
50 150 100 0
50 150 100 0
50 150 100 0
50 150 100 0
50 150 100 0
50 150 100 0
50 150 100 0
50 150 100 0
50 150 100 0
50 150 100 0
50 150 100 0
50 150 100 0
50 150 100 0
50 150 100 0
50 150 100 0
50 150 100 0
50 150 100 0
50 150 100 0
 57 92 73 0
 44 65 55 0
 63 84 70 0
 128 113 100 1
 78 90 76 0
 45 57 49 0
 67 87 78 0
 53 66 62 0
 65 81 79 0
 58 79 76 0
 57 76 75 0
 49 65 61 0
 66 93 84 0
 48 68 60 0
 53 82 75 0
 40 64 59 0
 53 82 71 0
 54 76 65 0
 61 78 71 0
 85 101 93 0
50 150 100 0
50 150 100 0
50 150 100 0
50 150 100 0
50 150 100 0
50 150 100 0
50 150 100 0
50 150 100 0
50 150 100 0
50 150 100 0
50 150 100 0
50 150 100 0
50 150 100 0
50 150 100 0
50 150 100 0
50 150 100 0
50 150 100 0
50 150 100 0
50 150 100 0
50 150 100 0
50 150 100 0
50 150 100 0
50 150 100 0
50 150 100 0
50 150 100 0
50 150 100 0
50 150 100 0
50 150 100 0
50 150 100 0
50 150 100 0
50 150 100 0
50 150 100 0
50 150 100 0
50 150 100 0
50 150 100 0
50 150 100 0
50 150 100 0
50 150 100 0
50 150 100 0
50 150 100 0
50 150 100 0
 48 69 58 0
 88 110 90 0
 118 103 86 1
 79 76 65 0
 64 81 70 0
 47 62 57 0
 67 83 80 0
 53 66 68 0
 54 71 67 0
 48 62 64 0
 63 87 84 0
 56 75 73 0
 52 80 70 0
 49 70 63 0
 51 80 70 0
 38 60 51 0
 52 75 66 0
 58 76 67 0
 76 90 81 0
50 150 100 0
50 150 100 0
50 150 100 0
50 150 100 0
50 150 100 0
50 150 100 0
50 150 100 0
50 150 100 0
50 150 100 0
50 150 100 0
50 150 100 0
50 150 100 0
50 150 100 0
50 150 100 0
50 150 100 0
50 150 100 0
50 150 100 0
50 150 100 0
50 150 100 0
50 150 100 0
50 150 100 0
50 150 100 0
50 150 100 0
50 150 100 0
50 150 100 0
50 150 100 0
50 150 100 0
50 150 100 0
50 150 100 0
50 150 100 0
50 150 100 0
50 150 100 0
50 150 100 0
50 150 100 0
50 150 100 0
50 150 100 0
50 150 100 0
50 150 100 0
50 150 100 0
50 150 100 0
50 150 100 0
 43 61 51 0
 63 86 72 0
 165 153 137 1
 65 73 59 0
 75 91 79 0
 52 72 63 0
 75 100 94 0
 60 80 77 0
 35 52 47 0
 58 73 73 0
 57 74 73 0
 48 62 60 0
 44 70 63 0
 50 73 63 0
 48 71 62 0
 57 81 72 0
 52 76 66 0
 66 85 74 0
50 150 100 0
50 150 100 0
50 150 100 0
50 150 100 0
50 150 100 0
50 150 100 0
50 150 100 0
50 150 100 0
50 150 100 0
50 150 100 0
50 150 100 0
50 150 100 0
50 150 100 0
50 150 100 0
50 150 100 0
50 150 100 0
50 150 100 0
50 150 100 0
50 150 100 0
50 150 100 0
50 150 100 0
50 150 100 0
50 150 100 0
50 150 100 0
50 150 100 0
50 150 100 0
50 150 100 0
50 150 100 0
50 150 100 0
50 150 100 0
50 150 100 0
50 150 100 0
50 150 100 0
50 150 100 0
50 150 100 0
50 150 100 0
50 150 100 0
50 150 100 0
50 150 100 0
50 150 100 0
50 150 100 0
50 150 100 0
50 150 100 0
 65 91 79 0
 121 117 99 1
 117 110 93 1
 54 69 58 0
 62 84 74 0
 55 75 69 0
 43 60 56 0
 50 74 71 0
 43 61 59 0
 41 56 54 0
 46 65 60 0
 57 85 76 0
 45 66 56 0
 56 81 70 0
 43 64 54 0
 58 80 68 0
 48 61 53 0
50 150 100 0
50 150 100 0
50 150 100 0
50 150 100 0
50 150 100 0
50 150 100 0
50 150 100 0
50 150 100 0
50 150 100 0
50 150 100 0
50 150 100 0
50 150 100 0
50 150 100 0
50 150 100 0
50 150 100 0
50 150 100 0
50 150 100 0
50 150 100 0
50 150 100 0
50 150 100 0
50 150 100 0
50 150 100 0
50 150 100 0
50 150 100 0
50 150 100 0
50 150 100 0
50 150 100 0
50 150 100 0
50 150 100 0
50 150 100 0
50 150 100 0
50 150 100 0
50 150 100 0
50 150 100 0
50 150 100 0
50 150 100 0
50 150 100 0
50 150 100 0
50 150 100 0
50 150 100 0
50 150 100 0
50 150 100 0
50 150 100 0
 58 87 71 0
 89 101 82 0
 67 75 62 0
 55 69 58 0
 52 65 56 0
 55 80 71 0
 44 59 52 0
 41 57 56 0
 56 82 81 0
 46 62 58 0
 57 84 77 0
 43 67 60 0
 46 63 57 0
 49 73 61 0
 51 70 61 0
 61 84 71 0
50 150 100 0
50 150 100 0
50 150 100 0
50 150 100 0
50 150 100 0
50 150 100 0
50 150 100 0
50 150 100 0
50 150 100 0
50 150 100 0
50 150 100 0
50 150 100 0
50 150 100 0
50 150 100 0
50 150 100 0
50 150 100 0
50 150 100 0
50 150 100 0
50 150 100 0
50 150 100 0
50 150 100 0
50 150 100 0
50 150 100 0
50 150 100 0
50 150 100 0
50 150 100 0
50 150 100 0
50 150 100 0
50 150 100 0
50 150 100 0
50 150 100 0
50 150 100 0
50 150 100 0
50 150 100 0
50 150 100 0
50 150 100 0
50 150 100 0
50 150 100 0
50 150 100 0
50 150 100 0
50 150 100 0
50 150 100 0
50 150 100 0
50 150 100 0
 19 24 21 0
 143 134 121 1
 53 63 50 0
 55 70 58 0
 66 77 68 0
 70 92 83 0
 49 71 59 0
 35 42 39 0
 40 60 55 0
 61 81 75 0
 54 76 69 0
 43 60 55 0
 57 78 69 0
 38 46 40 0
 47 58 50 0
 44 57 48 0
50 150 100 0
50 150 100 0
50 150 100 0
50 150 100 0
50 150 100 0
50 150 100 0
50 150 100 0
50 150 100 0
50 150 100 0
50 150 100 0
50 150 100 0
50 150 100 0
50 150 100 0
50 150 100 0
50 150 100 0
50 150 100 0
50 150 100 0
50 150 100 0
50 150 100 0
50 150 100 0
50 150 100 0
50 150 100 0
50 150 100 0
50 150 100 0
50 150 100 0
50 150 100 0
50 150 100 0
50 150 100 0
50 150 100 0
50 150 100 0
50 150 100 0
50 150 100 0
50 150 100 0
50 150 100 0
50 150 100 0
50 150 100 0
50 150 100 0
50 150 100 0
50 150 100 0
50 150 100 0
50 150 100 0
50 150 100 0
50 150 100 0
50 150 100 0
50 150 100 0
 106 107 94 1
 76 99 78 0
 41 56 45 0
 70 88 75 0
 58 72 63 0
 38 53 45 0
 53 61 61 0
 47 60 57 0
 41 54 50 0
 54 73 66 0
 44 62 53 0
 56 82 71 0
 50 69 56 0
 63 76 66 0
50 150 100 0
50 150 100 0
50 150 100 0
50 150 100 0
50 150 100 0
50 150 100 0
50 150 100 0
50 150 100 0
50 150 100 0
50 150 100 0
50 150 100 0
50 150 100 0
50 150 100 0
50 150 100 0
50 150 100 0
50 150 100 0
50 150 100 0
50 150 100 0
50 150 100 0
50 150 100 0
50 150 100 0
50 150 100 0
50 150 100 0
50 150 100 0
50 150 100 0
50 150 100 0
50 150 100 0
50 150 100 0
50 150 100 0
50 150 100 0
50 150 100 0
50 150 100 0
50 150 100 0
50 150 100 0
50 150 100 0
50 150 100 0
50 150 100 0
50 150 100 0
50 150 100 0
50 150 100 0
50 150 100 0
50 150 100 0
50 150 100 0
50 150 100 0
50 150 100 0
50 150 100 0
50 150 100 0
50 150 100 0
50 150 100 0
50 150 100 0
50 150 100 0
50 150 100 0
50 150 100 0
50 150 100 0
50 150 100 0
50 150 100 0
50 150 100 0
50 150 100 0
50 150 100 0
50 150 100 0
50 150 100 0
50 150 100 0
50 150 100 0
50 150 100 0
50 150 100 0
50 150 100 0
50 150 100 0
50 150 100 0
50 150 100 0
50 150 100 0
50 150 100 0
50 150 100 0
50 150 100 0
50 150 100 0
50 150 100 0
50 150 100 0
50 150 100 0
50 150 100 0
50 150 100 0
50 150 100 0
50 150 100 0
50 150 100 0
50 150 100 0
50 150 100 0
50 150 100 0
50 150 100 0
50 150 100 0
50 150 100 0
50 150 100 0
50 150 100 0
50 150 100 0
50 150 100 0
50 150 100 0
50 150 100 0
50 150 100 0
50 150 100 0
50 150 100 0
50 150 100 0
50 150 100 0
50 150 100 0
50 150 100 0
50 150 100 0
50 150 100 0
50 150 100 0
50 150 100 0
50 150 100 0
50 150 100 0
50 150 100 0
50 150 100 0
50 150 100 0
50 150 100 0
50 150 100 0
50 150 100 0
50 150 100 0
50 150 100 0
50 150 100 0
50 150 100 0
50 150 100 0
50 150 100 0
50 150 100 0
50 150 100 0
50 150 100 0
50 150 100 0
50 150 100 0
50 150 100 0
50 150 100 0
50 150 100 0
50 150 100 0
50 150 100 0
50 150 100 0
50 150 100 0
50 150 100 0
50 150 100 0
50 150 100 0
50 150 100 0
50 150 100 0
50 150 100 0
50 150 100 0
50 150 100 0
50 150 100 0
50 150 100 0
50 150 100 0
50 150 100 0
50 150 100 0
50 150 100 0
50 150 100 0
50 150 100 0
50 150 100 0
50 150 100 0
50 150 100 0
50 150 100 0
50 150 100 0
50 150 100 0
50 150 100 0
50 150 100 0
50 150 100 0
50 150 100 0
50 150 100 0
50 150 100 0
50 150 100 0
50 150 100 0
50 150 100 0
50 150 100 0
50 150 100 0
50 150 100 0
50 150 100 0
50 150 100 0
50 150 100 0
50 150 100 0
50 150 100 0
50 150 100 0
50 150 100 0
50 150 100 0
50 150 100 0
50 150 100 0
50 150 100 0
50 150 100 0
50 150 100 0
50 150 100 0
50 150 100 0
50 150 100 0
50 150 100 0
50 150 100 0
50 150 100 0
50 150 100 0
50 150 100 0
50 150 100 0
50 150 100 0
50 150 100 0
50 150 100 0
50 150 100 0
50 150 100 0
50 150 100 0
50 150 100 0
50 150 100 0
50 150 100 0
50 150 100 0
50 150 100 0
50 150 100 0
50 150 100 0
50 150 100 0
50 150 100 0
50 150 100 0

