 87 122 92 0
 73 105 77 0
 90 121 96 0
 91 126 100 0
 82 117 92 0
 80 113 89 0
 87 117 92 0
 89 119 94 0
 82 121 96 0
 85 128 101 0
 80 117 91 0
 73 105 79 0
 76 106 80 0
 94 125 101 0
 78 111 86 0
 79 117 91 0
 66 111 82 0
 61 102 76 0
 71 113 87 0
 65 107 81 0
 63 112 85 0
 82 130 105 0
 57 100 79 0
 73 114 91 0
 82 109 85 0
 145 148 129 1
 100 123 100 0
 78 113 85 0
 68 100 76 0
 84 125 105 0
 73 112 94 0
 61 97 79 0
 69 104 88 0
 60 92 77 0
 57 86 75 0
 71 108 89 0
 55 80 66 0
 75 106 90 0
 89 118 108 0
 85 116 107 0
 91 125 117 0
 88 124 114 0
 86 120 113 0
 90 126 119 0
 84 124 116 0
 84 125 117 0
 91 129 121 0
 92 130 122 0
 95 131 123 0
 132 147 144 0
 175 182 182 1
 112 138 133 0
 93 126 120 0
 94 127 124 0
 116 146 144 0
 111 139 134 0
 116 142 137 0
 110 134 134 0
 115 138 141 0
 118 140 141 0
 86 120 92 0
 81 115 85 0
 77 109 82 0
 95 127 102 0
 89 124 98 0
 82 115 91 0
 86 117 92 0
 86 115 91 0
 73 106 82 0
 81 126 99 0
 76 116 89 0
 78 111 86 0
 76 105 81 0
 87 120 96 0
 80 113 88 0
 67 108 80 0
 72 118 89 0
 56 98 71 0
 70 111 85 0
 58 98 73 0
 64 113 86 0
 77 123 98 0
 56 98 76 0
 67 108 85 0
 79 119 93 0
 128 129 110 1
 104 125 103 0
 72 106 79 0
 67 101 76 0
 83 124 105 0
 70 109 88 0
 69 105 87 0
 67 100 84 0
 60 92 78 0
 68 99 87 0
 70 108 91 0
 71 102 87 0
 80 111 101 0
 85 115 106 0
 82 113 105 0
 96 128 121 0
 83 118 109 0
 88 122 114 0
 89 127 119 0
 84 125 117 0
 81 121 113 0
 89 126 118 0
 92 130 122 0
 120 140 136 0
 189 189 191 1
 121 141 139 0
 101 130 124 0
 94 128 122 0
 97 129 126 0
 114 144 142 0
 111 137 134 0
 116 141 137 0
 116 140 140 0
 123 149 149 0
 120 142 140 0
 89 122 95 0
 84 118 89 0
 81 113 87 0
 96 129 103 0
 92 127 101 0
 82 116 92 0
 84 115 90 0
 85 115 90 0
 62 93 69 0
 76 119 93 0
 78 118 92 0
 70 107 82 0
 82 115 90 0
 80 112 88 0
 77 112 87 0
 67 104 78 0
 57 98 73 0
 66 117 88 0
 68 109 83 0
 59 99 74 0
 66 113 86 0
 71 120 94 0
 57 98 76 0
 64 105 82 0
 85 125 99 0
 146 145 127 1
 94 122 99 0
 58 90 65 0
 66 102 79 0
 75 117 97 0
 69 107 87 0
 86 125 107 0
 66 102 85 0
 63 95 81 0
 68 101 87 0
 50 75 62 0
 70 98 85 0
 82 113 103 0
 81 110 104 0
 85 116 109 0
 95 128 120 0
 82 116 107 0
 89 123 116 0
 89 128 120 0
 83 125 115 0
 78 119 110 0
 84 122 115 0
 89 127 120 0
 110 138 133 0
 184 182 184 1
 111 130 128 0
 101 134 128 0
 95 129 124 0
 105 137 135 0
 115 144 141 0
 112 137 133 0
 117 142 139 0
 123 150 150 0
 123 149 147 0
 122 141 139 0
 94 126 99 0
 89 122 93 0
 58 90 63 0
 88 120 95 0
 93 128 102 0
 84 120 95 0
 81 114 90 0
 86 117 93 0
 85 115 91 0
 77 115 90 0
 75 116 89 0
 77 117 91 0
 80 120 94 0
 84 117 92 0
 77 112 88 0
 63 100 74 0
 50 91 67 0
 70 122 95 0
 64 108 81 0
 60 99 75 0
 60 105 80 0
 69 121 96 0
 66 110 87 0
 62 100 79 0
 89 127 101 0
 148 146 128 1
 91 122 98 0
 72 106 79 0
 58 91 67 0
 78 119 98 0
 71 109 87 0
 70 106 88 0
 68 103 86 0
 63 95 81 0
 72 107 91 0
 55 83 68 0
 71 99 87 0
 79 110 101 0
 85 114 108 0
 88 120 113 0
 93 126 118 0
 85 120 113 0
 84 120 113 0
 92 131 125 0
 76 118 107 0
 74 115 107 0
 79 117 111 0
 93 130 124 0
 111 128 125 0
 230 217 223 1
 107 134 131 0
 98 131 125 0
 100 132 128 0
 116 147 146 0
 113 140 137 0
 112 138 135 0
 117 144 142 0
 122 150 150 0
 122 143 141 0
 218 221 221 0
 90 127 100 0
 90 123 96 0
 84 117 90 0
 88 121 95 0
 92 124 99 0
 87 122 97 0
 86 121 96 0
 89 119 94 0
 83 114 89 0
 85 120 96 0
 74 115 89 0
 82 121 95 0
 83 126 99 0
 75 108 83 0
 76 113 89 0
 55 90 65 0
 49 89 66 0
 70 120 95 0
 62 107 80 0
 50 88 66 0
 56 99 77 0
 57 108 83 0
 71 117 91 0
 61 97 76 0
 83 119 94 0
 166 156 138 1
 91 125 100 0
 70 105 77 0
 67 102 77 0
 71 110 88 0
 70 107 84 0
 76 112 94 0
 62 96 80 0
 66 101 85 0
 72 108 93 0
 60 90 76 0
 69 99 90 0
 83 114 106 0
 83 112 107 0
 94 126 121 0
 81 111 106 0
 91 125 121 0
 83 119 113 0
 89 129 122 0
 72 113 102 0
 73 112 105 0
 81 119 114 0
 93 127 121 0
 165 164 165 0
 108 118 121 0
 107 136 134 0
 96 128 122 0
 105 138 135 0
 114 144 143 0
 106 134 131 0
 112 140 136 0
 117 144 143 0
 120 147 146 0
 123 144 141 0
 246 250 249 0
 81 122 95 0
 88 122 96 0
 88 121 96 0
 92 126 99 0
 87 119 93 0
 76 108 82 0
 87 125 99 0
 88 120 95 0
 90 121 96 0
 84 119 94 0
 69 108 84 0
 85 124 99 0
 83 127 101 0
 83 125 98 0
 77 114 89 0
 61 97 72 0
 50 90 67 0
 64 114 90 0
 89 132 108 0
 58 100 76 0
 56 98 77 0
 66 115 92 0
 65 109 85 0
 70 109 86 0
 87 121 97 0
 159 147 130 1
 95 126 102 0
 66 102 73 0
 72 107 81 0
 70 109 87 0
 66 103 79 0
 74 111 92 0
 72 108 92 0
 74 110 92 0
 74 111 95 0
 60 90 76 0
 73 105 96 0
 82 112 105 0
 84 113 108 0
 90 122 116 0
 77 107 103 0
 87 121 116 0
 83 120 114 0
 86 126 118 0
 69 109 100 0
 70 108 101 0
 88 128 121 0
 96 116 115 0
 224 209 215 1
 126 137 137 0
 103 134 132 0
 94 126 121 0
 107 141 137 0
 102 131 128 0
 107 136 131 0
 114 142 138 0
 115 142 142 0
 119 145 144 0
 128 147 144 0
 248 252 251 0
 71 112 87 0
 82 120 94 0
 85 117 92 0
 94 128 102 0
 89 122 96 0
 75 104 79 0
 90 127 103 0
 83 117 92 0
 90 125 100 0
 86 119 94 0
 70 108 83 0
 76 114 90 0
 81 123 99 0
 81 124 98 0
 75 118 91 0
 47 81 58 0
 64 103 77 0
 62 106 81 0
 59 107 82 0
 61 105 81 0
 62 104 81 0
 56 102 80 0
 55 99 78 0
 71 111 87 0
 101 121 100 0
 203 175 161 1
 86 121 95 0
 71 108 80 0
 63 97 74 0
 74 114 92 0
 58 93 70 0
 74 110 90 0
 62 92 77 0
 73 110 92 0
 74 110 93 0
 60 88 76 0
 65 94 87 0
 81 111 104 0
 91 124 118 0
 80 112 106 0
 87 119 113 0
 84 118 112 0
 84 121 115 0
 80 120 113 0
 74 115 107 0
 71 108 101 0
 85 122 117 0
 125 135 136 0
 203 193 196 1
 124 137 137 0
 96 126 123 0
 101 134 130 0
 105 137 134 0
 100 129 126 0
 110 139 135 0
 110 138 135 0
 116 143 143 0
 125 148 145 0
 244 249 248 0
 252 254 253 0
 76 114 89 0
 81 121 95 0
 87 122 95 0
 85 118 93 0
 84 118 92 0
 70 98 74 0
 71 100 77 0
 92 130 106 0
 85 124 99 0
 83 116 90 0
 83 120 95 0
 85 123 99 0
 82 122 103 0
 86 130 104 0
 71 111 84 0
 69 106 81 0
 67 107 80 0
 68 113 87 0
 71 117 94 0
 56 100 78 0
 60 102 80 0
 48 88 71 0
 53 95 76 0
 74 113 88 0
 117 127 107 0
 172 155 139 1
 84 119 93 0
 72 109 81 0
 69 104 79 0
 87 125 106 0
 53 87 65 0
 74 105 86 0
 64 90 75 0
 67 103 87 0
 68 104 88 0
 58 85 73 0
 72 104 95 0
 81 112 105 0
 85 118 112 0
 62 92 87 0
 84 118 112 0
 79 111 107 0
 86 122 118 0
 70 108 103 0
 83 125 118 0
 71 107 101 0
 79 114 110 0
 123 134 134 0
 170 167 169 1
 100 127 125 0
 101 131 128 0
 101 133 131 0
 100 130 127 0
 106 135 132 0
 109 137 134 0
 111 138 135 0
 116 143 141 0
 131 154 151 0
 248 252 250 0
 252 255 253 1
50 150 100 0
 88 126 99 0
 77 114 88 0
 84 119 92 0
 81 115 89 0
 71 100 74 0
 91 118 94 0
 86 125 101 0
 85 124 99 0
 78 113 87 0
 80 114 89 0
 85 124 99 0
 60 85 69 0
 88 129 108 0
 68 105 80 0
 64 106 80 0
 76 114 88 0
 67 112 84 0
 65 111 86 0
 64 109 86 0
 61 103 80 0
 50 88 70 0
 52 94 75 0
 67 111 87 0
 77 112 87 0
 165 150 132 1
 79 111 86 0
 73 111 83 0
 66 101 76 0
 67 104 85 0
 57 88 67 0
 71 103 81 0
 68 94 80 0
 63 98 82 0
 54 89 75 0
 65 95 83 0
 76 110 99 0
 81 114 107 0
 78 111 106 0
 76 110 106 0
 82 117 111 0
 76 107 104 0
 85 121 117 0
 67 104 101 0
 85 125 119 0
 75 111 104 0
 80 115 111 0
 112 125 126 0
 125 140 139 0
 100 128 125 0
 100 130 127 0
 99 129 127 0
 101 130 127 0
 107 134 134 0
 113 141 138 0
 115 142 139 0
 129 153 151 0
 235 239 240 0
 252 254 252 0
 252 255 253 1
50 150 100 0
 84 120 94 0
 75 112 85 0
 83 118 91 0
 73 105 80 0
 67 96 71 0
 94 121 97 0
 85 120 96 0
 75 111 88 0
 83 122 96 0
 75 108 83 0
 77 114 90 0
 58 78 63 0
 121 151 133 0
 71 109 84 0
 55 97 72 0
 72 112 85 0
 57 101 72 0
 62 108 83 0
 63 109 86 0
 56 98 75 0
 53 91 71 0
 62 106 84 0
 74 111 86 0
 120 132 111 0
 204 176 161 1
 71 102 78 0
 65 102 76 0
 59 90 68 0
 76 113 94 0
 65 101 76 0
 71 95 76 0
 65 94 78 0
 55 87 73 0
 60 92 79 0
 77 111 98 0
 74 108 96 0
 78 111 104 0
 73 106 101 0
 82 117 111 0
 81 117 110 0
 80 114 108 0
 74 108 105 0
 86 126 123 0
 85 122 115 0
 64 101 95 0
 86 120 116 0
 187 181 183 1
 128 142 139 0
 108 135 130 0
 100 130 127 0
 100 129 126 0
 107 135 133 0
 110 138 136 0
 113 142 139 0
 120 148 145 0
 132 156 154 0
 238 237 241 0
 251 254 252 0
 248 250 248 0
50 150 100 0
 13 22 15 0
 76 112 86 0
 75 111 84 0
 81 116 89 0
 73 103 78 0
 87 116 91 0
 90 122 98 0
 68 101 80 0
 83 126 100 0
 81 113 88 0
 77 113 89 0
 66 91 73 0
 94 129 109 0
 73 109 85 0
 74 114 90 0
 68 109 83 0
 52 93 65 0
 55 102 75 0
 59 105 82 0
 60 102 78 0
 52 92 71 0
 63 109 86 0
 69 110 85 0
 107 121 100 0
 174 162 144 1
 86 111 87 0
 66 102 77 0
 67 102 78 0
 76 114 93 0
 59 93 71 0
 60 89 69 0
 72 102 84 0
 71 105 91 0
 60 94 80 0
 76 108 95 0
 72 105 93 0
 72 105 97 0
 77 109 104 0
 81 117 110 0
 78 114 106 0
 79 115 108 0
 87 121 117 0
 84 121 120 0
 81 115 110 0
 88 122 118 0
 116 129 129 0
 202 194 195 1
 121 138 135 0
 106 133 130 0
 101 131 127 0
 102 131 128 0
 109 138 135 0
 114 143 140 0
 112 140 137 0
 127 153 150 0
 150 156 164 0
 248 251 250 0
 250 251 250 0
50 150 100 0
50 150 100 0
50 150 100 0
 76 110 84 0
 77 112 86 0
 72 105 79 0
 82 115 88 0
 74 104 79 0
 90 120 96 0
 97 133 111 0
 80 116 93 0
 82 115 91 0
 75 105 82 0
 81 113 91 0
 110 143 121 0
 78 115 92 0
 86 126 102 0
 46 85 62 0
 64 105 78 0
 50 95 68 0
 56 103 79 0
 61 104 78 0
 51 91 68 0
 66 116 92 0
 63 106 82 0
 76 107 84 0
 186 175 158 1
 86 114 90 0
 60 93 71 0
 73 113 86 0
 82 115 95 0
 70 105 82 0
 58 84 64 0
 75 106 85 0
 74 105 89 0
 71 108 92 0
 64 93 80 0
 75 109 97 0
 76 108 98 0
 69 100 93 0
 80 115 108 0
 71 107 100 0
 80 117 109 0
 77 110 106 0
 87 123 122 0
 82 113 110 0
 85 119 115 0
 116 132 131 0
 192 188 187 1
 106 128 124 0
 102 131 127 0
 105 134 130 0
 102 130 127 0
 114 143 140 0
 107 137 134 0
 111 139 135 0
 128 153 151 0
 145 158 164 0
 239 241 242 0
 250 252 250 0
50 150 100 0
50 150 100 0
50 150 100 0
 74 104 80 0
 80 113 87 0
 77 110 84 0
 76 108 83 0
 76 107 82 0
 81 110 86 0
 93 128 106 0
 86 123 99 0
 62 97 73 0
 80 109 86 0
 80 113 89 0
 103 135 113 0
 78 115 91 0
 81 121 96 0
 56 96 72 0
 68 109 81 0
 52 93 67 0
 51 97 74 0
 52 96 71 0
 59 98 74 0
 56 99 77 0
 59 102 78 0
 117 124 106 0
 121 125 104 0
 84 113 90 0
 54 85 65 0
 73 114 87 0
 75 105 85 0
 81 113 93 0
 65 92 70 0
 70 100 79 0
 76 106 89 0
 74 112 94 0
 61 91 77 0
 74 108 95 0
 74 108 97 0
 63 89 83 0
 72 107 100 0
 71 108 100 0
 72 107 101 0
 85 121 117 0
 88 122 118 0
 75 105 102 0
 94 121 119 0
 133 141 139 0
 130 135 134 0
 94 116 113 0
 99 127 124 0
 106 134 130 0
 104 133 130 0
 106 136 133 0
 104 134 131 0
 116 143 140 0
 135 158 158 0
 153 166 173 0
 249 251 250 0
 0 0 0 0
50 150 100 0
50 150 100 0
50 150 100 0
50 150 100 0
 78 109 84 0
 79 112 86 0
 85 117 91 0
 87 118 94 0
 74 102 79 0
 89 122 101 0
 80 118 95 0
 83 117 93 0
 73 100 77 0
 80 112 89 0
 76 106 86 0
 105 137 116 0
 83 124 99 0
 63 106 80 0
 54 93 67 0
 54 91 65 0
 48 89 68 0
 51 93 71 0
 60 101 76 0
 57 100 77 0
 66 106 82 0
 176 166 150 1
 104 118 95 0
 77 106 82 0
 0 0 0 0
 72 111 86 0
 71 101 82 0
 86 119 95 0
 65 91 70 0
 76 107 85 0
 76 108 91 0
 74 114 96 0
 65 98 81 0
 78 113 99 0
 70 104 92 0
 56 81 76 0
 72 107 100 0
 71 108 99 0
 75 113 105 0
 88 123 116 0
 84 119 114 0
 77 102 100 0
 121 139 137 0
 165 165 161 1
 103 117 114 0
 96 122 119 0
 98 125 122 0
 99 128 125 0
 102 131 128 0
 108 139 136 0
 106 133 130 0
 126 152 149 0
 139 161 163 0
 149 158 165 0
 246 246 247 0
50 150 100 0
50 150 100 0
50 150 100 0
50 150 100 0
50 150 100 0
 63 90 71 0
 84 118 92 0
 84 119 92 0
 82 114 89 0
 76 103 80 0
 92 126 104 0
 80 119 97 0
 80 115 90 0
 74 106 81 0
 79 116 94 0
 78 110 92 0
 102 141 118 0
 78 120 95 0
 58 100 74 0
 50 85 60 0
 47 84 62 0
 65 107 85 0
 41 81 62 0
 65 107 82 0
 47 88 66 0
 79 103 85 0
 164 158 142 1
 90 109 88 0
 67 96 74 0
 75 111 87 0
 62 97 74 0
 72 102 81 0
 69 101 79 0
 66 92 71 0
 73 104 82 0
 72 105 88 0
 73 112 97 0
 67 102 84 0
 78 114 98 0
 59 89 78 0
 75 106 100 0
 69 106 95 0
 68 105 96 0
 85 124 113 0
 70 104 97 0
 79 107 104 0
 94 119 118 0
 114 135 132 0
 147 156 151 1
 109 123 121 0
 95 122 118 0
 95 123 119 0
 96 125 123 0
 107 136 134 0
 103 132 129 0
 115 142 138 0
 124 150 147 0
 135 154 157 0
 154 162 167 0
 215 210 221 0
50 150 100 0
50 150 100 0
50 150 100 0
50 150 100 0
50 150 100 0
50 150 100 0
 78 110 88 0
 84 119 93 0
 67 97 74 0
 81 114 90 0
 90 120 96 0
 85 123 100 0
 77 113 91 0
 75 107 82 0
 64 87 66 0
 87 129 106 0
 91 127 107 0
 86 130 104 0
 65 113 87 0
 54 93 68 0
 47 78 56 0
 59 101 78 0
 48 88 69 0
 70 113 89 0
 60 102 78 0
 59 97 75 0
 133 136 117 1
 84 106 84 0
 67 95 73 0
 75 108 86 0
 70 103 83 0
 80 112 92 0
 60 88 64 0
 75 104 82 0
 72 104 80 0
 72 107 89 0
 107 146 140 0
 51 85 69 0
 81 119 102 0
 70 104 90 0
 74 106 100 0
 66 103 92 0
 62 99 91 0
 69 108 98 0
 75 109 101 0
 73 102 99 0
 91 116 115 0
 93 119 116 0
 180 177 173 1
 113 130 127 0
 95 121 117 0
 97 124 121 0
 99 128 128 0
 106 137 135 0
 103 132 128 0
 111 138 134 0
 123 146 147 0
 140 157 159 0
 145 143 153 0
50 150 100 0
50 150 100 0
50 150 100 0
50 150 100 0
50 150 100 0
50 150 100 0
50 150 100 0
 60 90 70 0
 87 122 97 0
 77 110 85 0
 67 97 74 0
 69 92 69 0
 83 116 93 0
 55 92 70 0
 81 116 91 0
 74 104 81 0
 86 132 109 0
 85 120 99 0
 62 106 79 0
 93 137 112 0
 52 84 61 0
 46 74 55 0
 66 107 84 0
 52 93 71 0
 55 97 75 0
 63 107 82 0
 62 101 78 0
 186 175 162 1
 87 106 84 0
 78 106 84 0
 72 102 83 0
 59 84 70 0
 75 103 85 0
 56 83 62 0
 76 107 84 0
 62 92 71 0
 70 103 88 0
 72 112 101 0
 70 108 87 0
 86 123 107 0
 74 106 94 0
 74 104 97 0
 70 108 95 0
 58 95 88 0
 79 119 109 0
 65 93 89 0
 124 148 146 0
 81 106 105 0
 89 116 113 0
 134 143 139 0
 110 131 127 0
 97 122 118 0
 98 127 124 0
 105 134 134 0
 99 129 126 0
 104 133 130 0
 120 146 144 0
 124 144 146 0
 135 151 153 0
 135 143 147 0
50 150 100 0
50 150 100 0
50 150 100 0
50 150 100 0
50 150 100 0
50 150 100 0
50 150 100 0
50 150 100 0
 74 105 83 0
 69 100 76 0
 70 102 77 0
 79 111 88 0
 84 115 92 0
 70 108 86 0
 84 122 96 0
 68 99 76 0
 79 123 101 0
 73 107 85 0
 89 129 105 0
 34 75 51 0
 63 110 85 0
 50 80 60 0
 56 99 76 0
 65 104 83 0
 50 91 69 0
 64 110 85 0
 65 107 81 0
 129 132 116 0
 93 109 87 0
 71 98 77 0
 101 126 116 0
 53 73 65 0
 66 89 75 0
 53 78 59 0
 68 98 75 0
 58 84 66 0
 75 107 92 0
 64 102 87 0
 71 111 90 0
 81 120 101 0
 73 106 92 0
 75 110 98 0
 57 91 81 0
 68 105 96 0
 76 117 106 0
 65 94 89 0
 83 111 108 0
 91 121 119 0
 118 135 129 0
 169 172 167 1
 107 128 124 0
 99 125 121 0
 95 124 122 0
 100 131 131 0
 99 129 126 0
 104 132 130 0
 121 146 143 0
 128 148 147 0
 134 146 148 0
50 150 100 0
50 150 100 0
50 150 100 0
50 150 100 0
50 150 100 0
50 150 100 0
50 150 100 0
50 150 100 0
50 150 100 0
 71 103 81 0
 58 85 62 0
 78 111 85 0
 73 103 80 0
 63 88 65 0
 79 116 93 0
 88 128 102 0
 76 110 84 0
 72 112 88 0
 79 123 99 0
 74 111 87 0
 57 97 72 0
 98 141 119 0
 67 100 80 0
 63 105 83 0
 59 99 77 0
 45 83 62 0
 61 107 81 0
 83 117 93 0
 177 168 153 1
 73 90 69 0
 79 107 84 0
 84 116 98 0
 70 93 81 0
 64 83 73 0
 75 105 83 0
 56 83 63 0
 55 77 63 0
 74 108 93 0
 64 100 85 0
 82 121 101 0
 68 106 86 0
 81 112 100 0
 60 96 83 0
 67 100 90 0
 67 104 95 0
 67 95 91 0
 86 120 116 0
 85 113 110 0
 93 125 122 0
 117 139 132 0
 111 131 125 0
 94 118 113 0
 102 130 126 0
 95 123 123 0
 97 127 125 0
 99 128 124 0
 111 139 136 0
 123 146 144 0
 128 143 143 0
 88 97 96 0
50 150 100 0
50 150 100 0
50 150 100 0
50 150 100 0
50 150 100 0
50 150 100 0
50 150 100 0
50 150 100 0
50 150 100 0
50 150 100 0
 73 107 87 0
 80 109 85 0
 68 100 76 0
 82 111 88 0
 88 120 97 0
 85 124 100 0
 70 102 76 0
 70 105 81 0
 71 111 89 0
 66 100 78 0
 46 83 61 0
 61 108 84 0
 52 90 69 0
 49 80 60 0
 57 97 75 0
 49 83 63 0
 62 108 83 0
 98 123 105 0
 142 138 122 1
 103 111 91 0
 56 80 61 0
 69 98 78 0
 78 108 88 0
 81 100 87 0
 74 108 84 0
 61 85 65 0
 86 109 93 0
 75 112 97 0
 65 102 86 0
 76 114 92 0
 68 105 84 0
 78 110 98 0
 82 115 102 0
 63 93 84 0
 64 97 89 0
 68 97 93 0
 78 112 108 0
 84 115 112 0
 102 128 123 0
 156 162 155 1
 105 126 120 0
 86 111 107 0
 92 121 118 0
 94 123 123 0
 94 124 120 0
 101 131 126 0
 115 141 137 0
 124 145 142 0
 123 139 137 0
50 150 100 0
50 150 100 0
50 150 100 0
50 150 100 0
50 150 100 0
50 150 100 0
50 150 100 0
50 150 100 0
50 150 100 0
50 150 100 0
50 150 100 0
 83 116 98 0
 74 102 78 0
 79 111 86 0
 75 108 83 0
 89 121 97 0
 69 103 81 0
 84 125 99 0
 63 92 68 0
 76 110 89 0
 59 92 72 0
 63 105 82 0
 53 100 74 0
 40 76 55 0
 55 86 67 0
 56 96 75 0
 43 74 56 0
 43 85 62 0
 100 119 104 0
 157 152 137 1
 94 108 87 0
 69 93 76 0
 96 127 110 0
 55 85 66 0
 82 106 91 0
 103 127 115 0
 61 86 66 0
 74 98 82 0
 66 102 86 0
 72 109 94 0
 69 104 83 0
 77 112 97 0
 75 105 92 0
 55 85 73 0
 57 85 78 0
 72 107 98 0
 65 93 89 0
 74 108 104 0
 81 112 110 0
 96 124 119 0
 135 146 139 1
 109 127 122 0
 99 126 122 0
 92 120 117 0
 93 123 121 0
 95 124 120 0
 107 135 131 0
 117 143 139 0
 120 140 137 0
 120 136 133 0
50 150 100 0
50 150 100 0
50 150 100 0
50 150 100 0
50 150 100 0
50 150 100 0
50 150 100 0
50 150 100 0
50 150 100 0
50 150 100 0
50 150 100 0
50 150 100 0
 82 115 96 0
 81 112 87 0
 81 117 91 0
 81 112 88 0
 87 118 94 0
 80 117 92 0
 85 118 93 0
 69 101 81 0
 54 87 68 0
 63 108 86 0
 59 104 78 0
 43 76 55 0
 55 88 68 0
 53 92 72 0
 43 71 55 0
 54 92 70 0
 83 108 92 0
 149 148 133 1
 84 103 80 0
 66 90 70 0
 67 100 83 0
 53 78 63 0
 75 97 84 0
 69 103 80 0
 64 85 69 0
 76 98 82 0
 54 88 74 0
 74 112 95 0
 64 93 74 0
 66 101 82 0
 68 96 84 0
 70 100 89 0
 71 101 91 0
 74 110 100 0
 81 112 106 0
 75 107 104 0
 79 112 109 0
 110 133 126 0
 138 145 139 1
 110 134 129 0
 90 117 114 0
 99 127 126 0
 93 123 119 0
 98 125 121 0
 109 134 132 0
 118 140 136 0
 122 140 136 0
50 150 100 0
50 150 100 0
50 150 100 0
50 150 100 0
50 150 100 0
50 150 100 0
50 150 100 0
50 150 100 0
50 150 100 0
50 150 100 0
50 150 100 0
50 150 100 0
50 150 100 0
 73 105 87 0
 86 120 95 0
 82 115 88 0
 78 111 85 0
 84 115 90 0
 72 104 79 0
 52 78 53 0
 83 115 90 0
 71 102 82 0
 63 105 83 0
 50 91 69 0
 42 74 53 0
 54 86 66 0
 60 101 77 0
 49 85 65 0
 54 85 66 0
 70 108 87 0
 101 116 98 1
 70 96 70 0
 69 96 76 0
 73 106 89 0
 58 82 69 0
 65 88 75 0
 64 96 80 0
 87 113 96 0
 60 86 71 0
 68 105 88 0
 55 82 67 0
 80 109 95 0
 63 97 79 0
 64 93 81 0
 74 106 93 0
 78 111 98 0
 76 111 101 0
 73 104 98 0
 76 108 107 0
 85 118 113 0
 111 129 123 0
 180 179 176 1
 91 116 112 0
 124 149 144 0
 91 117 114 0
 97 123 119 0
 102 127 124 0
 113 135 132 0
 118 139 134 0
 115 135 129 0
50 150 100 0
50 150 100 0
50 150 100 0
50 150 100 0
50 150 100 0
50 150 100 0
50 150 100 0
50 150 100 0
50 150 100 0
50 150 100 0
50 150 100 0
50 150 100 0
50 150 100 0
50 150 100 0
 76 107 87 0
 79 113 86 0
 79 110 83 0
 87 118 93 0
 87 118 91 0
 63 89 66 0
 85 117 92 0
 64 97 77 0
 63 108 86 0
 56 100 78 0
 46 78 58 0
 55 85 66 0
 61 104 78 0
 48 85 63 0
 55 89 69 0
 105 119 103 1
 85 108 86 0
 58 80 57 0
 71 99 78 0
 69 102 83 0
 65 95 78 0
 69 96 80 0
 50 76 61 0
 67 100 80 0
 77 103 85 0
 55 85 70 0
 60 84 69 0
 110 137 129 0
 61 93 75 0
 69 103 89 0
 71 103 89 0
 73 106 94 0
 69 103 91 0
 78 108 103 0
 73 103 102 0
 88 117 111 0
 114 129 123 0
 115 135 130 0
 93 115 110 0
 98 122 117 0
 101 126 123 0
 95 120 116 0
 112 137 133 0
 114 137 132 0
 114 135 128 0
50 150 100 0
50 150 100 0
50 150 100 0
50 150 100 0
50 150 100 0
50 150 100 0
50 150 100 0
50 150 100 0
50 150 100 0
50 150 100 0
50 150 100 0
50 150 100 0
50 150 100 0
50 150 100 0
50 150 100 0
 68 97 78 0
 75 109 84 0
 80 114 86 0
 85 115 89 0
 86 117 89 0
 69 93 71 0
 72 104 81 0
 78 112 88 0
 47 80 60 0
 66 112 88 0
 53 84 64 0
 55 84 65 0
 59 101 76 0
 47 78 61 0
 71 108 87 0
 116 126 110 1
 141 143 128 1
 51 72 51 0
 70 98 76 0
 68 100 80 0
 60 92 74 0
 69 102 82 0
 77 108 93 0
 55 84 68 0
 63 87 74 0
 55 85 70 0
 67 96 80 0
 81 111 96 0
 57 85 70 0
 67 101 86 0
 76 110 94 0
 71 103 91 0
 67 98 87 0
 83 114 115 0
 71 102 99 0
 83 113 107 0
 168 167 165 1
 117 133 129 0
 106 128 123 0
 90 115 111 0
 96 119 115 0
 94 118 114 0
 111 134 129 0
 112 136 128 0
 113 134 125 0
50 150 100 0
50 150 100 0
50 150 100 0
50 150 100 0
50 150 100 0
50 150 100 0
50 150 100 0
50 150 100 0
50 150 100 0
50 150 100 0
50 150 100 0
50 150 100 0
50 150 100 0
50 150 100 0
50 150 100 0
 12 18 14 0
 78 109 88 0
 64 92 67 0
 73 98 78 0
 82 111 86 0
 79 104 79 0
 76 104 82 0
 77 114 89 0
 67 102 81 0
 57 99 79 0
 55 99 72 0
 60 89 69 0
 58 96 73 0
 48 76 61 0
 66 100 81 0
 124 127 112 1
 80 102 83 0
 64 84 65 0
 79 105 84 0
 65 99 80 0
 48 75 58 0
 66 95 77 0
 74 105 93 0
 53 77 63 0
 64 88 76 0
 43 69 55 0
 67 93 78 0
 70 100 84 0
 56 85 73 0
 56 86 74 0
 82 116 101 0
 65 94 82 0
 70 99 92 0
 75 101 103 0
 73 102 97 0
 102 121 117 0
 153 152 151 1
 109 130 123 0
 94 116 109 0
 96 117 113 0
 96 120 115 0
 108 132 127 0
 113 136 129 0
 110 133 124 0
50 150 100 0
50 150 100 0
50 150 100 0
50 150 100 0
50 150 100 0
50 150 100 0
50 150 100 0
50 150 100 0
50 150 100 0
50 150 100 0
50 150 100 0
50 150 100 0
50 150 100 0
50 150 100 0
50 150 100 0
50 150 100 0
50 150 100 0
 74 105 86 0
 82 117 91 0
 77 101 80 0
 77 102 77 0
 88 116 90 0
 60 85 65 0
 74 113 89 0
 69 108 82 0
 55 90 71 0
 56 101 77 0
 64 97 75 0
 51 89 66 0
 57 98 74 0
 67 96 81 0
 72 100 79 0
 80 98 78 0
 72 96 80 0
 72 99 79 0
 71 101 83 0
 58 89 70 0
 63 94 78 0
 61 92 81 0
 52 77 64 0
 60 80 71 0
 47 68 56 0
 67 92 78 0
 59 84 70 0
 67 95 85 0
 53 79 71 0
 70 102 90 0
 69 100 87 0
 67 91 89 0
 84 115 117 0
 66 90 85 0
 104 119 114 0
 143 146 144 1
 106 127 120 0
 104 127 120 0
 97 118 113 0
 100 127 119 0
 109 133 127 0
 104 128 120 0
 107 131 123 0
50 150 100 0
50 150 100 0
50 150 100 0
50 150 100 0
50 150 100 0
50 150 100 0
50 150 100 0
50 150 100 0
50 150 100 0
50 150 100 0
50 150 100 0
50 150 100 0
50 150 100 0
50 150 100 0
50 150 100 0
50 150 100 0
50 150 100 0
 81 111 90 0
 76 111 85 0
 77 111 84 0
 71 93 74 0
 77 104 78 0
 87 117 92 0
 49 76 58 0
 62 99 74 0
 48 76 58 0
 57 102 79 0
 43 75 54 0
 58 93 73 0
 49 86 68 0
 58 87 70 0
 113 116 98 0
 151 141 126 1
 70 97 77 0
 55 81 64 0
 77 108 88 0
 76 107 89 0
 49 76 61 0
 62 93 81 0
 59 85 71 0
 61 84 71 0
 50 69 57 0
 72 100 84 0
 66 91 76 0
 64 89 78 0
 66 89 84 0
 65 92 83 0
 65 90 83 0
 69 90 93 0
 76 106 107 0
 79 102 97 0
 114 123 118 0
 160 155 155 1
 98 120 111 0
 97 116 110 0
 103 125 119 0
 100 125 117 0
 109 132 124 0
 104 127 118 0
50 150 100 0
50 150 100 0
50 150 100 0
50 150 100 0
50 150 100 0
50 150 100 0
50 150 100 0
50 150 100 0
50 150 100 0
50 150 100 0
50 150 100 0
50 150 100 0
50 150 100 0
50 150 100 0
50 150 100 0
50 150 100 0
50 150 100 0
50 150 100 0
50 150 100 0
 71 104 80 0
 76 111 83 0
 68 89 70 0
 84 115 91 0
 81 115 89 0
 74 108 84 0
 64 96 73 0
 64 100 76 0
 53 92 71 0
 44 72 56 0
 54 87 70 0
 50 86 69 0
 68 99 79 0
 124 123 107 0
 87 104 83 0
 68 95 76 0
 62 90 69 0
 78 108 87 0
 59 89 69 0
 66 91 78 0
 60 90 77 0
 52 80 65 0
 60 84 70 0
 59 81 70 0
 68 99 79 0
 59 83 68 0
 75 103 86 0
 70 95 87 0
 82 112 102 0
 72 95 93 0
 70 93 94 0
 76 104 102 0
 83 102 99 0
 145 145 143 1
 120 133 127 0
 89 109 101 0
 105 124 117 0
 101 125 117 0
 103 126 117 0
 108 129 121 0
 103 125 117 0
50 150 100 0
50 150 100 0
50 150 100 0
50 150 100 0
50 150 100 0
50 150 100 0
50 150 100 0
50 150 100 0
50 150 100 0
50 150 100 0
50 150 100 0
50 150 100 0
50 150 100 0
50 150 100 0
50 150 100 0
50 150 100 0
50 150 100 0
50 150 100 0
50 150 100 0
 71 101 78 0
 79 115 86 0
 65 88 66 0
 86 117 92 0
 69 102 76 0
 69 100 76 0
 69 107 82 0
 57 88 66 0
 61 98 74 0
 49 86 65 0
 63 99 80 0
 50 85 67 0
 64 105 84 0
 77 110 85 0
 172 154 139 1
 64 90 71 0
 71 102 79 0
 69 99 78 0
 63 90 74 0
 73 100 87 0
 53 81 68 0
 54 80 64 0
 90 115 109 0
 53 78 63 0
 60 97 73 0
 65 94 78 0
 63 90 72 0
 64 89 79 0
 71 96 88 0
 89 112 111 0
 73 98 97 0
 78 104 101 0
 87 107 105 0
 143 143 142 1
 115 126 119 0
 92 112 104 0
 96 117 110 0
 96 120 112 0
 102 122 115 0
 105 127 118 0
50 150 100 0
50 150 100 0
50 150 100 0
50 150 100 0
50 150 100 0
50 150 100 0
50 150 100 0
50 150 100 0
50 150 100 0
50 150 100 0
50 150 100 0
50 150 100 0
50 150 100 0
50 150 100 0
50 150 100 0
50 150 100 0
50 150 100 0
50 150 100 0
50 150 100 0
50 150 100 0
50 150 100 0
 64 93 68 0
 70 92 68 0
 80 106 83 0
 82 117 91 0
 63 93 70 0
 80 120 93 0
 64 95 72 0
 54 90 66 0
 47 81 62 0
 59 96 76 0
 62 98 81 0
 62 101 76 0
 115 128 106 0
 152 148 130 1
 65 90 72 0
 61 90 71 0
 58 84 68 0
 73 106 89 0
 59 85 72 0
 54 84 71 0
 60 98 77 0
 53 75 62 0
 56 78 67 0
 61 93 73 0
 61 90 74 0
 59 84 72 0
 64 92 80 0
 74 98 93 0
 68 90 87 0
 66 90 87 0
 76 98 96 0
 111 123 120 0
 180 176 174 1
 103 118 110 0
 101 123 115 0
 105 132 126 0
 93 117 109 0
 105 123 117 0
 96 116 108 0
50 150 100 0
50 150 100 0
50 150 100 0
50 150 100 0
50 150 100 0
50 150 100 0
50 150 100 0
50 150 100 0
50 150 100 0
50 150 100 0
50 150 100 0
50 150 100 0
50 150 100 0
50 150 100 0
50 150 100 0
50 150 100 0
50 150 100 0
50 150 100 0
50 150 100 0
50 150 100 0
50 150 100 0
 72 100 78 0
 86 119 91 0
 82 107 83 0
 84 116 91 0
 55 86 62 0
 76 113 86 0
 61 96 71 0
 48 81 61 0
 45 74 58 0
 60 97 79 0
 54 88 71 0
 51 85 69 0
 77 110 86 0
 93 108 86 0
 59 83 65 0
 65 88 70 0
 71 100 82 0
 55 86 71 0
 47 71 63 0
 51 82 69 0
 53 80 62 0
 56 78 67 0
 61 88 72 0
 62 94 75 0
 62 90 75 0
 68 96 82 0
 54 80 68 0
 81 106 105 0
 60 80 77 0
 73 101 97 0
 80 104 102 0
 95 111 112 0
 137 138 136 1
 93 110 107 0
 88 112 106 0
 87 114 108 0
 96 118 110 0
 100 119 113 0
50 150 100 0
50 150 100 0
50 150 100 0
50 150 100 0
50 150 100 0
50 150 100 0
50 150 100 0
50 150 100 0
50 150 100 0
50 150 100 0
50 150 100 0
50 150 100 0
50 150 100 0
50 150 100 0
50 150 100 0
50 150 100 0
50 150 100 0
50 150 100 0
50 150 100 0
50 150 100 0
50 150 100 0
50 150 100 0
50 150 100 0
 84 116 90 0
 84 116 88 0
 81 110 85 0
 55 82 61 0
 67 106 80 0
 60 97 71 0
 48 77 57 0
 61 95 75 0
 43 69 55 0
 61 97 79 0
 61 92 74 0
 95 114 96 0
 88 100 80 0
 74 102 80 0
 60 87 68 0
 50 76 63 0
 81 109 98 0
 65 88 84 0
 42 68 57 0
 54 80 63 0
 49 73 61 0
 62 92 74 0
 52 76 61 0
 52 75 64 0
 67 99 83 0
 60 84 73 0
 63 85 84 0
 63 82 78 0
 76 104 101 0
 77 100 101 0
 92 107 111 0
 128 133 132 1
 79 100 96 0
 85 111 105 0
 84 107 101 0
 106 127 119 0
 97 115 108 0
50 150 100 0
50 150 100 0
50 150 100 0
50 150 100 0
50 150 100 0
50 150 100 0
50 150 100 0
50 150 100 0
50 150 100 0
50 150 100 0
50 150 100 0
50 150 100 0
50 150 100 0
50 150 100 0
50 150 100 0
50 150 100 0
50 150 100 0
50 150 100 0
50 150 100 0
50 150 100 0
50 150 100 0
50 150 100 0
50 150 100 0
 73 99 76 0
 64 88 67 0
 68 95 73 0
 60 81 63 0
 61 100 74 0
 56 92 68 0
 50 77 59 0
 60 102 78 0
 50 81 66 0
 61 96 78 0
 43 67 54 0
 153 143 129 1
 99 105 86 0
 58 89 68 0
 51 77 59 0
 58 86 70 0
 42 63 54 0
 42 63 57 0
 50 73 61 0
 34 55 42 0
 54 80 65 0
 57 85 68 0
 53 78 63 0
 67 93 78 0
 51 75 61 0
 57 79 73 0
 55 72 68 0
 65 88 84 0
 74 98 102 0
 75 95 98 0
 99 114 115 0
 92 104 104 0
 84 105 101 0
 83 110 102 0
 94 118 108 0
 103 124 116 0
50 150 100 0
50 150 100 0
50 150 100 0
50 150 100 0
50 150 100 0
50 150 100 0
50 150 100 0
50 150 100 0
50 150 100 0
50 150 100 0
50 150 100 0
50 150 100 0
50 150 100 0
50 150 100 0
50 150 100 0
50 150 100 0
50 150 100 0
50 150 100 0
50 150 100 0
50 150 100 0
50 150 100 0
50 150 100 0
50 150 100 0
50 150 100 0
50 150 100 0
 42 60 43 0
 85 113 89 0
 57 76 61 0
 68 107 81 0
 52 86 63 0
 59 90 71 0
 47 83 62 0
 60 97 76 0
 54 86 71 0
 77 103 86 0
 170 154 142 1
 77 96 77 0
 70 104 82 0
 42 69 53 0
 58 88 70 0
 50 73 63 0
 53 72 67 0
 48 71 60 0
 52 77 64 0
 47 69 59 0
 57 83 69 0
 50 69 58 0
 65 93 76 0
 49 72 60 0
 52 74 69 0
 64 83 79 0
 67 89 86 0
 82 103 106 0
 88 106 109 0
 152 149 150 1
 110 118 118 0
 87 110 105 0
 76 100 93 0
 98 118 110 0
 92 113 104 0
50 150 100 0
50 150 100 0
50 150 100 0
50 150 100 0
50 150 100 0
50 150 100 0
50 150 100 0
50 150 100 0
50 150 100 0
50 150 100 0
50 150 100 0
50 150 100 0
50 150 100 0
50 150 100 0
50 150 100 0
50 150 100 0
50 150 100 0
50 150 100 0
50 150 100 0
50 150 100 0
50 150 100 0
50 150 100 0
50 150 100 0
50 150 100 0
50 150 100 0
 64 81 62 0
 87 111 88 0
 77 102 80 0
 63 96 73 0
 51 83 63 0
 58 92 70 0
 55 91 68 0
 48 84 64 0
 40 70 55 0
 55 82 67 0
 96 117 100 0
 70 86 73 0
 69 105 83 0
 50 77 61 0
 45 71 58 0
 58 84 73 0
 58 80 70 0
 49 72 61 0
 46 68 56 0
 51 72 62 0
 61 85 73 0
 63 92 77 0
 51 77 62 0
 59 82 73 0
 61 86 81 0
 63 82 78 0
 65 87 85 0
 78 105 107 0
 84 100 104 0
 193 184 186 1
 95 109 107 0
 88 113 107 0
 84 108 100 0
 99 119 112 0
 13 18 16 0
50 150 100 0
50 150 100 0
50 150 100 0
50 150 100 0
50 150 100 0
50 150 100 0
50 150 100 0
50 150 100 0
50 150 100 0
50 150 100 0
50 150 100 0
50 150 100 0
50 150 100 0
50 150 100 0
50 150 100 0
50 150 100 0
50 150 100 0
50 150 100 0
50 150 100 0
50 150 100 0
50 150 100 0
50 150 100 0
50 150 100 0
50 150 100 0
50 150 100 0
50 150 100 0
 84 105 81 0
 71 95 69 0
 70 108 80 0
 54 85 64 0
 47 77 58 0
 49 82 62 0
 36 63 48 0
 52 84 67 0
 57 86 70 0
 119 121 110 1
 79 102 88 0
 59 93 77 0
 39 67 55 0
 46 71 60 0
 45 69 60 0
 52 77 66 0
 48 71 60 0
 52 77 63 0
 47 67 58 0
 48 69 58 0
 55 79 66 0
 54 76 67 0
 55 74 69 0
 62 91 86 0
 64 85 81 0
 64 81 82 0
 74 98 102 0
 96 109 110 0
 125 124 125 1
 90 110 104 0
 82 103 96 0
 96 117 109 0
 90 108 102 0
50 150 100 0
50 150 100 0
50 150 100 0
50 150 100 0
50 150 100 0
50 150 100 0
50 150 100 0
50 150 100 0
50 150 100 0
50 150 100 0
50 150 100 0
50 150 100 0
50 150 100 0
50 150 100 0
50 150 100 0
50 150 100 0
50 150 100 0
50 150 100 0
50 150 100 0
50 150 100 0
50 150 100 0
50 150 100 0
50 150 100 0
50 150 100 0
50 150 100 0
50 150 100 0
50 150 100 0
 27 40 26 0
 74 95 70 0
 68 104 77 0
 48 75 58 0
 57 95 73 0
 50 85 64 0
 53 80 65 0
 51 79 64 0
 54 85 68 0
 155 144 138 1
 71 85 72 0
 46 71 58 0
 57 88 73 0
 48 69 59 0
 54 80 69 0
 71 104 89 0
 53 76 63 0
 45 71 56 0
 45 63 54 0
 54 74 63 0
 44 66 55 0
 54 73 68 0
 66 92 88 0
 54 82 77 0
 58 77 75 0
 78 98 103 0
 73 96 98 0
 96 108 105 0
 139 133 133 1
 92 111 104 0
 74 89 83 0
 96 114 107 0
50 150 100 0
50 150 100 0
50 150 100 0
50 150 100 0
50 150 100 0
50 150 100 0
50 150 100 0
50 150 100 0
50 150 100 0
50 150 100 0
50 150 100 0
50 150 100 0
50 150 100 0
50 150 100 0
50 150 100 0
50 150 100 0
50 150 100 0
50 150 100 0
50 150 100 0
50 150 100 0
50 150 100 0
50 150 100 0
50 150 100 0
50 150 100 0
50 150 100 0
50 150 100 0
50 150 100 0
50 150 100 0
50 150 100 0
 77 96 73 0
 70 105 79 0
 50 76 59 0
 55 88 70 0
 46 80 58 0
 50 74 62 0
 47 72 58 0
 97 130 113 0
 75 93 85 0
 57 71 62 0
 72 106 95 0
 51 78 65 0
 63 83 72 0
 55 82 70 0
 57 84 74 0
 59 83 69 0
 38 64 50 0
 52 76 64 0
 61 82 71 0
 49 67 58 0
 53 70 66 0
 57 82 78 0
 68 94 90 0
 61 79 80 0
 68 88 91 0
 72 95 95 0
 90 100 100 0
 115 121 119 1
 85 104 94 0
 81 95 90 0
 78 90 85 0
50 150 100 0
50 150 100 0
50 150 100 0
50 150 100 0
50 150 100 0
50 150 100 0
50 150 100 0
50 150 100 0
50 150 100 0
50 150 100 0
50 150 100 0
50 150 100 0
50 150 100 0
50 150 100 0
50 150 100 0
50 150 100 0
50 150 100 0
50 150 100 0
50 150 100 0
50 150 100 0
50 150 100 0
50 150 100 0
50 150 100 0
50 150 100 0
50 150 100 0
50 150 100 0
50 150 100 0
50 150 100 0
50 150 100 0
 69 90 66 0
 74 107 81 0
 55 94 68 0
 54 82 64 0
 45 71 53 0
 39 59 48 0
 47 68 57 0
 75 105 89 0
 66 80 71 0
 131 127 118 1
 61 82 74 0
 59 81 71 0
 67 90 77 0
 41 64 56 0
 47 70 61 0
 45 65 55 0
 46 69 59 0
 42 59 49 0
 56 77 65 0
 53 69 60 0
 58 73 68 0
 55 76 71 0
 60 89 86 0
 61 82 80 0
 64 82 84 0
 78 92 92 0
 111 114 111 1
 85 104 95 0
 77 96 89 0
 91 115 106 0
50 150 100 0
50 150 100 0
50 150 100 0
50 150 100 0
50 150 100 0
50 150 100 0
50 150 100 0
50 150 100 0
50 150 100 0
50 150 100 0
50 150 100 0
50 150 100 0
50 150 100 0
50 150 100 0
50 150 100 0
50 150 100 0
50 150 100 0
50 150 100 0
50 150 100 0
50 150 100 0
50 150 100 0
50 150 100 0
50 150 100 0
50 150 100 0
50 150 100 0
50 150 100 0
50 150 100 0
50 150 100 0
50 150 100 0
50 150 100 0
50 150 100 0
 75 109 81 0
 45 83 59 0
 47 80 59 0
 43 67 49 0
 43 65 52 0
 52 71 62 0
 68 96 82 0
 69 80 66 0
 85 99 86 0
 46 60 53 0
 75 103 98 0
 52 72 61 0
 52 74 66 0
 47 71 59 0
 37 56 46 0
 56 77 68 0
 43 64 52 0
 54 73 62 0
 66 90 77 0
 59 77 71 0
 60 84 83 0
 61 90 90 0
 59 75 74 0
 70 87 87 0
 77 91 89 0
 119 117 114 1
 85 106 96 0
 69 89 80 0
 76 94 84 0
50 150 100 0
50 150 100 0
50 150 100 0
50 150 100 0
50 150 100 0
50 150 100 0
50 150 100 0
50 150 100 0
50 150 100 0
50 150 100 0
50 150 100 0
50 150 100 0
50 150 100 0
50 150 100 0
50 150 100 0
50 150 100 0
50 150 100 0
50 150 100 0
50 150 100 0
50 150 100 0
50 150 100 0
50 150 100 0
50 150 100 0
50 150 100 0
50 150 100 0
50 150 100 0
50 150 100 0
50 150 100 0
50 150 100 0
50 150 100 0
50 150 100 0
 51 73 52 0
 60 97 70 0
 50 82 59 0
 34 58 40 0
 48 69 56 0
 48 71 62 0
 65 100 82 0
 152 137 129 1
 61 76 63 0
 59 78 73 0
 93 128 127 0
 62 83 75 0
 54 72 65 0
 60 87 80 0
 51 68 60 0
 55 78 71 0
 59 82 72 0
 50 68 58 0
 61 81 72 0
 60 74 72 0
 63 85 82 0
 59 87 86 0
 62 82 79 0
 67 83 80 0
 88 95 91 0
 175 162 159 1
 84 99 91 0
 75 99 86 0
50 150 100 0
50 150 100 0
50 150 100 0
50 150 100 0
50 150 100 0
50 150 100 0
50 150 100 0
50 150 100 0
50 150 100 0
50 150 100 0
50 150 100 0
50 150 100 0
50 150 100 0
50 150 100 0
50 150 100 0
50 150 100 0
50 150 100 0
50 150 100 0
50 150 100 0
50 150 100 0
50 150 100 0
50 150 100 0
50 150 100 0
50 150 100 0
50 150 100 0
50 150 100 0
50 150 100 0
50 150 100 0
50 150 100 0
50 150 100 0
50 150 100 0
50 150 100 0
50 150 100 0
 49 80 57 0
 41 71 48 0
 39 64 46 0
 59 79 68 0
 38 58 49 0
 63 95 76 0
 107 104 91 1
 65 91 76 0
 57 69 61 0
 55 80 74 0
 58 78 71 0
 54 74 68 0
 56 79 70 0
 42 59 51 0
 50 75 67 0
 45 66 58 0
 52 73 63 0
 50 70 62 0
 61 76 73 0
 59 77 74 0
 50 72 70 0
 62 83 79 0
 67 84 81 0
 77 88 85 0
 143 136 132 1
 109 122 111 0
 69 88 77 0
50 150 100 0
50 150 100 0
50 150 100 0
50 150 100 0
50 150 100 0
50 150 100 0
50 150 100 0
50 150 100 0
50 150 100 0
50 150 100 0
50 150 100 0
50 150 100 0
50 150 100 0
50 150 100 0
50 150 100 0
50 150 100 0
50 150 100 0
50 150 100 0
50 150 100 0
50 150 100 0
50 150 100 0
50 150 100 0
50 150 100 0
50 150 100 0
50 150 100 0
50 150 100 0
50 150 100 0
50 150 100 0
50 150 100 0
50 150 100 0
50 150 100 0
50 150 100 0
50 150 100 0
 57 94 67 0
 40 64 45 0
 52 82 64 0
 44 58 49 0
 48 66 57 0
 77 101 86 0
 106 98 85 0
 74 81 69 1
 61 81 73 0
 43 65 56 0
 48 68 60 0
 64 86 78 0
 57 74 64 0
 47 61 56 0
 42 64 57 0
 47 67 60 0
 40 59 50 0
 53 75 67 0
 54 70 66 0
 64 84 84 0
 54 80 74 0
 62 85 80 0
 66 80 77 0
 102 104 101 0
 155 148 143 1
 105 117 105 0
50 150 100 0
50 150 100 0
50 150 100 0
50 150 100 0
50 150 100 0
50 150 100 0
50 150 100 0
50 150 100 0
50 150 100 0
50 150 100 0
50 150 100 0
50 150 100 0
50 150 100 0
50 150 100 0
50 150 100 0
50 150 100 0
50 150 100 0
50 150 100 0
50 150 100 0
50 150 100 0
50 150 100 0
50 150 100 0
50 150 100 0
50 150 100 0
50 150 100 0
50 150 100 0
50 150 100 0
50 150 100 0
50 150 100 0
50 150 100 0
50 150 100 0
50 150 100 0
50 150 100 0
50 150 100 0
 42 74 49 0
 34 57 39 0
 46 72 58 0
 34 59 44 0
 60 79 70 0
 63 86 71 0
 153 133 122 1
 85 89 76 0
 50 72 62 0
 56 79 70 0
 46 64 59 0
 50 64 60 0
 45 59 52 0
 54 67 59 0
 60 79 74 0
 41 64 55 0
 55 77 68 0
 38 58 52 0
 55 73 69 0
 53 72 70 0
 58 83 77 0
 54 72 69 0
 71 89 84 0
 82 88 85 0
 129 127 121 1
 84 97 89 0
50 150 100 0
50 150 100 0
50 150 100 0
50 150 100 0
50 150 100 0
50 150 100 0
50 150 100 0
50 150 100 0
50 150 100 0
50 150 100 0
50 150 100 0
50 150 100 0
50 150 100 0
50 150 100 0
50 150 100 0
50 150 100 0
50 150 100 0
50 150 100 0
50 150 100 0
50 150 100 0
50 150 100 0
50 150 100 0
50 150 100 0
50 150 100 0
50 150 100 0
50 150 100 0
50 150 100 0
50 150 100 0
50 150 100 0
50 150 100 0
50 150 100 0
50 150 100 0
50 150 100 0
50 150 100 0
50 150 100 0
 54 87 66 0
 38 59 46 0
 45 66 54 0
 59 78 66 0
 55 77 63 0
 143 129 119 1
 53 68 56 0
 53 80 70 0
 38 57 49 0
 57 77 71 0
 47 62 58 0
 55 78 69 0
 59 75 69 0
 48 65 61 0
 37 54 50 0
 44 64 59 0
 47 66 61 0
 49 66 63 0
 49 69 66 0
 56 78 73 0
 53 71 68 0
 70 81 79 0
 141 133 131 1
 91 98 88 0
 26 30 28 0
50 150 100 0
50 150 100 0
50 150 100 0
50 150 100 0
50 150 100 0
50 150 100 0
50 150 100 0
50 150 100 0
50 150 100 0
50 150 100 0
50 150 100 0
50 150 100 0
50 150 100 0
50 150 100 0
50 150 100 0
50 150 100 0
50 150 100 0
50 150 100 0
50 150 100 0
50 150 100 0
50 150 100 0
50 150 100 0
50 150 100 0
50 150 100 0
50 150 100 0
50 150 100 0
50 150 100 0
50 150 100 0
50 150 100 0
50 150 100 0
50 150 100 0
50 150 100 0
50 150 100 0
50 150 100 0
50 150 100 0
 28 43 33 0
 51 81 66 0
 50 71 59 0
 57 84 68 0
 58 72 62 0
 142 118 111 1
 73 89 77 0
 50 71 62 0
 52 72 64 0
 57 78 69 0
 61 78 74 0
 34 50 42 0
 45 59 52 0
 45 61 55 0
 56 72 69 0
 50 63 61 0
 54 71 68 0
 52 70 68 0
 54 73 71 0
 53 70 67 0
 57 74 69 0
 84 88 85 0
 157 145 142 1
 106 110 98 0
50 150 100 0
50 150 100 0
50 150 100 0
50 150 100 0
50 150 100 0
50 150 100 0
50 150 100 0
50 150 100 0
50 150 100 0
50 150 100 0
50 150 100 0
50 150 100 0
50 150 100 0
50 150 100 0
50 150 100 0
50 150 100 0
50 150 100 0
50 150 100 0
50 150 100 0
50 150 100 0
50 150 100 0
50 150 100 0
50 150 100 0
50 150 100 0
50 150 100 0
50 150 100 0
50 150 100 0
50 150 100 0
50 150 100 0
50 150 100 0
50 150 100 0
50 150 100 0
50 150 100 0
50 150 100 0
50 150 100 0
50 150 100 0
50 150 100 0
 53 83 68 0
 36 57 48 0
 61 92 79 0
 53 74 61 0
 174 149 138 1
 84 93 83 0
 52 73 65 0
 54 77 66 0
 37 55 47 0
 51 68 62 0
 47 56 53 0
 59 78 73 0
 54 71 67 0
 48 63 61 0
 57 72 69 0
 44 57 56 0
 50 68 65 0
 49 69 67 0
 56 71 67 0
 58 73 68 0
 74 87 80 0
 135 126 120 1
 89 84 73 0
50 150 100 0
50 150 100 0
50 150 100 0
50 150 100 0
50 150 100 0
50 150 100 0
50 150 100 0
50 150 100 0
50 150 100 0
50 150 100 0
50 150 100 0
50 150 100 0
50 150 100 0
50 150 100 0
50 150 100 0
50 150 100 0
50 150 100 0
50 150 100 0
50 150 100 0
50 150 100 0
50 150 100 0
50 150 100 0
50 150 100 0
50 150 100 0
50 150 100 0
50 150 100 0
50 150 100 0
50 150 100 0
50 150 100 0
50 150 100 0
50 150 100 0
50 150 100 0
50 150 100 0
50 150 100 0
50 150 100 0
50 150 100 0
50 150 100 0
 51 73 62 0
 45 64 56 0
 51 84 69 0
 70 82 71 0
 147 130 119 1
 53 65 59 0
 65 79 72 0
 50 68 60 0
 43 59 51 0
 58 74 70 0
 43 50 48 0
 59 76 75 0
 41 57 54 0
 49 66 64 0
 51 66 62 0
 54 62 61 0
 58 74 71 0
 51 68 65 0
 57 73 69 0
 57 70 66 0
 82 86 82 0
 133 113 107 1
50 150 100 0
50 150 100 0
50 150 100 0
50 150 100 0
50 150 100 0
50 150 100 0
50 150 100 0
50 150 100 0
50 150 100 0
50 150 100 0
50 150 100 0
50 150 100 0
50 150 100 0
50 150 100 0
50 150 100 0
50 150 100 0
50 150 100 0
50 150 100 0
50 150 100 0
50 150 100 0
50 150 100 0
50 150 100 0
50 150 100 0
50 150 100 0
50 150 100 0
50 150 100 0
50 150 100 0
50 150 100 0
50 150 100 0
50 150 100 0
50 150 100 0
50 150 100 0
50 150 100 0
50 150 100 0
50 150 100 0
50 150 100 0
50 150 100 0
50 150 100 0
50 150 100 0
 12 20 15 0
 57 85 72 0
 47 67 53 0
 134 121 114 1
 74 92 81 0
 58 75 66 0
 43 55 49 0
 51 64 59 0
 47 65 59 0
 45 50 48 0
 41 53 53 0
 45 65 63 0
 57 80 77 0
 46 60 56 0
 63 80 76 0
 48 65 61 0
 44 58 55 0
 52 68 63 0
 67 82 76 0
 89 87 80 0
 176 140 136 1
50 150 100 0
50 150 100 0
50 150 100 0
50 150 100 0
50 150 100 0
50 150 100 0
50 150 100 0
50 150 100 0
50 150 100 0
50 150 100 0
50 150 100 0
50 150 100 0
50 150 100 0
50 150 100 0
50 150 100 0
50 150 100 0
50 150 100 0
50 150 100 0
50 150 100 0
50 150 100 0
50 150 100 0
50 150 100 0
50 150 100 0
50 150 100 0
50 150 100 0
50 150 100 0
50 150 100 0
50 150 100 0
50 150 100 0
50 150 100 0
50 150 100 0
50 150 100 0
50 150 100 0
50 150 100 0
50 150 100 0
50 150 100 0
50 150 100 0
50 150 100 0
50 150 100 0
 43 60 52 0
 54 80 73 0
 45 61 52 0
 122 110 101 0
 50 65 58 0
 53 73 64 0
 45 60 52 0
 41 53 48 0
 48 63 56 0
 42 47 46 0
 60 75 72 0
 50 66 66 0
 45 66 61 0
 46 61 56 0
 50 64 61 0
 59 76 73 0
 46 60 57 0
 54 72 66 0
 53 64 60 0
 105 93 83 0
 31 22 21 0
50 150 100 0
50 150 100 0
50 150 100 0
50 150 100 0
50 150 100 0
50 150 100 0
50 150 100 0
50 150 100 0
50 150 100 0
50 150 100 0
50 150 100 0
50 150 100 0
50 150 100 0
50 150 100 0
50 150 100 0
50 150 100 0
50 150 100 0
50 150 100 0
50 150 100 0
50 150 100 0
50 150 100 0
50 150 100 0
50 150 100 0
50 150 100 0
50 150 100 0
50 150 100 0
50 150 100 0
50 150 100 0
50 150 100 0
50 150 100 0
50 150 100 0
50 150 100 0
50 150 100 0
50 150 100 0
50 150 100 0
50 150 100 0
50 150 100 0
50 150 100 0
50 150 100 0
50 150 100 0
 49 68 60 0
 71 86 73 0
 181 152 143 1
 68 86 75 0
 47 69 62 0
 44 62 51 0
 43 58 52 0
 30 43 36 0
 40 48 45 0
 51 63 63 0
 50 70 69 0
 44 60 57 0
 43 58 51 0
 54 69 62 0
 45 59 55 0
 52 68 63 0
 52 61 57 0
 68 73 66 0
 76 78 67 0
50 150 100 0
50 150 100 0
50 150 100 0
50 150 100 0
50 150 100 0
50 150 100 0
50 150 100 0
50 150 100 0
50 150 100 0
50 150 100 0
50 150 100 0
50 150 100 0
50 150 100 0
50 150 100 0
50 150 100 0
50 150 100 0
50 150 100 0
50 150 100 0
50 150 100 0
50 150 100 0
50 150 100 0
50 150 100 0
50 150 100 0
50 150 100 0
50 150 100 0
50 150 100 0
50 150 100 0
50 150 100 0
50 150 100 0
50 150 100 0
50 150 100 0
50 150 100 0
50 150 100 0
50 150 100 0
50 150 100 0
50 150 100 0
50 150 100 0
50 150 100 0
50 150 100 0
50 150 100 0
50 150 100 0
 41 54 46 0
 75 90 77 0
 148 125 116 1
 59 73 66 0
 44 63 59 0
 35 51 41 0
 32 42 36 0
 55 67 62 0
 39 45 41 0
 55 67 65 0
 36 48 48 0
 38 53 47 0
 51 65 57 0
 38 51 45 0
 51 68 61 0
 47 63 56 0
 50 56 53 0
 57 63 55 0
50 150 100 0
50 150 100 0
50 150 100 0
50 150 100 0
50 150 100 0
50 150 100 0
50 150 100 0
50 150 100 0
50 150 100 0
50 150 100 0
50 150 100 0
50 150 100 0
50 150 100 0
50 150 100 0
50 150 100 0
50 150 100 0
50 150 100 0
50 150 100 0
50 150 100 0
50 150 100 0
50 150 100 0
50 150 100 0
50 150 100 0
50 150 100 0
50 150 100 0
50 150 100 0
50 150 100 0
50 150 100 0
50 150 100 0
50 150 100 0
50 150 100 0
50 150 100 0
50 150 100 0
50 150 100 0
50 150 100 0
50 150 100 0
50 150 100 0
50 150 100 0
50 150 100 0
50 150 100 0
50 150 100 0
50 150 100 0
50 150 100 0
 63 84 76 0
 113 103 93 1
 66 79 71 0
 38 55 51 0
 51 70 62 0
 37 49 41 0
 54 71 64 0
 48 56 51 0
 36 44 40 0
 45 63 59 0
 33 46 40 0
 44 56 49 0
 48 62 56 0
 43 56 50 0
 44 55 50 0
 53 58 53 0
 62 66 58 0
50 150 100 0
50 150 100 0
50 150 100 0
50 150 100 0
50 150 100 0
50 150 100 0
50 150 100 0
50 150 100 0
50 150 100 0
50 150 100 0
50 150 100 0
50 150 100 0
50 150 100 0
50 150 100 0
50 150 100 0
50 150 100 0
50 150 100 0
50 150 100 0
50 150 100 0
50 150 100 0
50 150 100 0
50 150 100 0
50 150 100 0
50 150 100 0
50 150 100 0
50 150 100 0
50 150 100 0
50 150 100 0
50 150 100 0
50 150 100 0
50 150 100 0
50 150 100 0
50 150 100 0
50 150 100 0
50 150 100 0
50 150 100 0
50 150 100 0
50 150 100 0
50 150 100 0
50 150 100 0
50 150 100 0
50 150 100 0
50 150 100 0
 57 69 64 0
 172 145 135 1
 57 74 69 0
 46 62 59 0
 47 68 58 0
 30 46 37 0
 34 44 38 0
 36 43 40 0
 51 60 55 0
 38 49 44 0
 48 61 57 0
 47 60 52 0
 37 49 43 0
 47 55 52 0
 39 47 43 0
 53 58 52 0
50 150 100 0
50 150 100 0
50 150 100 0
50 150 100 0
50 150 100 0
50 150 100 0
50 150 100 0
50 150 100 0
50 150 100 0
50 150 100 0
50 150 100 0
50 150 100 0
50 150 100 0
50 150 100 0
50 150 100 0
50 150 100 0
50 150 100 0
50 150 100 0
50 150 100 0
50 150 100 0
50 150 100 0
50 150 100 0
50 150 100 0
50 150 100 0
50 150 100 0
50 150 100 0
50 150 100 0
50 150 100 0
50 150 100 0
50 150 100 0
50 150 100 0
50 150 100 0
50 150 100 0
50 150 100 0
50 150 100 0
50 150 100 0
50 150 100 0
50 150 100 0
50 150 100 0
50 150 100 0
50 150 100 0
50 150 100 0
50 150 100 0
50 150 100 0
50 150 100 0
 118 102 92 1
 68 66 60 0
 43 55 50 0
 44 67 56 0
 51 62 53 0
 41 47 43 0
 44 53 51 0
 47 58 53 0
 44 54 49 0
 32 41 37 0
 39 48 43 0
 46 60 54 0
 40 46 41 0
 45 50 45 0
 55 62 55 0
50 150 100 0
50 150 100 0
50 150 100 0
50 150 100 0
50 150 100 0
50 150 100 0
50 150 100 0
50 150 100 0
50 150 100 0
50 150 100 0
50 150 100 0
50 150 100 0
50 150 100 0
50 150 100 0
50 150 100 0
50 150 100 0
50 150 100 0
50 150 100 0
50 150 100 0
50 150 100 0
50 150 100 0
50 150 100 0
50 150 100 0
50 150 100 0
50 150 100 0
50 150 100 0
50 150 100 0
50 150 100 0
50 150 100 0
50 150 100 0
50 150 100 0
50 150 100 0
50 150 100 0
50 150 100 0
50 150 100 0
50 150 100 0
50 150 100 0
50 150 100 0
50 150 100 0
50 150 100 0
50 150 100 0
50 150 100 0
50 150 100 0
50 150 100 0
50 150 100 0
50 150 100 0
50 150 100 0
50 150 100 0
50 150 100 0
50 150 100 0
50 150 100 0
50 150 100 0
50 150 100 0
50 150 100 0
50 150 100 0
50 150 100 0
50 150 100 0
50 150 100 0
50 150 100 0
50 150 100 0
50 150 100 0
50 150 100 0
50 150 100 0
50 150 100 0
50 150 100 0
50 150 100 0
50 150 100 0
50 150 100 0
50 150 100 0
50 150 100 0
50 150 100 0
50 150 100 0
50 150 100 0
50 150 100 0
50 150 100 0
50 150 100 0
50 150 100 0
50 150 100 0
50 150 100 0
50 150 100 0
50 150 100 0
50 150 100 0
50 150 100 0
50 150 100 0
50 150 100 0
50 150 100 0
50 150 100 0
50 150 100 0
50 150 100 0
50 150 100 0
50 150 100 0
50 150 100 0
50 150 100 0
50 150 100 0
50 150 100 0
50 150 100 0
50 150 100 0
50 150 100 0
50 150 100 0
50 150 100 0
50 150 100 0
50 150 100 0
50 150 100 0
50 150 100 0
50 150 100 0
50 150 100 0
50 150 100 0
50 150 100 0
50 150 100 0
50 150 100 0
50 150 100 0
50 150 100 0
50 150 100 0
50 150 100 0
50 150 100 0
50 150 100 0
50 150 100 0
50 150 100 0
50 150 100 0
50 150 100 0
50 150 100 0
50 150 100 0
50 150 100 0
50 150 100 0
50 150 100 0
50 150 100 0
50 150 100 0
50 150 100 0
50 150 100 0
50 150 100 0
50 150 100 0
50 150 100 0
50 150 100 0
50 150 100 0
50 150 100 0
50 150 100 0
50 150 100 0
50 150 100 0
50 150 100 0
50 150 100 0
50 150 100 0
50 150 100 0
50 150 100 0
50 150 100 0
50 150 100 0
50 150 100 0
50 150 100 0
50 150 100 0
50 150 100 0
50 150 100 0
50 150 100 0
50 150 100 0
50 150 100 0
50 150 100 0
50 150 100 0
50 150 100 0
50 150 100 0
50 150 100 0
50 150 100 0
50 150 100 0
50 150 100 0
50 150 100 0
50 150 100 0
50 150 100 0
50 150 100 0
50 150 100 0
50 150 100 0
50 150 100 0
50 150 100 0
50 150 100 0
50 150 100 0
50 150 100 0
50 150 100 0
50 150 100 0
50 150 100 0
50 150 100 0
50 150 100 0
50 150 100 0
50 150 100 0
50 150 100 0
50 150 100 0
50 150 100 0
50 150 100 0
50 150 100 0
50 150 100 0
50 150 100 0
50 150 100 0
50 150 100 0
50 150 100 0
50 150 100 0
50 150 100 0
50 150 100 0
50 150 100 0
50 150 100 0
50 150 100 0
50 150 100 0
50 150 100 0
50 150 100 0
50 150 100 0
50 150 100 0
50 150 100 0
50 150 100 0
50 150 100 0
50 150 100 0
50 150 100 0
50 150 100 0
50 150 100 0
50 150 100 0
50 150 100 0
50 150 100 0
50 150 100 0
50 150 100 0
50 150 100 0
50 150 100 0
50 150 100 0
50 150 100 0
50 150 100 0
50 150 100 0
50 150 100 0
50 150 100 0
50 150 100 0
50 150 100 0
50 150 100 0
50 150 100 0
50 150 100 0
50 150 100 0
50 150 100 0
50 150 100 0
50 150 100 0
50 150 100 0
50 150 100 0
50 150 100 0
50 150 100 0
50 150 100 0
50 150 100 0
50 150 100 0
50 150 100 0
50 150 100 0
50 150 100 0
50 150 100 0
50 150 100 0
50 150 100 0
50 150 100 0
50 150 100 0
50 150 100 0
50 150 100 0
50 150 100 0
50 150 100 0
50 150 100 0
50 150 100 0
50 150 100 0
50 150 100 0
50 150 100 0
50 150 100 0
50 150 100 0
50 150 100 0
50 150 100 0
50 150 100 0
50 150 100 0
50 150 100 0
50 150 100 0
50 150 100 0

