 127 156 138 0
 124 145 129 0
 113 128 115 0
 127 154 141 0
 117 147 134 0
 122 152 139 0
 114 143 130 0
 121 150 136 0
 127 163 147 0
 116 149 131 0
 117 148 130 0
 113 136 118 0
 129 155 137 0
 120 148 129 0
 120 140 122 0
 116 134 118 0
 108 126 112 0
 99 122 110 0
 97 128 113 0
 82 117 101 0
 68 93 78 0
 98 131 115 0
 98 120 107 0
 144 147 141 1
 156 151 143 0
 114 115 107 0
 110 120 111 0
 98 108 107 0
 117 134 129 0
 94 113 105 0
 89 102 94 0
 121 128 123 0
 115 121 119 0
 117 130 127 0
 96 119 110 0
 92 122 115 0
 85 119 108 0
 96 123 109 0
 93 115 111 0
 91 118 113 0
 94 130 125 0
 80 120 112 0
 74 110 100 0
 75 114 101 0
 80 120 111 0
 55 87 78 0
 76 114 101 0
 85 122 107 0
 148 163 155 0
 153 161 157 1
 161 170 162 1
 134 145 134 0
 121 137 126 0
 123 141 128 0
 115 133 123 0
 126 149 139 0
 117 141 129 0
 119 139 126 0
 124 143 134 0
 129 148 139 0
 131 161 143 0
 114 136 119 0
 105 121 108 0
 116 136 123 0
 120 151 138 0
 121 151 138 0
 116 146 132 0
 121 151 136 0
 121 154 138 0
 117 150 133 0
 114 141 127 0
 118 146 129 0
 123 144 127 0
 122 147 130 0
 119 141 123 0
 102 121 104 0
 116 135 121 0
 89 112 102 0
 99 129 114 0
 90 123 107 0
 67 97 82 0
 81 110 95 0
 107 123 112 0
 166 160 155 1
 142 140 131 0
 122 126 117 0
 109 120 113 0
 109 119 118 0
 109 126 121 0
 90 106 99 0
 96 106 100 0
 120 127 121 0
 109 115 113 0
 109 125 120 0
 85 110 100 0
 94 123 118 0
 98 130 119 0
 97 122 111 0
 95 118 113 0
 101 133 124 0
 84 117 110 0
 66 105 97 0
 73 110 99 0
 78 118 105 0
 86 126 117 0
 77 112 100 0
 81 122 110 0
 86 124 111 0
 140 153 144 0
 158 164 160 1
 139 151 143 0
 132 143 133 0
 122 139 128 0
 126 144 131 0
 121 141 130 0
 121 146 135 0
 116 138 125 0
 119 139 128 0
 127 146 137 0
 127 145 136 0
 129 161 143 0
 109 132 115 0
 108 128 114 0
 108 126 114 0
 126 156 142 0
 124 159 144 0
 119 149 135 0
 120 151 135 0
 110 141 125 0
 114 146 130 0
 102 128 115 0
 116 145 130 0
 124 147 129 0
 125 147 133 0
 113 135 119 0
 107 127 111 0
 118 139 126 0
 99 121 109 0
 101 129 114 0
 87 119 104 0
 91 125 110 0
 88 119 106 0
 111 123 114 0
 162 160 156 1
 143 139 131 0
 127 132 122 0
 110 122 114 0
 119 129 126 0
 106 121 117 0
 85 98 91 0
 112 123 115 0
 112 120 115 0
 117 122 120 0
 100 115 111 0
 80 105 97 0
 111 136 133 0
 98 128 118 0
 107 130 121 0
 87 111 106 0
 95 126 117 0
 69 103 97 0
 98 134 125 0
 76 115 102 0
 86 126 114 0
 84 124 113 0
 67 102 91 0
 82 122 111 0
 103 135 123 0
 158 161 155 1
 132 141 137 0
 138 152 144 0
 129 143 133 0
 130 149 137 0
 122 142 129 0
 121 145 134 0
 121 145 134 0
 111 131 119 0
 122 141 131 0
 123 142 134 0
 124 142 132 0
 128 163 146 0
 128 159 141 0
 113 135 120 0
 121 141 128 0
 121 146 134 0
 131 165 152 0
 120 151 137 0
 121 150 136 0
 111 138 123 0
 112 142 127 0
 103 128 115 0
 114 141 129 0
 123 147 131 0
 120 141 127 0
 103 124 110 0
 113 133 117 0
 114 137 122 0
 111 133 120 0
 102 128 114 0
 85 117 103 0
 79 109 96 0
 105 134 122 0
 103 117 106 0
 115 122 117 0
 131 132 125 0
 113 123 114 0
 105 118 111 0
 113 124 121 0
 92 107 101 0
 76 88 82 0
 119 130 122 0
 111 118 113 0
 116 123 120 0
 100 119 113 0
 56 78 71 0
 116 138 136 0
 93 122 112 0
 116 137 132 0
 89 117 109 0
 76 103 97 0
 80 122 113 0
 64 97 90 0
 94 131 121 0
 86 128 116 0
 76 114 101 0
 87 125 114 0
 87 123 112 0
 148 157 149 0
 172 174 170 1
 127 137 132 0
 132 146 137 0
 129 145 135 0
 123 143 130 0
 118 139 128 0
 133 157 147 0
 121 145 132 0
 115 133 122 0
 121 139 132 0
 131 152 144 0
 119 135 124 0
 126 156 141 0
 130 163 146 0
 125 153 137 0
 126 149 135 0
 114 135 123 0
 133 165 154 0
 120 153 139 0
 121 150 136 0
 111 136 122 0
 117 144 130 0
 99 127 113 0
 117 142 130 0
 123 148 133 0
 113 134 121 0
 106 128 115 0
 116 137 121 0
 109 133 117 0
 104 128 115 0
 102 127 113 0
 101 132 116 0
 77 109 97 0
 102 129 119 0
 104 113 106 0
 138 144 141 1
 119 123 119 0
 94 111 104 0
 105 120 113 0
 93 107 100 0
 73 82 77 0
 103 117 110 0
 116 127 119 0
 113 122 116 0
 113 122 117 0
 94 115 107 0
 79 101 95 0
 92 117 114 0
 97 123 116 0
 107 126 124 0
 91 119 111 0
 77 104 96 0
 79 119 111 0
 80 117 110 0
 84 126 113 0
 83 126 112 0
 72 110 96 0
 84 123 112 0
 122 149 139 0
 159 167 158 1
 165 168 165 0
 134 146 141 0
 124 138 130 0
 119 136 125 0
 126 149 135 0
 125 146 136 0
 127 151 140 0
 114 134 122 0
 120 137 128 0
 126 146 140 0
 131 153 143 0
 122 139 127 0
 132 155 141 0
 129 160 143 0
 127 162 144 0
 122 148 133 0
 117 138 126 0
 129 155 144 0
 127 157 145 0
 119 148 134 0
 109 134 119 0
 124 152 136 0
 96 124 110 0
 114 140 129 0
 120 144 131 0
 98 119 107 0
 119 140 127 0
 118 139 124 0
 100 123 108 0
 101 126 113 0
 107 130 117 0
 100 131 116 0
 83 116 104 0
 107 130 120 0
 113 119 112 0
 132 142 138 1
 111 117 113 0
 100 117 112 0
 97 113 106 0
 106 122 114 0
 77 86 78 0
 91 103 93 0
 116 128 120 0
 113 124 118 0
 102 114 110 0
 81 103 95 0
 144 158 167 0
 104 124 127 0
 91 116 111 0
 92 113 110 0
 90 120 111 0
 77 103 94 0
 75 112 104 0
 83 121 113 0
 79 119 107 0
 79 119 106 0
 56 89 78 0
 102 136 126 0
 156 174 166 0
 160 162 156 1
 147 157 154 0
 129 142 136 0
 123 136 128 0
 124 145 134 0
 119 141 129 0
 123 145 137 0
 137 162 151 0
 117 135 122 0
 122 139 131 0
 126 147 140 0
 115 133 122 0
 129 148 136 0
 130 152 137 0
 127 152 137 0
 129 167 149 0
 124 158 140 0
 119 143 130 0
 129 154 143 0
 116 142 132 0
 117 144 131 0
 115 140 126 0
 127 154 138 0
 106 134 120 0
 115 141 129 0
 119 141 132 0
 105 123 115 0
 116 136 124 0
 122 143 129 0
 114 138 123 0
 103 126 113 0
 101 125 113 0
 96 126 111 0
 91 124 113 0
 95 121 111 0
 149 150 144 0
 132 136 130 1
 113 123 118 0
 101 119 112 0
 95 113 106 0
 99 114 107 0
 81 92 82 0
 96 109 96 0
 115 126 118 0
 121 132 126 0
 94 112 107 0
 80 103 96 0
 117 134 137 0
 90 113 110 0
 87 112 107 0
 148 169 165 0
 91 119 111 0
 74 100 91 0
 79 118 108 0
 82 121 111 0
 66 105 94 0
 74 112 100 0
 58 84 74 0
 104 135 126 0
 139 152 145 0
 158 164 159 1
 145 160 156 0
 127 140 134 0
 110 125 117 0
 120 144 132 0
 117 139 129 0
 129 153 145 0
 116 136 125 0
 121 138 127 0
 124 143 136 0
 114 135 125 0
 129 147 136 0
 125 145 133 0
 104 128 113 0
 127 150 136 0
 129 164 147 0
 125 164 146 0
 118 149 133 0
 124 148 137 0
 116 143 132 0
 110 134 123 0
 115 142 128 0
 121 145 130 0
 111 138 123 0
 110 136 123 0
 113 137 126 0
 113 131 122 0
 110 129 119 0
 122 144 131 0
 106 132 118 0
 96 122 109 0
 94 118 108 0
 92 124 111 0
 90 124 115 0
 95 115 110 0
 185 172 170 1
 135 136 130 0
 101 116 109 0
 93 114 109 0
 124 138 131 0
 100 114 107 0
 91 104 91 0
 111 123 112 0
 114 125 117 0
 120 132 127 0
 92 108 104 0
 92 116 109 0
 104 122 129 0
 90 118 111 0
 87 113 106 0
 119 139 136 0
 78 103 93 0
 67 94 85 0
 77 117 107 0
 80 120 108 0
 49 84 74 0
 74 110 98 0
 76 102 92 0
 114 141 133 0
 156 164 157 1
 141 152 145 0
 137 152 147 0
 128 141 135 0
 103 119 112 0
 114 137 125 0
 113 136 126 0
 126 149 140 0
 116 134 124 0
 125 142 133 0
 125 145 137 0
 119 138 127 0
 129 150 138 0
 115 134 124 0
 81 103 91 0
 124 149 135 0
 131 165 149 0
 117 157 139 0
 117 152 135 0
 117 141 130 0
 116 141 131 0
 113 136 124 0
 115 139 127 0
 111 132 119 0
 108 131 117 0
 102 130 117 0
 112 138 128 0
 109 129 120 0
 114 131 120 0
 123 145 132 0
 106 133 118 0
 88 114 100 0
 98 125 114 0
 77 100 90 0
 90 124 114 0
 106 119 117 0
 194 176 175 1
 118 124 118 0
 93 112 107 0
 91 114 110 0
 89 108 103 0
 106 118 109 0
 79 89 79 0
 116 126 116 0
 108 121 113 0
 98 111 107 0
 91 115 107 0
 96 121 114 0
 134 149 160 0
 96 122 119 0
 82 112 103 0
 106 124 122 0
 81 105 95 0
 81 114 106 0
 67 108 97 0
 78 120 105 0
 80 116 105 0
 74 99 90 0
 104 136 125 0
 118 142 134 0
 154 160 154 1
 158 177 171 0
 120 134 128 0
 133 147 141 0
 116 135 125 0
 111 133 121 0
 124 147 137 0
 114 134 123 0
 122 139 128 0
 128 145 137 0
 123 142 134 0
 121 141 130 0
 126 147 135 0
 112 131 120 0
50 150 100 0
 123 150 134 0
 130 162 146 0
 109 146 128 0
 115 150 133 0
 108 135 121 0
 106 128 119 0
 115 141 130 0
 116 137 125 0
 105 125 114 0
 112 130 117 0
 114 142 129 0
 103 127 118 0
 124 148 137 0
 110 129 117 0
 112 136 123 0
 103 132 117 0
 81 108 94 0
 95 123 112 0
 85 108 98 0
 93 126 116 0
 106 124 120 0
 151 148 145 1
 125 130 124 0
 95 112 107 0
 89 112 107 0
 122 133 126 0
 102 111 103 0
 85 91 83 0
 119 130 121 0
 113 125 118 0
 101 116 111 0
 85 108 101 0
 99 125 117 0
 86 105 109 0
 91 118 113 0
 82 112 102 0
 83 109 100 0
 82 109 98 0
 85 120 113 0
 56 93 83 0
 77 119 104 0
 78 115 103 0
 75 101 91 0
 94 123 111 0
 121 140 133 0
 141 145 140 1
 134 152 144 0
 122 136 130 0
 140 158 152 0
 122 142 131 0
 114 136 124 0
 117 138 127 0
 118 136 124 0
 126 143 132 0
 124 142 135 0
 119 139 129 0
 125 146 134 0
 122 140 129 0
 113 131 120 0
50 150 100 0
 84 102 92 0
 126 156 139 0
 127 159 143 0
 108 142 126 0
 115 145 130 0
 104 127 117 0
 121 148 137 0
 112 134 122 0
 99 114 106 0
 107 122 112 0
 109 135 122 0
 110 137 125 0
 114 138 127 0
 108 128 117 0
 111 135 122 0
 97 129 114 0
 81 111 97 0
 90 117 107 0
 80 102 94 0
 100 132 121 0
 112 135 129 0
 150 157 152 1
 108 121 115 0
 91 108 103 0
 82 103 99 0
 105 123 115 0
 104 116 107 0
 88 93 86 0
 125 137 129 0
 113 125 119 0
 98 117 111 0
 80 105 96 0
 100 127 120 0
 90 110 112 0
 96 124 119 0
 79 108 97 0
 111 129 126 0
 83 109 98 0
 68 101 91 0
 68 106 95 0
 82 122 108 0
 73 101 91 0
 96 124 112 0
 124 149 141 0
 148 150 145 1
 101 113 108 0
 123 142 134 0
 131 148 142 0
 128 146 138 0
 111 132 121 0
 109 130 119 0
 111 130 119 0
 122 141 128 0
 129 146 136 0
 119 138 130 0
 121 141 129 0
 123 141 130 0
 116 133 123 0
 85 99 92 0
50 150 100 0
 16 23 18 0
 120 148 133 0
 123 153 137 0
 111 142 127 0
 114 145 130 0
 113 138 127 0
 129 156 146 0
 111 133 123 0
 102 119 110 0
 90 105 96 0
 101 121 111 0
 109 136 124 0
 113 137 127 0
 103 123 113 0
 111 139 125 0
 79 111 97 0
 86 116 103 0
 92 118 108 0
 84 106 99 0
 97 128 118 0
 105 126 121 0
 171 175 170 1
 90 106 101 0
 88 106 102 0
 80 101 96 0
 99 117 109 0
 98 104 98 0
 114 124 112 0
 123 137 131 0
 117 130 124 0
 92 114 108 0
 81 106 98 0
 108 135 130 0
 99 120 122 0
 83 109 105 0
 81 108 99 0
 85 105 100 0
 77 101 90 0
 68 95 86 0
 70 108 96 0
 81 124 110 0
 81 113 104 0
 92 121 108 0
 128 146 137 0
 148 150 145 1
 134 147 143 0
 133 152 145 0
 125 144 136 0
 117 135 125 0
 105 124 113 0
 109 128 117 0
 115 134 122 0
 123 141 129 0
 124 143 134 0
 121 141 131 0
 119 136 125 0
 113 128 119 0
 118 135 126 0
50 150 100 0
50 150 100 0
50 150 100 0
 125 153 138 0
 126 154 138 0
 119 147 132 0
 122 152 138 0
 114 141 129 0
 127 151 142 0
 92 114 104 0
 111 130 121 0
 112 127 118 0
 106 122 114 0
 111 135 126 0
 116 143 132 0
 100 122 112 0
 105 127 115 0
 93 129 113 0
 72 102 88 0
 99 126 114 0
 71 92 85 0
 102 128 120 0
 118 133 127 0
 122 138 130 0
 77 93 88 0
 90 109 105 0
 96 115 111 0
 107 126 119 0
 104 115 108 0
 112 119 112 0
 119 133 126 0
 106 122 118 0
 85 109 103 0
 73 98 91 0
 100 127 123 0
 76 98 97 0
 84 108 106 0
 60 85 78 0
 80 100 94 0
 70 93 82 0
 68 102 91 0
 84 130 118 0
 76 120 107 0
 85 116 104 0
 90 118 105 0
 139 154 145 0
 155 158 152 1
 134 150 144 0
 118 135 127 0
 131 153 145 0
 114 132 121 0
 110 130 118 0
 113 131 119 0
 118 136 125 0
 121 141 130 0
 124 146 137 0
 121 140 131 0
 114 128 120 0
 120 136 127 0
 112 129 120 0
50 150 100 0
50 150 100 0
50 150 100 0
50 150 100 0
 130 155 141 0
 130 159 144 0
 129 159 145 0
 123 151 138 0
 125 149 139 0
 115 141 132 0
 104 123 114 0
 112 129 120 0
 103 119 111 0
 119 141 133 0
 99 124 115 0
 112 134 123 0
 85 108 96 0
 99 130 118 0
 71 101 89 0
 90 117 106 0
 86 106 103 0
 117 136 132 0
 163 161 154 1
 103 122 112 0
 74 94 88 0
 96 117 113 0
 93 114 109 0
 105 121 114 0
 120 134 126 0
 116 125 115 0
 120 136 129 0
 98 117 110 0
 78 102 95 0
 78 104 96 0
 85 114 109 0
 92 113 114 0
 61 88 79 0
 92 120 109 0
 80 96 88 0
 62 80 72 0
 71 100 91 0
 83 129 120 0
 80 124 111 0
 78 110 97 0
 83 113 98 0
 145 157 147 1
 133 142 137 0
 116 134 125 0
 118 137 128 0
 123 146 137 0
 127 146 134 0
 123 143 131 0
 112 129 118 0
 116 134 123 0
 125 145 135 0
 124 148 138 0
 129 149 140 0
 113 129 121 0
 125 145 135 0
50 150 100 0
50 150 100 0
50 150 100 0
50 150 100 0
50 150 100 0
 117 140 127 0
 135 163 147 0
 126 154 141 0
 117 144 132 0
 120 145 134 0
 119 144 135 0
 96 117 108 0
 117 138 128 0
 112 130 120 0
 112 132 124 0
 119 145 136 0
 108 132 122 0
 108 132 120 0
 87 120 109 0
 53 80 69 0
 82 106 96 0
 62 81 76 0
 187 195 203 0
 151 155 146 1
 111 124 115 0
 83 109 100 0
 99 122 118 0
 103 125 121 0
 109 125 117 0
 118 138 131 0
 106 115 106 0
 116 132 123 0
 109 127 120 0
 86 110 102 0
 86 116 108 0
 68 93 90 0
 103 127 131 0
 68 97 87 0
 69 92 83 0
 83 93 86 0
 67 80 73 0
 52 76 70 0
 81 129 120 0
 72 118 102 0
 74 107 89 0
 103 134 118 0
 145 156 146 1
 126 137 131 0
 115 133 124 0
 115 137 127 0
 137 159 148 0
 119 139 126 0
 116 134 122 0
 103 119 108 0
 120 139 128 0
 122 147 137 0
 144 166 157 0
 117 133 124 0
 124 144 135 0
 110 134 123 0
50 150 100 0
50 150 100 0
50 150 100 0
50 150 100 0
50 150 100 0
 12 19 15 0
 129 155 141 0
 125 152 139 0
 113 139 128 0
 116 142 131 0
 121 147 136 0
 115 138 127 0
 123 145 134 0
 118 142 130 0
 107 126 116 0
 114 135 127 0
 101 119 113 0
 113 138 128 0
 96 123 112 0
 76 108 97 0
 77 100 91 0
 89 110 108 0
 131 144 146 0
 154 163 154 1
 126 136 126 0
 83 106 98 0
 104 127 125 0
 101 123 119 0
 107 121 113 0
 120 142 136 0
 102 112 105 0
 115 131 123 0
 97 117 111 0
 57 79 70 0
 81 111 101 0
 72 101 93 0
 72 97 100 0
 64 89 78 0
 59 67 62 0
 85 94 86 0
 77 96 89 0
 78 118 111 0
 63 109 100 0
 74 119 103 0
 71 103 84 0
 121 147 134 0
 136 145 136 1
 112 125 117 0
 120 138 129 0
 115 138 127 0
 112 130 118 0
 112 131 119 0
 108 124 112 0
 119 136 125 0
 120 144 133 0
 117 143 133 0
 128 147 138 0
 121 138 129 0
 120 143 132 0
50 150 100 0
50 150 100 0
50 150 100 0
50 150 100 0
50 150 100 0
50 150 100 0
50 150 100 0
 116 139 126 0
 122 147 133 0
 112 137 126 0
 111 136 126 0
 122 150 137 0
 122 147 135 0
 122 145 133 0
 120 144 132 0
 107 126 115 0
 109 127 118 0
 110 126 120 0
 109 136 128 0
 92 124 115 0
 67 94 85 0
 99 124 115 0
 86 114 106 0
 100 119 116 0
 165 176 172 1
 108 124 111 0
 73 93 84 0
 119 145 145 0
 100 123 119 0
 103 117 110 0
 107 131 122 0
 101 114 104 0
 107 122 114 0
 85 108 102 0
 62 82 74 0
 82 112 103 0
 78 109 101 0
 76 102 104 0
 54 78 69 0
 53 60 57 0
 86 96 89 0
 85 107 101 0
 76 111 104 0
 44 84 76 0
 74 114 100 0
 81 116 98 0
 147 156 147 1
 121 129 122 0
 109 122 114 0
 113 132 123 0
 98 120 107 0
 108 126 113 0
 111 129 116 0
 110 124 113 0
 119 140 129 0
 115 141 131 0
 116 138 129 0
 129 148 138 0
 120 140 130 0
 113 136 124 0
50 150 100 0
50 150 100 0
50 150 100 0
50 150 100 0
50 150 100 0
50 150 100 0
50 150 100 0
50 150 100 0
 117 138 125 0
 106 129 117 0
 111 136 126 0
 123 150 138 0
 117 141 129 0
 116 140 127 0
 115 139 127 0
 99 118 106 0
 111 129 119 0
 104 120 111 0
 101 121 115 0
 92 126 116 0
 68 94 86 0
 100 128 121 0
 81 108 100 0
 98 118 114 0
 106 122 110 0
 72 91 77 0
 81 109 98 0
 92 122 119 0
 106 132 126 0
 105 120 113 0
 95 120 110 0
 100 117 106 0
 90 107 100 0
 90 122 116 0
 85 110 101 0
 78 110 99 0
 80 112 105 0
 80 110 108 0
 67 90 80 0
 61 69 63 0
 107 124 118 0
 75 103 97 0
 86 128 119 0
 60 97 89 0
 80 123 107 0
 104 139 123 0
 138 143 136 1
 131 139 133 0
 115 132 122 0
 109 129 119 0
 101 121 109 0
 109 127 115 0
 111 127 115 0
 110 127 115 0
 113 137 127 0
 108 134 124 0
 115 135 127 0
 127 146 137 0
 116 137 125 0
 15 20 16 0
50 150 100 0
50 150 100 0
50 150 100 0
50 150 100 0
50 150 100 0
50 150 100 0
50 150 100 0
50 150 100 0
 70 77 70 0
 115 136 124 0
 122 148 136 0
 116 142 131 0
 116 139 125 0
 112 136 123 0
 114 137 126 0
 108 126 114 0
 103 123 110 0
 112 129 119 0
 109 126 120 0
 86 120 110 0
 91 120 111 0
 95 126 120 0
 97 125 119 0
 118 137 132 0
 165 175 173 1
 64 82 69 0
 76 102 91 0
 97 127 121 0
 95 115 108 0
 114 130 120 0
 93 117 107 0
 114 131 120 0
 105 123 115 0
 85 114 109 0
 77 104 94 0
 81 114 104 0
 77 107 101 0
 84 115 109 0
 73 91 81 0
 74 82 76 0
 102 122 117 0
 91 121 115 0
 79 117 108 0
 64 101 92 0
 82 124 108 0
 118 140 126 0
 152 157 153 1
 106 117 108 0
 119 135 126 0
 116 137 126 0
 130 149 142 0
 101 114 104 0
 115 129 119 0
 110 129 120 0
 106 133 124 0
 118 142 134 0
 114 133 124 0
 118 139 128 0
 94 110 101 0
50 150 100 0
50 150 100 0
50 150 100 0
50 150 100 0
50 150 100 0
50 150 100 0
50 150 100 0
50 150 100 0
50 150 100 0
50 150 100 0
 112 128 118 0
 130 158 145 0
 114 138 127 0
 113 134 121 0
 116 139 126 0
 116 140 128 0
 100 115 105 0
 110 135 121 0
 106 123 113 0
 111 124 118 0
 93 123 116 0
 65 95 84 0
 69 97 94 0
 89 112 107 0
 118 133 128 0
 136 154 152 1
 78 99 89 0
 96 127 116 0
 82 114 104 0
 88 112 105 0
 105 122 113 0
 79 99 88 0
 104 124 114 0
 81 101 93 0
 89 114 109 0
 61 86 77 0
 79 113 102 0
 70 99 93 0
 86 119 113 0
 68 84 74 0
 85 97 91 0
 92 122 117 0
 90 124 117 0
 70 103 94 0
 83 127 113 0
 80 114 100 0
 134 138 132 1
 122 133 128 0
 118 128 121 0
 106 123 115 0
 123 143 135 0
 110 125 117 0
 115 128 117 0
 105 120 111 0
 108 129 121 0
 98 123 117 0
 119 141 133 0
 115 133 124 0
 118 140 128 0
50 150 100 0
50 150 100 0
50 150 100 0
50 150 100 0
50 150 100 0
50 150 100 0
50 150 100 0
50 150 100 0
50 150 100 0
50 150 100 0
50 150 100 0
 102 111 102 0
 134 160 148 0
 124 152 138 0
 120 138 125 0
 119 138 124 0
 87 108 96 0
 110 131 121 0
 119 144 131 0
 98 116 106 0
 104 118 111 0
 111 135 127 0
 85 117 108 0
 64 89 84 0
 92 122 118 0
 108 123 119 0
 124 145 141 1
 83 106 96 0
 101 130 121 0
 74 106 97 0
 102 126 121 0
 112 131 124 0
 115 135 125 0
 99 123 114 0
 83 102 93 0
 94 118 111 0
 74 105 95 0
 69 103 93 0
 74 104 96 0
 78 111 104 0
 87 104 92 0
 97 119 111 0
 79 113 107 0
 85 121 112 0
 68 97 88 0
 83 125 112 0
 68 91 81 0
 165 164 161 1
 113 122 118 0
 115 128 120 0
 112 130 123 0
 116 134 126 0
 117 131 123 0
 106 119 110 0
 110 126 118 0
 102 124 120 0
 110 135 128 0
 121 142 134 0
 116 134 125 0
 112 133 124 0
50 150 100 0
50 150 100 0
50 150 100 0
50 150 100 0
50 150 100 0
50 150 100 0
50 150 100 0
50 150 100 0
50 150 100 0
50 150 100 0
50 150 100 0
 15 17 14 0
 130 146 135 0
 130 157 144 0
 123 147 133 0
 123 137 124 0
 119 139 128 0
 113 137 127 0
 104 126 116 0
 104 124 115 0
 97 112 104 0
 106 130 122 0
 88 123 115 0
 63 87 82 0
 82 109 104 0
 121 137 132 1
 109 129 125 0
 89 120 107 0
 78 106 102 0
 75 108 100 0
 108 130 127 0
 121 141 131 0
 99 119 107 0
 107 132 121 0
 87 108 98 0
 102 127 116 0
 81 121 108 0
 70 103 93 0
 78 112 102 0
 76 106 100 0
 82 104 92 0
 85 112 103 0
 65 100 93 0
 86 124 113 0
 80 119 108 0
 65 104 90 0
 121 133 124 0
 149 149 147 1
 97 108 102 0
 122 137 132 0
 114 131 125 0
 120 135 129 0
 94 105 99 0
 108 119 112 0
 112 129 125 0
 112 135 131 0
 114 136 130 0
 115 132 123 0
 117 138 129 0
50 150 100 0
50 150 100 0
50 150 100 0
50 150 100 0
50 150 100 0
50 150 100 0
50 150 100 0
50 150 100 0
50 150 100 0
50 150 100 0
50 150 100 0
50 150 100 0
50 150 100 0
 124 135 124 0
 138 163 150 0
 119 141 127 0
 109 120 108 0
 125 145 136 0
 113 139 131 0
 94 114 107 0
 106 125 117 0
 90 107 101 0
 98 120 113 0
 86 121 113 0
 60 80 76 0
 78 108 103 0
 126 141 134 1
 113 132 127 0
 70 94 86 0
 92 125 116 0
 70 106 99 0
 114 137 136 0
 95 117 109 0
 96 117 105 0
 95 121 107 0
 69 99 88 0
 93 113 102 0
 91 132 118 0
 72 105 93 0
 67 98 87 0
 66 89 82 0
 83 110 98 0
 71 100 90 0
 61 96 89 0
 86 127 113 0
 84 124 110 0
 94 128 114 0
 199 186 188 1
 142 144 140 0
 112 123 118 0
 118 134 129 0
 99 116 110 0
 129 144 145 0
 108 119 112 0
 114 128 121 0
 114 134 131 0
 117 140 133 0
 110 127 120 0
 115 133 125 0
 100 117 111 0
50 150 100 0
50 150 100 0
50 150 100 0
50 150 100 0
50 150 100 0
50 150 100 0
50 150 100 0
50 150 100 0
50 150 100 0
50 150 100 0
50 150 100 0
50 150 100 0
50 150 100 0
 29 32 28 0
 131 146 135 0
 124 146 135 0
 104 122 108 0
 105 114 107 0
 125 147 142 0
 102 128 122 0
 101 119 114 0
 103 124 118 0
 92 120 111 0
 80 111 105 0
 71 93 88 0
 99 130 124 0
 127 140 131 1
 118 134 126 0
 91 122 115 0
 75 112 103 0
 91 133 124 0
 106 134 131 0
 94 116 108 0
 101 121 109 0
 84 109 97 0
 78 109 100 0
 100 119 112 0
 79 116 104 0
 66 104 91 0
 63 90 81 0
 80 113 103 0
 78 106 93 0
 62 90 84 0
 68 103 97 0
 87 131 120 0
 77 115 99 0
 116 140 126 0
 148 144 140 1
 97 108 102 0
 108 126 121 0
 110 128 122 0
 120 134 134 0
 118 129 124 0
 115 127 119 0
 118 137 130 0
 111 132 128 0
 109 128 121 0
 110 125 118 0
 101 118 112 0
50 150 100 0
50 150 100 0
50 150 100 0
50 150 100 0
50 150 100 0
50 150 100 0
50 150 100 0
50 150 100 0
50 150 100 0
50 150 100 0
50 150 100 0
50 150 100 0
50 150 100 0
50 150 100 0
50 150 100 0
 122 137 128 0
 111 132 122 0
 114 133 121 0
 116 130 120 0
 149 172 165 0
 106 132 125 0
 92 111 106 0
 110 132 127 0
 92 121 112 0
 74 100 94 0
 72 93 89 0
 92 120 114 0
 102 108 100 0
 91 118 110 0
 89 120 114 0
 92 134 124 0
 81 127 116 0
 96 126 121 0
 95 124 114 0
 84 104 92 0
 82 108 95 0
 84 117 109 0
 95 126 116 0
 63 97 85 0
 76 113 100 0
 69 100 87 0
 73 101 89 0
 57 84 72 0
 62 88 81 0
 81 126 117 0
 69 105 90 0
 87 125 109 0
 112 127 114 0
 167 153 147 1
 111 122 115 0
 99 121 115 0
 107 124 118 0
 127 142 141 0
 118 129 122 0
 112 127 119 0
 115 135 131 0
 94 111 104 0
 109 123 117 0
 111 128 122 0
 83 97 94 0
50 150 100 0
50 150 100 0
50 150 100 0
50 150 100 0
50 150 100 0
50 150 100 0
50 150 100 0
50 150 100 0
50 150 100 0
50 150 100 0
50 150 100 0
50 150 100 0
50 150 100 0
50 150 100 0
50 150 100 0
 34 42 37 0
 131 151 140 0
 126 146 136 0
 127 148 136 0
 138 169 161 0
 100 130 122 0
 97 122 115 0
 103 127 122 0
 76 112 102 0
 64 85 81 0
 85 106 102 0
 94 119 115 0
 127 138 130 1
 106 127 119 0
 70 101 94 0
 87 132 121 0
 71 116 104 0
 81 112 105 0
 80 109 99 0
 94 116 104 0
 85 116 104 0
 70 103 93 0
 84 110 102 0
 54 82 72 0
 72 107 94 0
 76 108 94 0
 77 109 95 0
 59 87 75 0
 71 103 94 0
 77 121 108 0
 60 90 77 0
 101 130 115 0
 143 140 133 1
 115 121 115 0
 109 127 119 0
 103 127 120 0
 114 133 130 0
 126 143 144 0
 96 108 102 0
 116 132 126 0
 108 127 122 0
 94 108 102 0
 110 125 121 0
 105 122 118 0
50 150 100 0
50 150 100 0
50 150 100 0
50 150 100 0
50 150 100 0
50 150 100 0
50 150 100 0
50 150 100 0
50 150 100 0
50 150 100 0
50 150 100 0
50 150 100 0
50 150 100 0
50 150 100 0
50 150 100 0
50 150 100 0
50 150 100 0
 128 150 139 0
 123 140 131 0
 129 150 140 0
 127 163 149 0
 90 123 114 0
 76 110 99 0
 100 130 123 0
 79 106 101 0
 62 89 83 0
 94 118 113 0
 106 125 121 0
 127 134 128 1
 96 121 113 0
 78 110 102 0
 77 125 114 0
 63 107 95 0
 90 114 112 0
 81 112 104 0
 93 118 107 0
 77 109 97 0
 69 100 89 0
 84 114 102 0
 89 129 116 0
 84 115 102 0
 70 98 85 0
 70 102 88 0
 83 115 104 0
 67 98 88 0
 81 124 110 0
 73 104 91 0
 109 134 121 0
 147 146 138 1
 112 122 116 0
 116 136 129 0
 107 130 123 0
 126 143 149 0
 111 124 119 0
 108 125 118 0
 109 128 122 0
 108 123 117 0
 104 118 112 0
 108 125 119 0
 110 129 124 0
50 150 100 0
50 150 100 0
50 150 100 0
50 150 100 0
50 150 100 0
50 150 100 0
50 150 100 0
50 150 100 0
50 150 100 0
50 150 100 0
50 150 100 0
50 150 100 0
50 150 100 0
50 150 100 0
50 150 100 0
50 150 100 0
50 150 100 0
 121 142 132 0
 120 140 128 0
 124 144 135 0
 116 151 138 0
 83 119 108 0
 83 124 112 0
 96 135 125 0
 85 119 113 0
 70 97 92 0
 88 118 111 0
 114 131 125 0
 120 124 120 0
 94 111 106 0
 73 106 97 0
 74 122 111 0
 62 105 92 0
 112 132 136 0
 89 125 119 0
 101 127 118 0
 71 100 88 0
 73 102 91 0
 89 122 111 0
 72 110 95 0
 68 85 74 0
 75 102 90 0
 71 100 88 0
 61 86 78 0
 70 97 88 0
 58 95 81 0
 72 104 89 0
 102 129 116 0
 168 164 155 1
 116 129 123 0
 115 137 130 0
 106 129 123 0
 112 131 133 0
 123 139 132 0
 97 117 110 0
 112 130 125 0
 114 126 118 0
 106 122 117 0
 113 134 128 0
 0 0 0 0
50 150 100 0
50 150 100 0
50 150 100 0
50 150 100 0
50 150 100 0
50 150 100 0
50 150 100 0
50 150 100 0
50 150 100 0
50 150 100 0
50 150 100 0
50 150 100 0
50 150 100 0
50 150 100 0
50 150 100 0
50 150 100 0
50 150 100 0
50 150 100 0
 116 136 124 0
 113 135 125 0
 115 149 138 0
 84 127 113 0
 69 109 97 0
 89 142 128 0
 85 130 121 0
 69 95 88 0
 67 89 82 0
 110 121 116 1
 104 102 100 1
 95 112 108 0
 79 111 103 0
 55 97 89 0
 65 114 100 0
 71 93 93 0
 80 113 105 0
 90 124 112 0
 61 92 79 0
 86 118 106 0
 76 115 101 0
 57 91 76 0
 96 124 110 0
 82 108 96 0
 64 88 80 0
 64 88 81 0
 67 101 89 0
 67 101 88 0
 88 122 110 0
 141 151 138 0
 136 142 134 1
 116 136 128 0
 110 133 125 0
 107 129 129 0
 91 107 103 0
 106 122 114 0
 110 131 124 0
 105 119 113 0
 113 127 121 0
 98 115 111 0
 109 130 124 0
50 150 100 0
50 150 100 0
50 150 100 0
50 150 100 0
50 150 100 0
50 150 100 0
50 150 100 0
50 150 100 0
50 150 100 0
50 150 100 0
50 150 100 0
50 150 100 0
50 150 100 0
50 150 100 0
50 150 100 0
50 150 100 0
50 150 100 0
50 150 100 0
50 150 100 0
 98 117 106 0
 120 141 131 0
 114 142 133 0
 92 141 127 0
 76 126 110 0
 68 117 103 0
 89 132 124 0
 75 119 110 0
 93 111 102 0
 118 123 117 1
 83 91 88 0
 78 94 92 0
 77 112 106 0
 56 92 87 0
 54 93 78 0
 90 120 114 0
 57 89 82 0
 80 120 107 0
 60 93 79 0
 74 103 89 0
 65 101 82 0
 60 92 78 0
 85 122 106 0
 100 122 115 0
 74 99 87 0
 62 84 78 0
 74 103 97 0
 72 108 97 0
 78 111 101 0
 122 135 125 0
 134 142 135 0
 110 134 124 0
 98 122 113 0
 97 121 119 0
 92 109 102 0
 104 124 114 0
 123 143 138 0
 111 126 119 0
 103 117 113 0
 99 116 112 0
50 150 100 0
50 150 100 0
50 150 100 0
50 150 100 0
50 150 100 0
50 150 100 0
50 150 100 0
50 150 100 0
50 150 100 0
50 150 100 0
50 150 100 0
50 150 100 0
50 150 100 0
50 150 100 0
50 150 100 0
50 150 100 0
50 150 100 0
50 150 100 0
50 150 100 0
50 150 100 0
50 150 100 0
 117 141 131 0
 105 124 117 0
 95 143 132 0
 87 140 125 0
 94 141 128 0
 77 121 108 0
 78 115 108 0
 68 88 80 0
 140 137 128 1
 98 108 101 0
 70 83 80 0
 80 111 108 0
 64 91 89 0
 47 82 74 0
 67 100 93 0
 88 117 117 0
 75 110 102 0
 68 118 96 0
 66 91 77 0
 53 74 64 0
 57 87 75 0
 81 120 104 0
 79 103 93 0
 71 93 80 0
 65 88 83 0
 74 105 100 0
 87 121 111 0
 81 112 104 0
 196 185 178 1
 107 127 121 0
 95 118 108 0
 102 127 120 0
 83 102 97 0
 105 126 117 0
 139 159 155 0
 107 126 119 0
 108 122 115 0
 100 113 109 0
 104 118 115 0
50 150 100 0
50 150 100 0
50 150 100 0
50 150 100 0
50 150 100 0
50 150 100 0
50 150 100 0
50 150 100 0
50 150 100 0
50 150 100 0
50 150 100 0
50 150 100 0
50 150 100 0
50 150 100 0
50 150 100 0
50 150 100 0
50 150 100 0
50 150 100 0
50 150 100 0
50 150 100 0
50 150 100 0
 126 151 140 0
 116 140 130 0
 95 129 120 0
 87 137 125 0
 77 126 115 0
 64 106 93 0
 70 111 102 0
 100 130 122 0
 118 118 109 0
 82 103 93 0
 62 81 76 0
 80 91 90 0
 53 79 80 0
 59 89 87 0
 38 64 61 0
 78 111 105 0
 57 107 86 0
 56 94 73 0
 73 100 85 0
 53 73 61 0
 81 113 103 0
 86 124 111 0
 72 99 85 0
 74 97 91 0
 66 83 90 0
 92 124 121 0
 85 121 110 0
 93 119 111 0
 135 136 130 0
 83 106 97 0
 103 130 119 0
 88 115 105 0
 81 101 94 0
 104 126 117 0
 111 131 125 0
 92 107 99 0
 101 115 111 0
 97 109 107 0
50 150 100 0
50 150 100 0
50 150 100 0
50 150 100 0
50 150 100 0
50 150 100 0
50 150 100 0
50 150 100 0
50 150 100 0
50 150 100 0
50 150 100 0
50 150 100 0
50 150 100 0
50 150 100 0
50 150 100 0
50 150 100 0
50 150 100 0
50 150 100 0
50 150 100 0
50 150 100 0
50 150 100 0
50 150 100 0
50 150 100 0
 107 128 120 0
 112 139 130 0
 86 134 124 0
 51 94 84 0
 77 120 108 0
 76 112 105 0
 142 160 153 0
 109 108 99 0
 95 107 98 0
 71 93 87 0
 78 92 91 0
 88 117 118 0
 85 129 119 0
 74 103 99 0
 53 78 74 0
 61 96 84 0
 42 71 55 0
 63 88 78 0
 72 99 87 0
 71 108 95 0
 59 100 87 0
 67 95 80 0
 66 87 76 0
 99 121 132 0
 91 120 121 0
 79 115 105 0
 95 119 110 0
 168 163 156 1
 106 131 120 0
 100 129 117 0
 84 106 96 0
 95 113 103 0
 95 118 109 0
 115 135 126 0
 102 112 106 0
 92 103 102 0
 105 117 115 0
50 150 100 0
50 150 100 0
50 150 100 0
50 150 100 0
50 150 100 0
50 150 100 0
50 150 100 0
50 150 100 0
50 150 100 0
50 150 100 0
50 150 100 0
50 150 100 0
50 150 100 0
50 150 100 0
50 150 100 0
50 150 100 0
50 150 100 0
50 150 100 0
50 150 100 0
50 150 100 0
50 150 100 0
50 150 100 0
50 150 100 0
 117 142 135 0
 125 151 143 0
 105 138 130 0
 86 137 127 0
 71 115 104 0
 68 105 97 0
 98 122 117 0
 113 120 109 1
 60 77 71 0
 70 88 91 0
 85 102 103 0
 70 98 98 0
 82 134 121 0
 81 106 96 0
 56 70 67 0
 40 67 58 0
 64 98 86 0
 53 76 69 0
 76 112 100 0
 72 107 93 0
 47 82 71 0
 55 77 64 0
 77 104 98 0
 75 105 113 0
 69 103 98 0
 77 109 96 0
 147 150 139 1
 112 128 117 0
 97 126 113 0
 94 119 109 0
 92 109 100 0
 88 107 98 0
 110 134 124 0
 115 128 119 0
 107 117 111 0
 103 115 114 0
50 150 100 0
50 150 100 0
50 150 100 0
50 150 100 0
50 150 100 0
50 150 100 0
50 150 100 0
50 150 100 0
50 150 100 0
50 150 100 0
50 150 100 0
50 150 100 0
50 150 100 0
50 150 100 0
50 150 100 0
50 150 100 0
50 150 100 0
50 150 100 0
50 150 100 0
50 150 100 0
50 150 100 0
50 150 100 0
50 150 100 0
50 150 100 0
50 150 100 0
 90 115 103 0
 103 130 122 0
 78 118 110 0
 75 120 109 0
 74 111 102 0
 122 138 132 1
 99 116 103 0
 84 104 92 0
 80 103 100 0
 75 95 95 0
 90 125 122 0
 63 99 91 0
 67 91 80 0
 68 89 84 0
 49 66 61 0
 62 91 82 0
 74 104 94 0
 61 96 84 0
 80 115 102 0
 49 81 67 0
 62 101 85 0
 72 103 96 0
 62 89 95 0
 61 95 90 0
 66 103 89 0
 167 161 152 1
 117 129 118 0
 104 128 116 0
 91 115 105 0
 106 127 117 0
 101 124 114 0
 100 116 106 0
 112 124 116 0
 91 102 98 0
 113 126 123 0
50 150 100 0
50 150 100 0
50 150 100 0
50 150 100 0
50 150 100 0
50 150 100 0
50 150 100 0
50 150 100 0
50 150 100 0
50 150 100 0
50 150 100 0
50 150 100 0
50 150 100 0
50 150 100 0
50 150 100 0
50 150 100 0
50 150 100 0
50 150 100 0
50 150 100 0
50 150 100 0
50 150 100 0
50 150 100 0
50 150 100 0
50 150 100 0
50 150 100 0
 102 139 125 0
 86 126 111 0
 51 84 77 0
 75 125 115 0
 50 85 75 0
 96 123 114 0
 85 115 99 0
 65 88 75 0
 93 124 117 0
 77 104 102 0
 69 103 95 0
 81 122 111 0
 58 96 82 0
 64 77 70 0
 66 88 80 0
 86 120 112 0
 63 96 83 0
 72 113 99 0
 52 81 67 0
 75 121 105 0
 54 77 66 0
 58 89 83 0
 88 113 120 0
 60 95 83 0
 89 113 100 0
 166 158 153 1
 119 134 123 0
 90 109 99 0
 109 133 123 0
 90 113 102 0
 102 121 112 0
 111 125 116 0
 106 121 112 0
 108 126 119 0
 17 21 19 0
50 150 100 0
50 150 100 0
50 150 100 0
50 150 100 0
50 150 100 0
50 150 100 0
50 150 100 0
50 150 100 0
50 150 100 0
50 150 100 0
50 150 100 0
50 150 100 0
50 150 100 0
50 150 100 0
50 150 100 0
50 150 100 0
50 150 100 0
50 150 100 0
50 150 100 0
50 150 100 0
50 150 100 0
50 150 100 0
50 150 100 0
50 150 100 0
50 150 100 0
50 150 100 0
 58 97 83 0
 83 121 112 0
 60 100 92 0
 64 98 88 0
 133 142 136 1
 90 129 115 0
 65 93 78 0
 70 109 97 0
 83 118 110 0
 56 88 76 0
 77 109 98 0
 57 88 76 0
 70 97 83 0
 67 98 88 0
 79 109 102 0
 53 82 71 0
 76 120 107 0
 69 103 86 0
 72 107 96 0
 73 97 87 0
 50 73 74 0
 65 90 94 0
 55 89 79 0
 77 113 101 0
 191 174 174 1
 83 98 91 0
 106 127 117 0
 107 129 120 0
 82 97 88 0
 104 124 115 0
 100 117 108 0
 112 132 120 0
 113 136 127 0
50 150 100 0
50 150 100 0
50 150 100 0
50 150 100 0
50 150 100 0
50 150 100 0
50 150 100 0
50 150 100 0
50 150 100 0
50 150 100 0
50 150 100 0
50 150 100 0
50 150 100 0
50 150 100 0
50 150 100 0
50 150 100 0
50 150 100 0
50 150 100 0
50 150 100 0
50 150 100 0
50 150 100 0
50 150 100 0
50 150 100 0
50 150 100 0
50 150 100 0
50 150 100 0
50 150 100 0
 79 122 108 0
 71 113 100 0
 78 125 116 0
 75 121 111 0
 133 144 137 1
 79 115 102 0
 58 88 74 0
 70 112 97 0
 63 95 89 0
 82 117 109 0
 64 90 79 0
 71 102 89 0
 55 82 71 0
 90 123 118 0
 58 85 77 0
 64 89 81 0
 51 83 74 0
 65 94 78 0
 53 81 71 0
 67 97 86 0
 60 87 80 0
 80 105 103 0
 65 107 95 0
 91 121 116 0
 124 132 127 0
 99 116 108 0
 115 139 130 0
 104 125 116 0
 98 113 102 0
 108 131 124 0
 112 132 121 0
 107 131 120 0
50 150 100 0
50 150 100 0
50 150 100 0
50 150 100 0
50 150 100 0
50 150 100 0
50 150 100 0
50 150 100 0
50 150 100 0
50 150 100 0
50 150 100 0
50 150 100 0
50 150 100 0
50 150 100 0
50 150 100 0
50 150 100 0
50 150 100 0
50 150 100 0
50 150 100 0
50 150 100 0
50 150 100 0
50 150 100 0
50 150 100 0
50 150 100 0
50 150 100 0
50 150 100 0
50 150 100 0
50 150 100 0
50 150 100 0
 56 93 78 0
 56 90 84 0
 88 133 122 0
 82 102 96 0
 128 139 130 1
 64 94 83 0
 70 104 92 0
 74 120 108 0
 64 99 91 0
 98 131 122 0
 65 94 83 0
 48 68 63 0
 65 98 89 0
 57 80 74 0
 53 71 62 0
 81 114 105 0
 63 89 75 0
 46 62 55 0
 63 92 82 0
 72 98 96 0
 52 83 78 0
 67 112 101 0
 151 143 141 1
 89 96 91 0
 104 126 117 0
 93 119 110 0
 99 115 106 0
 109 131 122 0
 111 137 126 0
 112 134 120 0
 102 121 109 0
50 150 100 0
50 150 100 0
50 150 100 0
50 150 100 0
50 150 100 0
50 150 100 0
50 150 100 0
50 150 100 0
50 150 100 0
50 150 100 0
50 150 100 0
50 150 100 0
50 150 100 0
50 150 100 0
50 150 100 0
50 150 100 0
50 150 100 0
50 150 100 0
50 150 100 0
50 150 100 0
50 150 100 0
50 150 100 0
50 150 100 0
50 150 100 0
50 150 100 0
50 150 100 0
50 150 100 0
50 150 100 0
50 150 100 0
 77 123 112 0
 55 91 85 0
 98 128 124 0
 147 161 154 1
 110 124 116 0
 53 75 67 0
 64 93 87 0
 70 122 107 0
 57 88 80 0
 80 107 100 0
 65 99 88 0
 60 79 77 0
 59 87 82 0
 43 65 59 0
 74 104 94 0
 65 93 85 0
 50 69 60 0
 63 83 78 0
 70 108 101 0
 77 112 109 0
 65 100 91 0
 80 112 106 0
 139 131 128 1
 102 115 107 0
 88 109 100 0
 103 125 115 0
 94 107 98 0
 96 119 112 0
 104 131 118 0
 106 125 112 0
50 150 100 0
50 150 100 0
50 150 100 0
50 150 100 0
50 150 100 0
50 150 100 0
50 150 100 0
50 150 100 0
50 150 100 0
50 150 100 0
50 150 100 0
50 150 100 0
50 150 100 0
50 150 100 0
50 150 100 0
50 150 100 0
50 150 100 0
50 150 100 0
50 150 100 0
50 150 100 0
50 150 100 0
50 150 100 0
50 150 100 0
50 150 100 0
50 150 100 0
50 150 100 0
50 150 100 0
50 150 100 0
50 150 100 0
50 150 100 0
50 150 100 0
 80 121 114 0
 107 141 134 0
 151 158 150 1
 90 108 99 0
 80 114 105 0
 62 91 81 0
 65 114 103 0
 69 110 98 0
 66 91 85 0
 48 72 62 0
 54 80 70 0
 46 67 63 0
 66 96 88 0
 66 109 96 0
 48 70 63 0
 78 112 101 0
 63 84 75 0
 72 97 92 0
 61 94 87 0
 58 90 83 0
 76 107 101 0
 188 162 161 1
 113 122 114 0
 97 112 104 0
 101 120 109 0
 103 125 117 0
 82 104 96 0
 102 130 118 0
 112 134 120 0
50 150 100 0
50 150 100 0
50 150 100 0
50 150 100 0
50 150 100 0
50 150 100 0
50 150 100 0
50 150 100 0
50 150 100 0
50 150 100 0
50 150 100 0
50 150 100 0
50 150 100 0
50 150 100 0
50 150 100 0
50 150 100 0
50 150 100 0
50 150 100 0
50 150 100 0
50 150 100 0
50 150 100 0
50 150 100 0
50 150 100 0
50 150 100 0
50 150 100 0
50 150 100 0
50 150 100 0
50 150 100 0
50 150 100 0
50 150 100 0
50 150 100 0
 69 105 99 0
 95 122 117 0
 126 140 130 1
 86 117 106 0
 78 119 109 0
 72 104 93 0
 66 113 101 0
 68 117 104 0
 61 89 80 0
 62 98 85 0
 42 62 53 0
 62 90 81 0
 68 105 98 0
 48 82 73 0
 66 94 82 0
 71 103 92 0
 57 74 70 0
 82 123 119 0
 51 82 74 0
 69 102 95 0
 64 99 92 0
 141 131 125 1
 108 118 110 0
 83 97 89 0
 103 123 112 0
 103 127 117 0
 112 140 128 0
 98 120 107 0
 31 38 33 0
50 150 100 0
50 150 100 0
50 150 100 0
50 150 100 0
50 150 100 0
50 150 100 0
50 150 100 0
50 150 100 0
50 150 100 0
50 150 100 0
50 150 100 0
50 150 100 0
50 150 100 0
50 150 100 0
50 150 100 0
50 150 100 0
50 150 100 0
50 150 100 0
50 150 100 0
50 150 100 0
50 150 100 0
50 150 100 0
50 150 100 0
50 150 100 0
50 150 100 0
50 150 100 0
50 150 100 0
50 150 100 0
50 150 100 0
50 150 100 0
50 150 100 0
50 150 100 0
 98 129 122 0
 141 161 151 1
 94 133 119 0
 63 105 93 0
 55 86 76 0
 70 110 97 0
 57 91 81 0
 52 76 66 0
 46 73 63 0
 54 76 68 0
 65 97 91 0
 53 84 77 0
 57 95 85 0
 71 115 107 0
 50 84 70 0
 48 65 62 0
 71 116 106 0
 57 97 85 0
 58 89 82 0
 95 122 112 0
 202 172 170 1
 115 126 118 0
 108 126 115 0
 58 76 68 0
 83 108 99 0
 99 134 123 0
 110 134 120 0
50 150 100 0
50 150 100 0
50 150 100 0
50 150 100 0
50 150 100 0
50 150 100 0
50 150 100 0
50 150 100 0
50 150 100 0
50 150 100 0
50 150 100 0
50 150 100 0
50 150 100 0
50 150 100 0
50 150 100 0
50 150 100 0
50 150 100 0
50 150 100 0
50 150 100 0
50 150 100 0
50 150 100 0
50 150 100 0
50 150 100 0
50 150 100 0
50 150 100 0
50 150 100 0
50 150 100 0
50 150 100 0
50 150 100 0
50 150 100 0
50 150 100 0
50 150 100 0
50 150 100 0
 112 130 125 0
 180 169 163 1
 73 112 97 0
 52 81 69 0
 48 86 75 0
 67 104 91 0
 46 70 61 0
 48 66 57 0
 67 97 87 0
 55 82 74 0
 72 114 105 0
 45 68 60 0
 60 95 82 0
 54 76 71 0
 69 111 97 0
 50 66 61 0
 49 81 74 0
 66 115 103 0
 49 76 68 0
 74 111 101 0
 157 152 145 1
 89 100 93 0
 97 120 108 0
 99 118 107 0
 75 105 99 0
 103 130 117 0
50 150 100 0
50 150 100 0
50 150 100 0
50 150 100 0
50 150 100 0
50 150 100 0
50 150 100 0
50 150 100 0
50 150 100 0
50 150 100 0
50 150 100 0
50 150 100 0
50 150 100 0
50 150 100 0
50 150 100 0
50 150 100 0
50 150 100 0
50 150 100 0
50 150 100 0
50 150 100 0
50 150 100 0
50 150 100 0
50 150 100 0
50 150 100 0
50 150 100 0
50 150 100 0
50 150 100 0
50 150 100 0
50 150 100 0
50 150 100 0
50 150 100 0
50 150 100 0
50 150 100 0
50 150 100 0
 32 39 36 0
 161 142 136 1
 103 140 127 0
 67 105 89 0
 68 119 105 0
 58 83 72 0
 76 112 101 0
 69 98 88 0
 49 77 69 0
 61 96 87 0
 52 92 82 0
 60 84 72 0
 68 93 83 0
 79 118 105 0
 53 88 75 0
 49 76 67 0
 67 107 102 0
 47 85 76 0
 76 117 104 0
 91 103 95 0
 134 138 131 1
 83 96 87 0
 91 118 109 0
 99 119 111 0
 90 124 116 0
 109 137 125 0
50 150 100 0
50 150 100 0
50 150 100 0
50 150 100 0
50 150 100 0
50 150 100 0
50 150 100 0
50 150 100 0
50 150 100 0
50 150 100 0
50 150 100 0
50 150 100 0
50 150 100 0
50 150 100 0
50 150 100 0
50 150 100 0
50 150 100 0
50 150 100 0
50 150 100 0
50 150 100 0
50 150 100 0
50 150 100 0
50 150 100 0
50 150 100 0
50 150 100 0
50 150 100 0
50 150 100 0
50 150 100 0
50 150 100 0
50 150 100 0
50 150 100 0
50 150 100 0
50 150 100 0
50 150 100 0
50 150 100 0
 118 124 117 0
 88 126 112 0
 53 85 76 0
 67 109 99 0
 46 68 58 0
 74 107 96 0
 69 108 91 0
 46 81 69 0
 69 113 101 0
 52 86 77 0
 48 63 57 0
 78 114 100 0
 54 82 74 0
 74 109 100 0
 71 100 92 0
 54 88 80 0
 46 67 60 0
 57 88 80 0
 85 106 96 0
 110 128 117 0
 102 121 109 0
 89 113 100 0
 100 129 120 0
 92 120 108 0
 13 18 14 0
50 150 100 0
50 150 100 0
50 150 100 0
50 150 100 0
50 150 100 0
50 150 100 0
50 150 100 0
50 150 100 0
50 150 100 0
50 150 100 0
50 150 100 0
50 150 100 0
50 150 100 0
50 150 100 0
50 150 100 0
50 150 100 0
50 150 100 0
50 150 100 0
50 150 100 0
50 150 100 0
50 150 100 0
50 150 100 0
50 150 100 0
50 150 100 0
50 150 100 0
50 150 100 0
50 150 100 0
50 150 100 0
50 150 100 0
50 150 100 0
50 150 100 0
50 150 100 0
50 150 100 0
50 150 100 0
50 150 100 0
 84 99 91 0
 93 118 107 0
 69 110 97 0
 64 107 98 0
 76 122 111 0
 57 88 79 0
 57 91 80 0
 63 104 90 0
 52 87 77 0
 38 72 60 0
 55 74 65 0
 48 86 68 0
 65 93 81 0
 69 106 97 0
 51 82 72 0
 63 93 87 0
 57 86 76 0
 73 114 107 0
 160 159 154 1
 106 120 109 0
 93 113 99 0
 98 124 111 0
 93 121 111 0
 90 114 100 0
50 150 100 0
50 150 100 0
50 150 100 0
50 150 100 0
50 150 100 0
50 150 100 0
50 150 100 0
50 150 100 0
50 150 100 0
50 150 100 0
50 150 100 0
50 150 100 0
50 150 100 0
50 150 100 0
50 150 100 0
50 150 100 0
50 150 100 0
50 150 100 0
50 150 100 0
50 150 100 0
50 150 100 0
50 150 100 0
50 150 100 0
50 150 100 0
50 150 100 0
50 150 100 0
50 150 100 0
50 150 100 0
50 150 100 0
50 150 100 0
50 150 100 0
50 150 100 0
50 150 100 0
50 150 100 0
50 150 100 0
50 150 100 0
50 150 100 0
 51 66 59 0
 55 81 71 0
 60 109 102 0
 39 73 64 0
 63 103 91 0
 53 85 73 0
 45 81 69 0
 68 113 102 0
 46 64 54 0
 71 102 90 0
 51 69 61 0
 74 103 92 0
 53 80 72 0
 59 89 82 0
 50 73 68 0
 68 106 98 0
 59 82 76 0
 135 145 138 0
 99 112 99 0
 73 89 81 0
 91 116 108 0
 102 126 114 0
50 150 100 0
50 150 100 0
50 150 100 0
50 150 100 0
50 150 100 0
50 150 100 0
50 150 100 0
50 150 100 0
50 150 100 0
50 150 100 0
50 150 100 0
50 150 100 0
50 150 100 0
50 150 100 0
50 150 100 0
50 150 100 0
50 150 100 0
50 150 100 0
50 150 100 0
50 150 100 0
50 150 100 0
50 150 100 0
50 150 100 0
50 150 100 0
50 150 100 0
50 150 100 0
50 150 100 0
50 150 100 0
50 150 100 0
50 150 100 0
50 150 100 0
50 150 100 0
50 150 100 0
50 150 100 0
50 150 100 0
50 150 100 0
50 150 100 0
50 150 100 0
 85 115 106 0
 54 76 68 0
 78 129 121 0
 50 93 85 0
 53 83 74 0
 45 76 67 0
 56 105 91 0
 46 78 68 0
 59 104 89 0
 61 86 75 0
 50 69 62 0
 62 92 83 0
 72 106 101 0
 62 101 94 0
 64 96 87 0
 54 86 77 0
 93 116 108 0
 173 163 157 1
 101 122 107 0
 86 99 89 0
 92 117 109 0
 83 101 90 0
50 150 100 0
50 150 100 0
50 150 100 0
50 150 100 0
50 150 100 0
50 150 100 0
50 150 100 0
50 150 100 0
50 150 100 0
50 150 100 0
50 150 100 0
50 150 100 0
50 150 100 0
50 150 100 0
50 150 100 0
50 150 100 0
50 150 100 0
50 150 100 0
50 150 100 0
50 150 100 0
50 150 100 0
50 150 100 0
50 150 100 0
50 150 100 0
50 150 100 0
50 150 100 0
50 150 100 0
50 150 100 0
50 150 100 0
50 150 100 0
50 150 100 0
50 150 100 0
50 150 100 0
50 150 100 0
50 150 100 0
50 150 100 0
50 150 100 0
50 150 100 0
50 150 100 0
 49 77 68 0
 72 117 106 0
 64 102 90 0
 76 110 100 0
 63 100 89 0
 31 58 49 0
 70 112 102 0
 43 74 66 0
 60 91 76 0
 72 95 86 0
 65 85 84 0
 49 73 68 0
 49 87 76 0
 57 76 69 0
 61 95 85 0
 70 104 95 0
 168 158 157 1
 87 101 89 0
 84 96 85 0
 96 116 104 0
 0 0 0 0
50 150 100 0
50 150 100 0
50 150 100 0
50 150 100 0
50 150 100 0
50 150 100 0
50 150 100 0
50 150 100 0
50 150 100 0
50 150 100 0
50 150 100 0
50 150 100 0
50 150 100 0
50 150 100 0
50 150 100 0
50 150 100 0
50 150 100 0
50 150 100 0
50 150 100 0
50 150 100 0
50 150 100 0
50 150 100 0
50 150 100 0
50 150 100 0
50 150 100 0
50 150 100 0
50 150 100 0
50 150 100 0
50 150 100 0
50 150 100 0
50 150 100 0
50 150 100 0
50 150 100 0
50 150 100 0
50 150 100 0
50 150 100 0
50 150 100 0
50 150 100 0
50 150 100 0
 29 44 37 0
 62 100 90 0
 44 74 62 0
 59 88 78 0
 65 107 96 0
 49 82 74 0
 49 91 80 0
 61 97 87 0
 42 73 59 0
 48 62 56 0
 52 84 74 0
 67 105 95 0
 62 91 84 0
 58 86 76 0
 51 72 67 0
 92 107 99 0
 148 134 130 1
 105 120 111 0
 91 117 106 0
 92 104 93 0
50 150 100 0
50 150 100 0
50 150 100 0
50 150 100 0
50 150 100 0
50 150 100 0
50 150 100 0
50 150 100 0
50 150 100 0
50 150 100 0
50 150 100 0
50 150 100 0
50 150 100 0
50 150 100 0
50 150 100 0
50 150 100 0
50 150 100 0
50 150 100 0
50 150 100 0
50 150 100 0
50 150 100 0
50 150 100 0
50 150 100 0
50 150 100 0
50 150 100 0
50 150 100 0
50 150 100 0
50 150 100 0
50 150 100 0
50 150 100 0
50 150 100 0
50 150 100 0
50 150 100 0
50 150 100 0
50 150 100 0
50 150 100 0
50 150 100 0
50 150 100 0
50 150 100 0
50 150 100 0
50 150 100 0
 47 71 62 0
 56 89 77 0
 72 108 96 0
 60 113 101 0
 49 83 72 0
 57 108 96 0
 34 63 53 0
 46 81 68 0
 59 80 71 0
 36 61 51 0
 53 87 76 0
 46 66 61 0
 69 100 92 0
 58 83 75 0
 84 107 97 0
 110 113 106 0
 81 98 88 0
 92 105 97 0
 33 39 37 0
50 150 100 0
50 150 100 0
50 150 100 0
50 150 100 0
50 150 100 0
50 150 100 0
50 150 100 0
50 150 100 0
50 150 100 0
50 150 100 0
50 150 100 0
50 150 100 0
50 150 100 0
50 150 100 0
50 150 100 0
50 150 100 0
50 150 100 0
50 150 100 0
50 150 100 0
50 150 100 0
50 150 100 0
50 150 100 0
50 150 100 0
50 150 100 0
50 150 100 0
50 150 100 0
50 150 100 0
50 150 100 0
50 150 100 0
50 150 100 0
50 150 100 0
50 150 100 0
50 150 100 0
50 150 100 0
50 150 100 0
50 150 100 0
50 150 100 0
50 150 100 0
50 150 100 0
50 150 100 0
50 150 100 0
 66 103 91 0
 65 108 94 0
 48 71 62 0
 58 97 87 0
 66 102 92 0
 49 79 70 0
 33 57 48 0
 55 84 73 0
 45 60 51 0
 51 71 63 0
 70 103 94 0
 51 75 66 0
 50 78 70 0
 40 63 54 0
 86 102 92 0
 156 132 125 1
 98 119 109 0
 93 103 92 0
50 150 100 0
50 150 100 0
50 150 100 0
50 150 100 0
50 150 100 0
50 150 100 0
50 150 100 0
50 150 100 0
50 150 100 0
50 150 100 0
50 150 100 0
50 150 100 0
50 150 100 0
50 150 100 0
50 150 100 0
50 150 100 0
50 150 100 0
50 150 100 0
50 150 100 0
50 150 100 0
50 150 100 0
50 150 100 0
50 150 100 0
50 150 100 0
50 150 100 0
50 150 100 0
50 150 100 0
50 150 100 0
50 150 100 0
50 150 100 0
50 150 100 0
50 150 100 0
50 150 100 0
50 150 100 0
50 150 100 0
50 150 100 0
50 150 100 0
50 150 100 0
50 150 100 0
50 150 100 0
50 150 100 0
50 150 100 0
50 150 100 0
 63 88 77 0
 58 85 72 0
 79 114 104 0
 56 88 79 0
 37 67 60 0
 51 78 68 0
 36 51 42 0
 53 67 57 0
 32 47 41 0
 42 63 56 0
 56 90 83 0
 38 56 46 0
 57 80 72 0
 92 109 100 0
 83 84 77 0
 81 90 83 0
 63 75 63 0
50 150 100 0
50 150 100 0
50 150 100 0
50 150 100 0
50 150 100 0
50 150 100 0
50 150 100 0
50 150 100 0
50 150 100 0
50 150 100 0
50 150 100 0
50 150 100 0
50 150 100 0
50 150 100 0
50 150 100 0
50 150 100 0
50 150 100 0
50 150 100 0
50 150 100 0
50 150 100 0
50 150 100 0
50 150 100 0
50 150 100 0
50 150 100 0
50 150 100 0
50 150 100 0
50 150 100 0
50 150 100 0
50 150 100 0
50 150 100 0
50 150 100 0
50 150 100 0
50 150 100 0
50 150 100 0
50 150 100 0
50 150 100 0
50 150 100 0
50 150 100 0
50 150 100 0
50 150 100 0
50 150 100 0
50 150 100 0
50 150 100 0
 36 50 44 0
 67 91 84 0
 70 98 89 0
 44 66 57 0
 49 85 76 0
 52 78 67 0
 31 49 40 0
 39 50 41 0
 59 79 69 0
 58 85 75 0
 54 75 66 0
 47 70 59 0
 62 89 80 0
 184 161 155 1
 100 108 100 0
 74 85 79 0
50 150 100 0
50 150 100 0
50 150 100 0
50 150 100 0
50 150 100 0
50 150 100 0
50 150 100 0
50 150 100 0
50 150 100 0
50 150 100 0
50 150 100 0
50 150 100 0
50 150 100 0
50 150 100 0
50 150 100 0
50 150 100 0
50 150 100 0
50 150 100 0
50 150 100 0
50 150 100 0
50 150 100 0
50 150 100 0
50 150 100 0
50 150 100 0
50 150 100 0
50 150 100 0
50 150 100 0
50 150 100 0
50 150 100 0
50 150 100 0
50 150 100 0
50 150 100 0
50 150 100 0
50 150 100 0
50 150 100 0
50 150 100 0
50 150 100 0
50 150 100 0
50 150 100 0
50 150 100 0
50 150 100 0
50 150 100 0
50 150 100 0
50 150 100 0
50 150 100 0
50 150 100 0
50 150 100 0
50 150 100 0
 13 21 16 0
50 150 100 0
50 150 100 0
50 150 100 0
50 150 100 0
 16 22 18 0
50 150 100 0
50 150 100 0
 10 16 13 0
50 150 100 0
50 150 100 0
50 150 100 0
50 150 100 0
50 150 100 0
50 150 100 0
50 150 100 0
50 150 100 0
50 150 100 0
50 150 100 0
50 150 100 0
50 150 100 0
50 150 100 0
50 150 100 0
50 150 100 0
50 150 100 0
50 150 100 0
50 150 100 0
50 150 100 0
50 150 100 0
50 150 100 0
50 150 100 0
50 150 100 0
50 150 100 0
50 150 100 0
50 150 100 0
50 150 100 0
50 150 100 0
50 150 100 0
50 150 100 0
50 150 100 0
50 150 100 0
50 150 100 0
50 150 100 0
50 150 100 0
50 150 100 0
50 150 100 0
50 150 100 0
50 150 100 0
50 150 100 0
50 150 100 0
50 150 100 0
50 150 100 0
50 150 100 0
50 150 100 0
50 150 100 0
50 150 100 0
50 150 100 0
50 150 100 0
50 150 100 0
50 150 100 0
50 150 100 0
50 150 100 0
50 150 100 0
50 150 100 0
50 150 100 0
50 150 100 0
50 150 100 0
50 150 100 0
50 150 100 0
50 150 100 0
50 150 100 0
50 150 100 0
50 150 100 0
50 150 100 0
50 150 100 0
50 150 100 0
50 150 100 0
50 150 100 0
50 150 100 0
50 150 100 0
50 150 100 0
50 150 100 0
50 150 100 0
50 150 100 0
50 150 100 0
50 150 100 0
50 150 100 0
50 150 100 0
50 150 100 0
50 150 100 0
50 150 100 0
50 150 100 0
50 150 100 0
50 150 100 0
50 150 100 0
50 150 100 0
50 150 100 0
50 150 100 0
50 150 100 0
50 150 100 0
50 150 100 0
50 150 100 0
50 150 100 0
50 150 100 0
50 150 100 0
50 150 100 0
50 150 100 0
50 150 100 0
50 150 100 0
50 150 100 0
50 150 100 0
50 150 100 0
50 150 100 0
50 150 100 0
50 150 100 0
50 150 100 0
50 150 100 0
50 150 100 0
50 150 100 0
50 150 100 0
50 150 100 0
50 150 100 0
50 150 100 0
50 150 100 0
50 150 100 0
50 150 100 0
50 150 100 0
50 150 100 0
50 150 100 0
50 150 100 0
50 150 100 0
50 150 100 0
50 150 100 0
50 150 100 0
50 150 100 0
50 150 100 0
50 150 100 0
50 150 100 0
50 150 100 0
50 150 100 0
50 150 100 0
50 150 100 0
50 150 100 0
50 150 100 0
50 150 100 0
50 150 100 0
50 150 100 0
50 150 100 0
50 150 100 0
50 150 100 0
50 150 100 0
50 150 100 0
50 150 100 0
50 150 100 0
50 150 100 0
50 150 100 0
50 150 100 0
50 150 100 0
50 150 100 0
50 150 100 0
50 150 100 0
50 150 100 0
50 150 100 0
50 150 100 0
50 150 100 0
50 150 100 0
50 150 100 0
50 150 100 0
50 150 100 0
50 150 100 0
50 150 100 0
50 150 100 0
50 150 100 0
50 150 100 0
50 150 100 0
50 150 100 0
50 150 100 0
50 150 100 0
50 150 100 0
50 150 100 0
50 150 100 0
50 150 100 0
50 150 100 0
50 150 100 0
50 150 100 0
50 150 100 0
50 150 100 0
50 150 100 0
50 150 100 0
50 150 100 0
50 150 100 0
50 150 100 0
50 150 100 0
50 150 100 0
50 150 100 0
50 150 100 0
50 150 100 0
50 150 100 0
50 150 100 0
50 150 100 0
50 150 100 0
50 150 100 0
50 150 100 0
50 150 100 0
50 150 100 0
50 150 100 0
50 150 100 0
50 150 100 0
50 150 100 0
50 150 100 0
50 150 100 0
50 150 100 0
50 150 100 0
50 150 100 0
50 150 100 0
50 150 100 0
50 150 100 0
50 150 100 0
50 150 100 0
50 150 100 0
50 150 100 0
50 150 100 0
50 150 100 0
50 150 100 0
50 150 100 0
50 150 100 0
50 150 100 0
50 150 100 0
50 150 100 0
50 150 100 0
50 150 100 0
50 150 100 0
50 150 100 0
50 150 100 0
50 150 100 0
50 150 100 0
50 150 100 0
50 150 100 0
50 150 100 0
50 150 100 0
50 150 100 0
50 150 100 0
50 150 100 0
50 150 100 0
50 150 100 0
50 150 100 0
50 150 100 0
50 150 100 0
50 150 100 0
50 150 100 0
50 150 100 0
50 150 100 0
50 150 100 0
50 150 100 0
50 150 100 0
50 150 100 0
50 150 100 0
50 150 100 0
50 150 100 0
50 150 100 0
50 150 100 0
50 150 100 0
50 150 100 0
50 150 100 0
50 150 100 0
50 150 100 0
50 150 100 0
50 150 100 0
50 150 100 0
50 150 100 0
50 150 100 0
50 150 100 0
50 150 100 0
50 150 100 0

