 128 147 135 0
 135 159 146 0
 132 161 146 0
 121 154 136 0
 112 148 130 0
 102 145 126 0
 111 141 122 0
 118 144 125 0
 128 153 136 0
 124 153 134 0
 118 148 128 0
 126 155 132 0
 115 140 120 0
 123 145 126 0
 120 144 124 0
 123 145 126 0
 128 151 132 0
 117 140 121 0
 119 137 120 0
 126 144 126 0
 111 127 110 0
 129 146 125 0
 119 135 117 0
 117 132 116 0
 97 120 101 0
 112 125 109 0
 132 147 130 0
 102 114 95 0
 98 113 99 0
 113 124 116 0
 143 144 133 1
 122 127 119 0
 96 102 98 0
 119 124 127 0
 228 204 238 0
 216 168 222 0
 229 131 212 0
 145 119 132 0
 107 118 102 0
 99 122 106 0
 93 123 108 0
 92 129 115 0
 84 121 109 0
 89 120 110 0
 94 126 113 0
 100 135 123 0
 82 116 103 0
 82 113 107 0
 87 124 111 0
 86 122 109 0
 96 129 118 0
 123 151 149 0
 105 135 123 0
 125 146 139 0
 137 152 142 0
 195 200 194 1
 143 159 150 0
 112 132 123 0
 115 134 126 0
 122 142 130 0
 123 139 128 0
 135 156 145 0
 128 155 142 0
 122 153 137 0
 114 150 132 0
 106 148 130 0
 101 134 115 0
 121 148 130 0
 130 154 139 0
 121 148 131 0
 120 150 131 0
 122 149 128 0
 116 142 122 0
 124 149 130 0
 121 145 125 0
 122 144 125 0
 127 150 131 0
 118 142 123 0
 123 142 125 0
 117 136 118 0
 125 143 123 0
 114 131 110 0
 121 137 118 0
 113 128 112 0
 92 118 99 0
 106 120 104 0
 132 145 130 0
 96 109 92 0
 102 116 105 0
 135 141 131 1
 134 136 124 0
 103 109 101 0
 101 108 103 0
 126 131 134 0
 149 138 170 0
 157 120 164 0
 168 106 149 0
 124 134 128 0
 116 135 116 0
 112 140 125 0
 90 119 105 0
 87 123 109 0
 82 117 107 0
 91 122 111 0
 97 132 118 0
 86 121 111 0
 113 142 133 0
 94 125 118 0
 81 116 106 0
 89 124 114 0
 100 130 122 0
 124 154 152 0
 100 132 122 0
 179 194 191 0
 135 150 142 0
 159 168 160 0
 119 138 129 0
 118 138 130 0
 120 139 130 0
 133 152 143 0
 124 141 130 0
 132 152 142 0
 134 160 148 0
 114 145 129 0
 118 152 135 0
 108 147 129 0
 105 140 124 0
 125 153 134 0
 130 156 141 0
 123 149 132 0
 117 146 128 0
 120 148 128 0
 116 142 122 0
 123 150 131 0
 119 144 125 0
 121 144 126 0
 123 145 126 0
 120 144 126 0
 121 143 125 0
 112 130 113 0
 124 142 122 0
 121 137 116 0
 117 136 117 0
 106 124 107 0
 94 120 101 0
 104 119 101 0
 124 138 123 0
 90 103 86 0
 109 123 111 0
 158 158 147 1
 114 119 107 0
 94 101 94 0
 102 111 106 0
 117 126 126 0
 128 130 144 0
 119 105 126 0
 124 113 124 0
 118 136 127 0
 102 125 105 0
 92 121 105 0
 96 123 114 0
 83 118 105 0
 86 118 110 0
 102 135 121 0
 95 133 119 0
 88 124 114 0
 107 140 132 0
 90 121 114 0
 95 130 119 0
 87 121 111 0
 112 142 135 0
 101 134 129 0
 100 131 120 0
 140 154 143 0
 206 208 200 1
 137 151 142 0
 120 140 131 0
 127 146 138 0
 119 138 129 0
 135 154 145 0
 120 137 125 0
 124 142 132 0
 133 157 145 0
 131 160 146 0
 117 152 135 0
 109 147 129 0
 111 149 133 0
 123 154 137 0
 127 153 139 0
 122 147 131 0
 114 141 123 0
 122 151 132 0
 113 141 121 0
 120 150 130 0
 113 139 120 0
 124 147 129 0
 123 143 126 0
 124 148 130 0
 119 142 124 0
 113 132 114 0
 123 142 121 0
 119 135 114 0
 112 130 113 0
 102 122 107 0
 95 122 104 0
 107 123 105 0
 113 129 112 0
 99 112 96 0
 114 126 114 0
 177 170 161 1
 109 114 102 0
 106 116 107 0
 99 106 102 0
 106 118 117 0
 120 129 134 0
 116 122 127 0
 121 125 127 0
 111 131 121 0
 102 123 104 0
 88 116 98 0
 115 139 134 0
 88 120 110 0
 92 123 114 0
 73 110 95 0
 97 137 123 0
 92 128 119 0
 94 126 120 0
 95 129 119 0
 88 123 112 0
 93 127 116 0
 118 148 143 0
 103 134 125 0
 187 199 195 0
 145 158 147 0
 196 197 189 1
 128 145 135 0
 125 144 136 0
 127 146 135 0
 129 148 138 0
 129 149 138 0
 120 137 125 0
 120 138 127 0
 134 159 146 0
 134 161 148 0
 122 157 140 0
 109 146 129 0
 112 149 132 0
 122 156 139 0
 125 152 137 0
 121 145 132 0
 116 141 125 0
 118 147 129 0
 114 142 122 0
 119 151 130 0
 108 138 119 0
 126 149 131 0
 123 144 126 0
 130 155 135 0
 117 140 122 0
 116 134 117 0
 120 138 117 0
 118 133 114 0
 110 128 112 0
 96 116 103 0
 95 122 105 0
 112 131 112 0
 102 122 103 0
 118 128 115 0
 170 164 153 1
 129 127 118 0
 99 106 97 0
 113 123 115 0
 99 110 105 0
 107 119 117 0
 112 124 124 0
 109 121 120 0
 127 138 135 0
 97 122 107 0
 88 111 91 0
 90 118 102 0
 130 155 148 0
 93 124 115 0
 97 128 119 0
 85 123 109 0
 85 124 112 0
 91 127 119 0
 80 111 104 0
 96 131 120 0
 85 120 109 0
 104 137 127 0
 112 144 139 0
 108 139 131 0
 174 187 182 0
 197 198 189 1
 151 162 151 1
 122 140 131 0
 129 148 139 0
 129 150 138 0
 130 150 140 0
 132 153 140 0
 121 139 125 0
 124 142 130 0
 136 163 150 0
 128 156 142 0
 125 156 141 0
 110 148 128 0
 106 142 125 0
 121 158 140 0
 123 152 135 0
 121 147 133 0
 120 146 130 0
 94 123 107 0
 115 144 126 0
 120 156 135 0
 114 148 128 0
 125 151 132 0
 121 142 124 0
 128 152 133 0
 117 139 121 0
 106 124 107 0
 118 135 116 0
 112 127 108 0
 103 122 106 0
 88 112 97 0
 100 127 109 0
 102 120 102 0
 103 124 107 0
 132 139 126 0
 181 164 155 1
 128 126 117 0
 104 108 101 0
 110 120 113 0
 111 123 118 0
 112 125 122 0
 103 115 116 0
 128 139 137 0
 118 134 128 0
 88 114 98 0
 80 103 83 0
 115 143 134 0
 91 120 112 0
 96 128 118 0
 101 135 124 0
 94 132 118 0
 83 123 112 0
 92 131 121 0
 85 117 110 0
 94 129 119 0
 89 124 114 0
 101 135 127 0
 103 135 127 0
 135 158 151 0
 153 162 155 0
 171 173 165 0
 135 148 138 0
 122 141 132 0
 130 150 140 0
 127 147 137 0
 129 148 137 0
 130 152 140 0
 124 143 129 0
 134 154 140 0
 137 161 148 0
 113 143 128 0
 118 145 130 0
 116 151 133 0
 111 146 127 0
 123 159 141 0
 122 156 137 0
 122 150 135 0
 115 142 126 0
 115 142 126 0
 117 147 129 0
 121 155 134 0
 117 154 134 0
 122 152 132 0
 116 136 118 0
 127 150 131 0
 120 141 124 0
 114 134 118 0
 101 118 100 0
 127 143 123 0
 93 116 100 0
 94 125 109 0
 80 105 90 0
 104 127 110 0
 106 129 111 0
 123 137 121 0
 214 190 183 1
 143 140 130 0
 104 108 101 0
 117 126 120 0
 106 117 112 0
 89 102 97 0
 91 104 106 0
 120 132 131 0
 106 126 118 0
 80 102 86 0
 87 114 99 0
 109 141 132 0
 91 122 113 0
 99 133 122 0
 106 141 128 0
 93 132 119 0
 89 128 119 0
 90 130 120 0
 89 123 114 0
 89 125 115 0
 90 123 113 0
 105 138 130 0
 132 165 158 0
 147 161 156 0
 200 199 193 1
 145 153 144 0
 127 145 136 0
 122 140 131 0
 123 142 133 0
 125 144 135 0
 120 140 128 0
 126 150 138 0
 125 147 133 0
 124 149 134 0
 134 155 141 0
 108 136 121 0
 121 148 133 0
 125 153 137 0
 114 146 127 0
 123 158 140 0
 122 156 137 0
 123 150 135 0
 102 128 113 0
 114 143 125 0
 123 153 134 0
 129 161 140 0
 120 157 136 0
 121 151 131 0
 115 134 116 0
 130 154 135 0
 119 138 122 0
 118 137 122 0
 123 142 125 0
 122 140 120 0
 94 120 102 0
 90 123 107 0
 98 121 106 0
 102 123 109 0
 110 133 115 0
 144 149 134 0
 185 167 157 1
 133 136 125 0
 112 119 110 0
 121 131 124 0
 105 115 111 0
 74 80 79 0
 109 121 122 0
 124 137 136 0
 98 120 114 0
 86 108 96 0
 85 109 93 0
 99 133 125 0
 98 132 121 0
 99 136 124 0
 102 139 127 0
 97 134 124 0
 106 145 137 0
 88 128 118 0
 87 122 112 0
 88 122 113 0
 103 136 127 0
 134 167 160 0
 107 137 129 0
 170 176 173 1
 184 178 172 1
 133 144 136 0
 124 143 133 0
 119 137 128 0
 120 137 130 0
 124 143 134 0
 119 139 130 0
 125 148 136 0
50 150 100 0
 126 150 135 0
 118 143 128 0
 116 140 126 0
 114 141 126 0
 126 153 137 0
 106 133 114 0
 121 154 137 0
 117 150 132 0
 116 147 130 0
 125 150 137 0
 113 139 125 0
 125 156 138 0
 129 160 140 0
 122 157 136 0
 120 150 129 0
 118 142 122 0
 126 144 125 0
 124 147 129 0
 119 138 122 0
 119 138 124 0
 117 137 118 0
 96 121 102 0
 87 120 102 0
 103 125 111 0
 100 122 110 0
 110 133 117 0
 148 154 139 0
 147 141 131 1
 115 122 113 0
 119 131 124 0
 113 123 117 0
 100 108 104 0
 105 114 112 0
 122 134 137 0
 123 138 136 0
 75 99 91 0
 95 116 109 0
 81 105 94 0
 104 138 130 0
 103 140 128 0
 93 130 118 0
 93 132 118 0
 93 129 121 0
 86 124 116 0
 87 125 117 0
 85 120 110 0
 90 124 116 0
 99 134 124 0
 113 146 136 0
 137 154 146 0
 173 169 165 1
 145 147 141 0
 118 133 125 0
 122 140 131 0
 123 142 133 0
 121 139 130 0
 124 143 134 0
 120 142 133 0
 125 149 136 0
50 150 100 0
 130 151 137 0
 110 133 118 0
 113 137 122 0
 116 144 129 0
 126 155 137 0
 127 153 134 0
 123 151 133 0
 117 148 132 0
 104 133 118 0
 126 151 138 0
 124 150 137 0
 122 154 137 0
 126 159 139 0
 122 155 134 0
 116 145 125 0
 117 141 121 0
 123 142 123 0
 127 152 133 0
 120 140 125 0
 117 139 123 0
 103 128 109 0
 92 122 102 0
 84 116 98 0
 95 116 103 0
 102 123 111 0
 115 135 120 0
 163 160 149 1
 120 122 112 0
 110 117 109 0
 106 119 111 0
 99 111 103 0
 103 112 107 0
 109 119 117 0
 124 140 140 0
 112 128 125 0
 97 121 115 0
 88 104 96 0
 91 114 106 0
 95 128 120 0
 89 127 116 0
 83 120 109 0
 88 126 114 0
 94 131 123 0
 81 118 111 0
 81 116 108 0
 93 129 119 0
 94 129 120 0
 101 138 127 0
 118 146 134 0
 174 176 170 1
 169 165 160 0
 129 137 129 0
 119 136 128 0
 125 143 134 0
 125 144 135 0
 122 139 131 0
 121 140 133 0
 122 146 137 0
 126 149 136 0
50 150 100 0
 50 150 100 0
 121 141 127 0
 114 137 122 0
 120 151 134 0
 128 158 140 0
 125 152 133 0
 131 153 134 0
 119 144 129 0
 120 150 135 0
 119 147 133 0
 119 144 131 0
 119 147 132 0
 123 162 141 0
 122 153 132 0
 104 128 109 0
 121 147 128 0
 125 147 127 0
 128 154 134 0
 119 141 126 0
 114 137 122 0
 101 128 111 0
 90 123 103 0
 84 114 95 0
 76 100 85 0
 105 126 114 0
 124 138 124 0
 162 159 148 1
 121 124 115 0
 100 106 99 0
 99 115 106 0
 100 111 103 0
 108 115 110 0
 129 139 139 0
 111 126 126 0
 104 125 121 0
 105 134 125 0
 80 98 91 0
 99 126 121 0
 85 117 110 0
 84 125 113 0
 80 117 107 0
 85 124 114 0
 82 118 112 0
 96 134 128 0
 89 126 116 0
 92 128 118 0
 92 129 117 0
 120 149 138 0
 148 158 148 0
 176 172 167 1
 144 149 140 0
 129 142 133 0
 121 139 130 0
 125 144 135 0
 124 141 132 0
 118 134 127 0
 119 141 133 0
 125 147 136 0
50 150 100 0
50 150 100 0
50 150 100 0
 86 107 93 0
 114 137 122 0
 120 151 135 0
 128 159 142 0
 128 158 140 0
 121 142 124 0
 111 126 112 0
 124 154 140 0
 120 149 135 0
 115 142 129 0
 122 149 134 0
 121 160 139 0
 117 149 128 0
 108 130 114 0
 122 148 129 0
 126 150 130 0
 121 143 125 0
 116 138 122 0
 111 134 119 0
 98 125 109 0
 86 120 102 0
 82 111 92 0
 81 104 87 0
 104 123 112 0
 126 133 121 0
 154 151 140 1
 115 118 114 0
 92 99 94 0
 102 121 109 0
 100 110 100 0
 107 112 110 0
 118 132 131 0
 105 122 119 0
 100 124 119 0
 102 132 124 0
 94 114 106 0
 96 122 117 0
 82 115 108 0
 79 122 110 0
 82 119 108 0
 83 121 113 0
 99 134 129 0
 89 127 120 0
 96 134 122 0
 90 126 115 0
 94 128 117 0
 142 163 151 0
 175 174 166 1
 154 157 149 0
 134 144 134 0
 123 139 129 0
 121 140 131 0
 125 143 134 0
 126 142 135 0
 125 144 139 0
 119 143 135 0
 128 149 137 0
50 150 100 0
50 150 100 0
50 150 100 0
 112 134 121 0
 109 134 118 0
 116 148 131 0
 124 157 140 0
 129 159 142 0
 107 128 112 0
 107 125 112 0
 123 152 139 0
 118 150 136 0
 116 146 132 0
 121 150 135 0
 123 159 140 0
 114 146 126 0
 118 147 127 0
 118 141 125 0
 127 151 131 0
 119 139 121 0
 113 133 118 0
 112 134 119 0
 98 128 111 0
 83 116 99 0
 77 104 86 0
 105 127 114 0
 104 114 107 0
 166 162 150 1
 126 130 120 0
 145 144 148 0
 88 94 91 0
 98 119 107 0
 96 108 97 0
 109 117 110 0
 116 128 127 0
 102 119 115 0
 96 124 119 0
 85 119 107 0
 97 117 107 0
 90 116 111 0
 72 101 97 0
 75 115 105 0
 87 126 115 0
 104 142 135 0
 87 124 117 0
 87 128 118 0
 93 134 120 0
 96 132 120 0
 102 129 118 0
 178 181 170 1
 147 153 143 0
 140 148 138 0
 135 148 139 0
 119 136 127 0
 126 145 136 0
 126 144 135 0
 125 142 135 0
 123 146 139 0
 131 152 140 0
 0 0 0 0
50 150 100 0
50 150 100 0
50 150 100 0
50 150 100 0
 118 143 127 0
 103 130 114 0
 129 161 144 0
 130 160 143 0
 122 149 132 0
 120 142 128 0
 118 140 127 0
 130 162 148 0
 119 150 135 0
 121 150 133 0
 113 143 127 0
 110 139 122 0
 116 145 127 0
 120 144 126 0
 124 147 128 0
 111 130 111 0
 114 134 118 0
 104 124 111 0
 94 126 110 0
 85 118 101 0
 78 110 92 0
 97 127 109 0
 111 124 115 0
 155 155 146 1
 117 121 110 0
 145 145 148 0
 97 115 106 0
 79 95 85 0
 115 124 116 0
 121 130 125 0
 114 127 125 0
 107 125 120 0
 95 128 120 0
 79 111 98 0
 92 116 107 0
 100 126 121 0
 70 98 96 0
 71 109 101 0
 86 126 115 0
 94 133 125 0
 81 118 109 0
 84 126 113 0
 90 132 115 0
 101 134 121 0
 136 152 142 0
 166 169 159 1
 138 151 140 0
 136 148 137 0
 134 149 141 0
 124 142 133 0
 124 143 134 0
 127 146 138 0
 125 146 140 0
 119 143 135 0
 126 147 135 0
50 150 100 0
50 150 100 0
50 150 100 0
50 150 100 0
50 150 100 0
 97 123 109 0
 111 139 123 0
 130 157 141 0
 123 152 135 0
 128 164 144 0
 124 151 134 0
 116 136 123 0
 133 164 151 0
 122 153 138 0
 120 148 131 0
 110 137 121 0
 103 131 116 0
 115 140 127 0
 120 145 128 0
 118 141 125 0
 109 130 112 0
 116 136 121 0
 90 115 103 0
 96 128 112 0
 74 105 89 0
 90 126 109 0
 104 120 107 0
 163 158 152 0
 147 143 135 1
 112 117 108 0
 105 110 110 0
 111 128 122 0
 88 101 94 0
 122 130 125 0
 119 127 123 0
 113 125 123 0
 106 126 119 0
 88 123 114 0
 86 118 104 0
 90 116 105 0
 93 118 111 0
 82 114 111 0
 80 119 109 0
 64 106 95 0
 84 122 114 0
 73 108 96 0
 82 124 110 0
 86 126 109 0
 175 187 178 0
 173 177 167 1
 143 154 142 0
 129 146 134 0
 132 146 136 0
 129 148 138 0
 127 148 139 0
 125 144 135 0
 125 144 136 0
 119 142 134 0
 120 141 130 0
 64 72 67 0
50 150 100 0
50 150 100 0
50 150 100 0
50 150 100 0
50 150 100 0
50 150 100 0
 83 112 98 0
 112 140 124 0
 127 151 136 0
 129 166 147 0
 122 161 141 0
 120 143 129 0
 127 152 141 0
 119 148 134 0
 110 136 121 0
 123 151 135 0
 109 137 123 0
 107 131 120 0
 121 145 130 0
 116 136 123 0
 105 126 112 0
 116 137 119 0
 112 133 119 0
 100 128 113 0
 90 122 107 0
 75 105 90 0
 84 114 99 0
 112 123 113 0
 149 146 139 1
 121 127 118 0
 114 123 119 0
 108 125 120 0
 90 104 96 0
 116 123 118 0
 117 125 120 0
 111 124 121 0
 97 121 113 0
 81 117 108 0
 95 124 110 0
 88 114 107 0
 76 98 94 0
 103 137 132 0
 80 117 108 0
 66 107 93 0
 56 88 79 0
 75 117 103 0
 89 127 109 0
 119 142 132 0
 167 172 164 1
 157 162 151 0
 129 146 133 0
 127 144 130 0
 121 137 127 0
 131 152 142 0
 126 146 137 0
 123 142 133 0
 123 143 135 0
 118 139 129 0
 124 144 134 0
50 150 100 0
50 150 100 0
50 150 100 0
50 150 100 0
50 150 100 0
50 150 100 0
50 150 100 0
 121 148 134 0
 94 119 104 0
 125 150 134 0
 129 163 146 0
 120 161 141 0
 119 147 132 0
 123 148 137 0
 104 129 118 0
 118 146 132 0
 122 146 129 0
 113 140 125 0
 108 134 121 0
 116 139 126 0
 108 127 114 0
 119 137 125 0
 114 136 119 0
 101 125 110 0
 103 129 114 0
 94 126 112 0
 88 117 105 0
 105 134 121 0
 108 116 107 0
 130 133 127 1
 106 118 111 0
 114 127 123 0
 81 95 88 0
 95 107 99 0
 116 124 117 0
 113 121 116 0
 102 116 112 0
 84 111 102 0
 95 128 119 0
 97 123 115 0
 84 112 106 0
 93 126 118 0
 80 119 111 0
 73 109 99 0
 78 117 108 0
 65 98 85 0
 80 121 106 0
 83 121 104 0
 147 161 153 0
 172 179 170 1
 137 146 134 0
 119 138 126 0
 123 138 126 0
 115 131 122 0
 126 148 139 0
 121 141 131 0
 124 142 133 0
 123 142 132 0
 124 144 133 0
 0 0 0 0
50 150 100 0
50 150 100 0
50 150 100 0
50 150 100 0
50 150 100 0
50 150 100 0
50 150 100 0
50 150 100 0
 121 148 133 0
 124 151 135 0
 131 162 146 0
 111 150 130 0
 114 148 129 0
 110 132 121 0
 112 139 128 0
 117 140 128 0
 110 133 118 0
 108 133 117 0
 110 135 122 0
 113 136 124 0
 112 129 116 0
 121 140 127 0
 113 136 120 0
 99 123 109 0
 101 126 112 0
 90 123 110 0
 92 120 110 0
 114 131 120 0
 130 137 131 1
 115 121 116 0
 99 114 108 0
 102 117 111 0
 75 85 77 0
 112 123 115 0
 119 128 121 0
 112 121 116 0
 84 108 100 0
 120 142 141 0
 95 123 117 0
 114 136 132 0
 91 120 112 0
 69 106 95 0
 98 132 124 0
 71 109 95 0
 83 125 113 0
 66 100 88 0
 81 122 108 0
 98 130 115 0
 152 162 154 0
 147 159 148 1
 128 140 129 0
 117 136 123 0
 116 133 122 0
 126 149 139 0
 119 140 129 0
 125 144 134 0
 123 141 132 0
 127 147 135 0
 123 144 133 0
50 150 100 0
50 150 100 0
50 150 100 0
50 150 100 0
50 150 100 0
50 150 100 0
50 150 100 0
50 150 100 0
50 150 100 0
 98 116 106 0
 122 150 135 0
 126 156 140 0
 116 148 131 0
 113 143 127 0
 103 127 115 0
 117 144 134 0
 114 137 125 0
 103 122 110 0
 110 131 116 0
 111 137 124 0
 104 127 116 0
 120 139 126 0
 116 138 124 0
 105 131 117 0
 96 121 108 0
 76 99 86 0
 92 124 112 0
 93 116 108 0
 186 174 168 0
 133 136 128 1
 106 118 112 0
 98 114 108 0
 102 117 109 0
 80 93 82 0
 102 113 102 0
 120 129 122 0
 104 114 108 0
 84 106 99 0
 141 161 163 0
 91 120 112 0
 86 111 106 0
 92 123 113 0
 74 102 94 0
 73 111 102 0
 89 129 116 0
 84 127 113 0
 78 115 102 0
 87 126 113 0
 152 161 151 0
 159 167 161 1
 130 143 133 0
 127 144 132 0
 125 144 130 0
 122 143 133 0
 117 139 128 0
 120 139 129 0
 126 145 136 0
 124 143 132 0
 131 149 137 0
 111 130 119 0
50 150 100 0
50 150 100 0
50 150 100 0
50 150 100 0
50 150 100 0
50 150 100 0
50 150 100 0
50 150 100 0
50 150 100 0
50 150 100 0
 129 156 141 0
 129 158 142 0
 117 145 129 0
 118 149 134 0
 113 139 127 0
 128 154 145 0
 107 127 116 0
 100 113 104 0
 99 112 104 0
 107 132 120 0
 109 132 120 0
 115 136 124 0
 106 126 113 0
 103 133 118 0
 81 109 95 0
 94 120 109 0
 92 122 113 0
 111 121 117 0
 155 149 145 1
 102 117 111 0
 91 106 102 0
 92 112 107 0
 107 119 110 0
 91 103 89 0
 115 126 116 0
 117 127 121 0
 93 115 109 0
 69 92 84 0
 108 130 127 0
 84 113 106 0
 92 117 111 0
 84 114 103 0
 75 105 95 0
 81 120 110 0
 80 122 107 0
 73 110 96 0
 94 130 118 0
 134 153 142 0
 167 169 163 1
 133 143 136 0
 128 140 130 0
 126 146 133 0
 120 140 127 0
 127 150 140 0
 115 135 124 0
 122 141 131 0
 124 143 134 0
 122 139 127 0
 125 144 132 0
50 150 100 0
50 150 100 0
50 150 100 0
50 150 100 0
50 150 100 0
50 150 100 0
50 150 100 0
50 150 100 0
50 150 100 0
50 150 100 0
50 150 100 0
 113 131 121 0
 135 162 146 0
 134 160 145 0
 129 160 145 0
 122 150 136 0
 123 148 137 0
 118 143 133 0
 103 121 110 0
 111 125 117 0
 108 130 120 0
 115 141 128 0
 102 124 113 0
 108 132 118 0
 78 109 93 0
 94 121 107 0
 82 104 95 0
 98 130 119 0
 105 130 122 0
 144 150 145 1
 107 118 111 0
 92 109 104 0
 87 111 105 0
 116 128 118 0
 86 92 84 0
 119 129 119 0
 107 118 112 0
 92 109 104 0
 91 117 108 0
 97 118 117 0
 84 113 105 0
 120 144 137 0
 72 99 89 0
 79 117 106 0
 79 119 107 0
 55 93 81 0
 75 109 98 0
 57 87 75 0
 149 164 154 0
 159 165 158 1
 137 148 142 0
 123 136 127 0
 123 145 132 0
 122 145 134 0
 131 155 146 0
 117 135 123 0
 125 144 136 0
 129 149 139 0
 122 140 128 0
 121 139 129 0
50 150 100 0
50 150 100 0
50 150 100 0
50 150 100 0
50 150 100 0
50 150 100 0
50 150 100 0
50 150 100 0
50 150 100 0
50 150 100 0
50 150 100 0
 17 21 18 0
 130 153 140 0
 133 161 145 0
 126 155 140 0
 115 142 129 0
 120 145 133 0
 116 141 131 0
 107 127 116 0
 110 125 115 0
 125 145 136 0
 113 137 127 0
 108 130 118 0
 89 110 97 0
 98 130 115 0
 96 123 110 0
 77 99 90 0
 98 124 114 0
 111 133 124 0
 171 173 165 1
 83 97 92 0
 85 104 99 0
 106 127 117 0
 105 115 104 0
 115 127 114 0
 126 138 129 0
 108 122 116 0
 83 108 100 0
 100 126 120 0
 82 107 104 0
 86 117 109 0
 100 118 115 0
 79 106 94 0
 83 117 107 0
 76 118 103 0
 81 116 105 0
 70 95 86 0
 107 138 128 0
 144 154 146 0
 150 162 157 1
 131 142 135 0
 108 123 115 0
 117 139 127 0
 123 146 137 0
 116 135 125 0
 122 139 128 0
 124 143 135 0
 118 137 125 0
 127 148 135 0
 27 33 29 0
50 150 100 0
50 150 100 0
50 150 100 0
50 150 100 0
50 150 100 0
50 150 100 0
50 150 100 0
50 150 100 0
50 150 100 0
50 150 100 0
50 150 100 0
50 150 100 0
 118 138 125 0
 122 147 131 0
 123 149 135 0
 112 137 124 0
 116 144 131 0
 121 147 135 0
 118 140 128 0
 120 142 130 0
 108 126 116 0
 116 136 127 0
 109 131 120 0
 105 129 116 0
 83 114 100 0
 66 93 79 0
 66 86 78 0
 106 124 120 0
 148 152 144 1
 102 121 110 0
 76 93 86 0
 96 115 110 0
 106 123 113 0
 103 107 101 0
 117 127 116 0
 121 133 126 0
 95 112 107 0
 80 106 98 0
 102 132 125 0
 92 115 112 0
 75 104 94 0
 102 122 118 0
 81 107 96 0
 61 97 86 0
 76 118 103 0
 78 112 101 0
 90 120 108 0
 120 145 135 0
 143 150 142 1
 130 145 138 0
 122 135 127 0
 124 143 132 0
 112 134 122 0
 121 145 135 0
 119 137 126 0
 126 144 134 0
 118 138 128 0
 127 149 136 0
 110 128 118 0
50 150 100 0
50 150 100 0
50 150 100 0
50 150 100 0
50 150 100 0
50 150 100 0
50 150 100 0
50 150 100 0
50 150 100 0
50 150 100 0
50 150 100 0
50 150 100 0
50 150 100 0
50 150 100 0
 111 127 113 0
 116 139 125 0
 109 131 118 0
 112 138 126 0
 121 150 135 0
 118 142 129 0
 121 144 132 0
 110 128 117 0
 110 128 118 0
 101 117 109 0
 113 137 126 0
 89 117 106 0
 86 113 101 0
 75 97 88 0
 92 113 109 0
 154 163 159 1
 117 131 121 0
 88 113 104 0
 98 122 117 0
 108 125 117 0
 120 135 125 0
 114 123 114 0
 118 134 125 0
 91 112 105 0
 70 94 86 0
 81 109 103 0
 96 118 118 0
 62 88 78 0
 82 101 94 0
 73 95 84 0
 66 97 86 0
 80 126 112 0
 82 115 104 0
 93 122 109 0
 143 149 140 1
 105 117 110 0
 136 154 145 0
 138 155 147 0
 120 140 128 0
 115 136 124 0
 113 132 121 0
 126 143 132 0
 122 141 132 0
 120 141 129 0
 122 143 131 0
50 150 100 0
50 150 100 0
50 150 100 0
50 150 100 0
50 150 100 0
50 150 100 0
50 150 100 0
50 150 100 0
50 150 100 0
50 150 100 0
50 150 100 0
50 150 100 0
50 150 100 0
50 150 100 0
50 150 100 0
 99 108 95 0
 113 133 120 0
 125 152 138 0
 118 144 131 0
 115 142 128 0
 110 135 121 0
 117 139 126 0
 111 129 117 0
 106 124 113 0
 107 123 114 0
 93 125 114 0
 68 94 85 0
 101 126 117 0
 87 111 103 0
 101 119 117 0
 176 184 185 1
 73 96 85 0
 113 140 136 0
 97 119 115 0
 104 120 111 0
 121 142 136 0
 102 111 103 0
 111 129 120 0
 89 113 106 0
 81 107 96 0
 79 108 101 0
 95 117 118 0
 74 100 89 0
 77 89 83 0
 60 79 71 0
 73 104 93 0
 81 129 116 0
 82 114 102 0
 88 116 101 0
 145 156 146 1
 138 151 144 0
 119 135 125 0
 130 150 140 0
 108 127 115 0
 109 126 116 0
 119 137 125 0
 125 143 133 0
 119 139 129 0
 120 139 127 0
 113 130 119 0
50 150 100 0
50 150 100 0
50 150 100 0
50 150 100 0
50 150 100 0
50 150 100 0
50 150 100 0
50 150 100 0
50 150 100 0
50 150 100 0
50 150 100 0
50 150 100 0
50 150 100 0
50 150 100 0
50 150 100 0
50 150 100 0
 113 120 106 0
 130 151 138 0
 128 156 142 0
 115 136 122 0
 113 136 122 0
 117 138 126 0
 97 113 103 0
 109 130 118 0
 110 125 115 0
 103 125 117 0
 68 100 88 0
 95 123 117 0
 90 111 106 0
 139 156 152 1
 118 132 119 0
 77 95 80 0
 80 110 99 0
 104 131 126 0
 103 120 112 0
 107 127 117 0
 106 119 110 0
 83 108 102 0
 65 87 78 0
 86 114 102 0
 74 101 94 0
 69 92 93 0
 57 79 69 0
 62 68 65 0
 72 89 81 0
 80 125 115 0
 71 119 105 0
 74 106 90 0
 108 137 121 0
 141 152 142 1
 120 136 127 0
 118 136 127 0
 124 146 136 0
 118 138 125 0
 118 135 124 0
 116 133 121 0
 124 145 135 0
 122 141 131 0
 110 124 115 0
50 150 100 0
50 150 100 0
50 150 100 0
50 150 100 0
50 150 100 0
50 150 100 0
50 150 100 0
50 150 100 0
50 150 100 0
50 150 100 0
50 150 100 0
50 150 100 0
50 150 100 0
50 150 100 0
50 150 100 0
50 150 100 0
50 150 100 0
 112 120 107 0
 130 144 131 0
 132 160 146 0
 121 145 130 0
 125 141 126 0
 101 122 109 0
 109 130 121 0
 116 141 130 0
 98 115 106 0
 113 130 121 0
 83 116 106 0
 66 91 87 0
 95 120 117 0
 110 124 117 0
 85 104 93 0
 63 82 70 0
 93 126 114 0
 94 120 114 0
 112 130 121 0
 95 114 102 0
 103 119 108 0
 102 123 115 0
 84 109 100 0
 80 109 96 0
 83 115 106 0
 79 106 104 0
 63 77 68 0
 97 108 101 0
 83 106 99 0
 78 116 108 0
 47 89 81 0
 74 109 93 0
 150 162 150 1
 127 137 127 0
 117 133 123 0
 111 135 123 0
 133 156 144 0
 113 132 119 0
 106 123 111 0
 121 141 129 0
 132 154 144 0
 112 127 119 0
 119 134 126 0
50 150 100 0
50 150 100 0
50 150 100 0
50 150 100 0
50 150 100 0
50 150 100 0
50 150 100 0
50 150 100 0
50 150 100 0
50 150 100 0
50 150 100 0
50 150 100 0
50 150 100 0
50 150 100 0
50 150 100 0
50 150 100 0
50 150 100 0
 29 32 29 0
 120 129 117 0
 136 159 145 0
 124 147 133 0
 109 124 109 0
 116 134 123 0
 112 139 129 0
 101 122 113 0
 101 119 111 0
 101 115 107 0
 95 128 118 0
 63 85 80 0
 87 112 108 0
 116 131 124 1
 126 146 141 1
 89 116 104 0
 66 96 87 0
 89 116 109 0
 106 125 116 0
 114 132 120 0
 105 125 114 0
 86 110 104 0
 67 90 80 0
 82 115 102 0
 74 104 97 0
 85 116 108 0
 88 95 89 0
 101 126 121 0
 79 107 102 0
 71 108 99 0
 73 115 102 0
 96 134 117 0
 136 146 136 1
 114 125 115 0
 111 131 119 0
 98 120 108 0
 109 128 116 0
 109 126 113 0
 117 135 122 0
 118 141 130 0
 124 145 134 0
 121 138 128 0
50 150 100 0
50 150 100 0
50 150 100 0
50 150 100 0
50 150 100 0
50 150 100 0
50 150 100 0
50 150 100 0
50 150 100 0
50 150 100 0
50 150 100 0
50 150 100 0
50 150 100 0
50 150 100 0
50 150 100 0
50 150 100 0
50 150 100 0
50 150 100 0
50 150 100 0
 103 111 102 0
 130 145 133 0
 117 140 128 0
 104 118 106 0
 127 145 135 0
 112 138 130 0
 94 116 108 0
 100 120 112 0
 97 114 107 0
 90 121 112 0
 64 84 79 0
 82 107 104 0
 126 139 131 1
 99 120 115 0
 83 112 101 0
 76 107 98 0
 110 133 129 0
 118 137 127 0
 91 111 97 0
 102 128 115 0
 88 110 100 0
 90 115 107 0
 71 106 94 0
 71 100 93 0
 81 113 104 0
 75 90 79 0
 92 119 114 0
 89 123 116 0
 71 106 97 0
 81 120 107 0
 122 132 122 0
 144 151 145 1
 109 121 111 0
 118 138 126 0
 123 143 135 0
 102 117 105 0
 110 126 114 0
 113 136 125 0
 110 134 123 0
 120 138 128 0
 121 138 128 0
50 150 100 0
50 150 100 0
50 150 100 0
50 150 100 0
50 150 100 0
50 150 100 0
50 150 100 0
50 150 100 0
50 150 100 0
50 150 100 0
50 150 100 0
50 150 100 0
50 150 100 0
50 150 100 0
50 150 100 0
50 150 100 0
50 150 100 0
50 150 100 0
50 150 100 0
 119 130 121 0
 134 154 142 0
 102 123 113 0
 123 144 131 0
 122 138 127 0
 145 171 163 0
 97 124 116 0
 106 128 122 0
 90 119 109 0
 79 106 100 0
 73 90 86 0
 97 122 117 0
 127 136 128 1
 98 122 115 0
 100 134 123 0
 72 108 98 0
 104 130 128 0
 99 122 113 0
 109 131 117 0
 75 105 92 0
 83 103 92 0
 90 128 114 0
 70 103 92 0
 77 113 102 0
 78 102 89 0
 90 112 100 0
 74 107 99 0
 80 114 104 0
 81 121 110 0
 70 97 86 0
 155 155 151 1
 111 121 115 0
 117 133 124 0
 114 133 123 0
 118 135 128 0
 111 126 115 0
 108 123 114 0
 102 124 118 0
 117 139 131 0
 117 134 124 0
50 150 100 0
50 150 100 0
50 150 100 0
50 150 100 0
50 150 100 0
50 150 100 0
50 150 100 0
50 150 100 0
50 150 100 0
50 150 100 0
50 150 100 0
50 150 100 0
50 150 100 0
50 150 100 0
50 150 100 0
50 150 100 0
50 150 100 0
50 150 100 0
50 150 100 0
50 150 100 0
50 150 100 0
 130 147 137 0
 130 151 139 0
 127 145 134 0
 129 158 145 0
 104 134 126 0
 82 116 106 0
 100 127 120 0
 84 113 105 0
 63 88 81 0
 84 102 100 0
 103 124 120 0
 101 105 98 0
 96 123 114 0
 87 123 113 0
 86 136 123 0
 90 123 116 0
 95 123 114 0
 98 118 104 0
 79 107 95 0
 96 118 109 0
 95 125 114 0
 71 107 93 0
 62 92 80 0
 78 106 93 0
 77 105 91 0
 60 91 84 0
 88 130 117 0
 77 115 102 0
 90 128 113 0
 194 184 183 0
 106 116 110 0
 123 139 133 0
 113 131 123 0
 120 135 128 0
 100 113 105 0
 110 127 121 0
 107 130 125 0
 120 140 131 0
 114 130 121 0
50 150 100 0
50 150 100 0
50 150 100 0
50 150 100 0
50 150 100 0
50 150 100 0
50 150 100 0
50 150 100 0
50 150 100 0
50 150 100 0
50 150 100 0
50 150 100 0
50 150 100 0
50 150 100 0
50 150 100 0
50 150 100 0
50 150 100 0
50 150 100 0
50 150 100 0
50 150 100 0
50 150 100 0
 113 131 121 0
 129 153 141 0
 122 141 129 0
 122 145 134 0
 115 151 136 0
 78 115 103 0
 94 133 121 0
 85 118 111 0
 69 95 90 0
 93 119 114 0
 101 118 113 1
 125 132 125 1
 71 101 92 0
 86 129 117 0
 70 120 104 0
 74 110 102 0
 73 96 85 0
 89 110 98 0
 87 119 105 0
 77 105 95 0
 55 86 73 0
 75 110 97 0
 70 101 88 0
 75 105 90 0
 62 87 77 0
 71 110 102 0
 85 129 116 0
 72 107 92 0
 127 140 130 0
 143 142 138 1
 101 115 109 0
 106 123 117 0
 125 141 142 0
 110 119 113 0
 113 127 119 0
 114 133 130 0
 115 137 130 0
 116 132 123 0
50 150 100 0
50 150 100 0
50 150 100 0
50 150 100 0
50 150 100 0
50 150 100 0
50 150 100 0
50 150 100 0
50 150 100 0
50 150 100 0
50 150 100 0
50 150 100 0
50 150 100 0
50 150 100 0
50 150 100 0
50 150 100 0
50 150 100 0
50 150 100 0
50 150 100 0
50 150 100 0
50 150 100 0
50 150 100 0
50 150 100 0
 125 151 137 0
 107 126 115 0
 120 145 136 0
 96 139 125 0
 71 113 99 0
 88 140 126 0
 85 126 118 0
 66 93 87 0
 77 99 92 0
 116 129 122 1
 106 113 107 0
 84 112 102 0
 72 115 104 0
 68 115 101 0
 110 132 131 0
 88 118 110 0
 95 119 107 0
 74 105 92 0
 86 118 105 0
 66 98 83 0
 88 122 109 0
 74 105 91 0
 71 101 87 0
 80 110 100 0
 67 99 91 0
 79 124 109 0
 98 127 111 0
 160 149 140 1
 115 122 116 0
 102 123 117 0
 107 125 119 0
 118 134 132 0
 116 128 120 0
 116 136 128 0
 111 132 127 0
 107 124 116 0
 108 123 116 0
50 150 100 0
50 150 100 0
50 150 100 0
50 150 100 0
50 150 100 0
50 150 100 0
50 150 100 0
50 150 100 0
50 150 100 0
50 150 100 0
50 150 100 0
50 150 100 0
50 150 100 0
50 150 100 0
50 150 100 0
50 150 100 0
50 150 100 0
50 150 100 0
50 150 100 0
50 150 100 0
50 150 100 0
50 150 100 0
50 150 100 0
 110 128 117 0
 113 134 123 0
 119 140 131 0
 89 142 128 0
 88 139 123 0
 69 118 102 0
 84 132 122 0
 75 115 106 0
 70 91 83 0
 113 121 113 1
 83 91 86 0
 84 107 99 0
 52 91 82 0
 57 98 83 0
 82 107 103 0
 87 118 110 0
 60 89 75 0
 83 120 105 0
 76 102 90 0
 81 123 106 0
 76 108 94 0
 66 86 76 0
 72 102 89 0
 58 84 75 0
 67 104 91 0
 65 96 81 0
 105 131 117 0
 142 140 132 1
 113 125 118 0
 109 132 125 0
 125 143 143 0
 124 141 137 0
 112 126 118 0
 109 129 123 0
 94 109 102 0
 109 124 118 0
 19 25 23 0
50 150 100 0
50 150 100 0
50 150 100 0
50 150 100 0
50 150 100 0
50 150 100 0
50 150 100 0
50 150 100 0
50 150 100 0
50 150 100 0
50 150 100 0
50 150 100 0
50 150 100 0
50 150 100 0
50 150 100 0
50 150 100 0
50 150 100 0
50 150 100 0
50 150 100 0
50 150 100 0
50 150 100 0
50 150 100 0
50 150 100 0
50 150 100 0
 122 142 131 0
 120 147 135 0
 88 116 107 0
 87 140 125 0
 73 122 109 0
 76 121 107 0
 67 110 101 0
 104 121 111 0
 132 130 120 1
 88 105 98 0
 65 78 74 0
 75 109 102 0
 56 92 82 0
 93 121 115 0
 66 99 93 0
 76 118 104 0
 76 111 95 0
 85 116 103 0
 61 98 82 0
 91 123 109 0
 87 113 102 0
 62 86 78 0
 66 91 83 0
 64 98 84 0
 75 107 92 0
 101 129 116 0
 163 158 150 1
 114 130 122 0
 111 133 126 0
 112 130 130 0
 118 132 125 0
 105 123 114 0
 108 125 119 0
 106 119 113 0
 109 125 120 0
50 150 100 0
50 150 100 0
50 150 100 0
50 150 100 0
50 150 100 0
50 150 100 0
50 150 100 0
50 150 100 0
50 150 100 0
50 150 100 0
50 150 100 0
50 150 100 0
50 150 100 0
50 150 100 0
50 150 100 0
50 150 100 0
50 150 100 0
50 150 100 0
50 150 100 0
50 150 100 0
50 150 100 0
50 150 100 0
50 150 100 0
50 150 100 0
50 150 100 0
 92 107 98 0
 117 139 130 0
 114 145 135 0
 92 134 123 0
 83 135 123 0
 63 102 91 0
 96 128 120 0
 113 110 101 1
 95 106 97 0
 71 95 85 0
 76 91 87 0
 90 123 121 0
 59 85 83 0
 48 77 72 0
 84 114 110 0
 70 121 100 0
 66 93 77 0
 62 92 77 0
 64 98 85 0
 80 120 103 0
 96 122 113 0
 72 97 86 0
 73 97 95 0
 72 107 97 0
 87 120 109 0
 136 142 133 0
 120 140 130 0
 112 134 125 0
 102 124 117 0
 102 121 120 0
 100 119 110 0
 113 134 127 0
 111 123 115 0
 106 123 119 0
50 150 100 0
50 150 100 0
50 150 100 0
50 150 100 0
50 150 100 0
50 150 100 0
50 150 100 0
50 150 100 0
50 150 100 0
50 150 100 0
50 150 100 0
50 150 100 0
50 150 100 0
50 150 100 0
50 150 100 0
50 150 100 0
50 150 100 0
50 150 100 0
50 150 100 0
50 150 100 0
50 150 100 0
50 150 100 0
50 150 100 0
50 150 100 0
50 150 100 0
50 150 100 0
50 150 100 0
 118 156 143 0
 115 141 132 0
 106 140 132 0
 57 98 87 0
 72 115 103 0
 78 111 105 0
 138 158 148 0
 109 116 105 1
 61 79 74 0
 83 99 97 0
 82 111 111 0
 86 132 121 0
 77 108 101 0
 68 96 86 0
 52 97 75 0
 42 72 56 0
 51 71 60 0
 77 111 102 0
 75 116 101 0
 72 98 84 0
 68 90 80 0
 66 83 91 0
 82 119 108 0
 82 115 105 0
 194 184 176 1
 97 118 108 0
 101 124 114 0
 98 121 115 0
 85 104 99 0
 104 123 112 0
 114 133 128 0
 107 122 115 0
 98 111 108 0
50 150 100 0
50 150 100 0
50 150 100 0
50 150 100 0
50 150 100 0
50 150 100 0
50 150 100 0
50 150 100 0
50 150 100 0
50 150 100 0
50 150 100 0
50 150 100 0
50 150 100 0
50 150 100 0
50 150 100 0
50 150 100 0
50 150 100 0
50 150 100 0
50 150 100 0
50 150 100 0
50 150 100 0
50 150 100 0
50 150 100 0
50 150 100 0
50 150 100 0
50 150 100 0
50 150 100 0
 111 151 137 0
 78 106 94 0
 96 126 114 0
 74 120 110 0
 78 124 112 0
 55 89 80 0
 115 132 123 1
 77 94 83 0
 83 107 102 0
 74 93 93 0
 65 92 89 0
 80 128 116 0
 76 97 89 0
 55 70 67 0
 64 99 86 0
 72 98 84 0
 62 81 70 0
 68 102 90 0
 53 91 77 0
 64 96 80 0
 69 90 81 0
 98 124 129 0
 83 119 110 0
 90 119 109 0
 138 141 133 1
 106 125 116 0
 103 129 117 0
 83 102 95 0
 102 124 114 0
 141 160 154 0
 99 115 107 0
 101 115 110 0
50 150 100 0
50 150 100 0
50 150 100 0
50 150 100 0
50 150 100 0
50 150 100 0
50 150 100 0
50 150 100 0
50 150 100 0
50 150 100 0
50 150 100 0
50 150 100 0
50 150 100 0
50 150 100 0
50 150 100 0
50 150 100 0
50 150 100 0
50 150 100 0
50 150 100 0
50 150 100 0
50 150 100 0
50 150 100 0
50 150 100 0
50 150 100 0
50 150 100 0
50 150 100 0
50 150 100 0
50 150 100 0
50 150 100 0
 105 142 130 0
 77 120 105 0
 52 88 80 0
 75 124 113 0
 94 125 117 0
 118 130 122 1
 71 100 85 0
 103 132 123 0
 76 98 97 0
 86 116 111 0
 77 115 103 0
 63 92 80 0
 69 84 79 0
 57 78 73 0
 56 79 71 0
 83 112 103 0
 76 114 101 0
 42 68 54 0
 53 74 61 0
 77 108 112 0
 66 95 94 0
 71 110 97 0
 87 114 102 0
 157 156 146 1
 104 128 116 0
 94 118 107 0
 83 100 91 0
 100 121 112 0
 114 133 125 0
 98 109 104 0
 91 101 98 0
50 150 100 0
50 150 100 0
50 150 100 0
50 150 100 0
50 150 100 0
50 150 100 0
50 150 100 0
50 150 100 0
50 150 100 0
50 150 100 0
50 150 100 0
50 150 100 0
50 150 100 0
50 150 100 0
50 150 100 0
50 150 100 0
50 150 100 0
50 150 100 0
50 150 100 0
50 150 100 0
50 150 100 0
50 150 100 0
50 150 100 0
50 150 100 0
50 150 100 0
50 150 100 0
50 150 100 0
50 150 100 0
50 150 100 0
 81 129 114 0
 70 115 100 0
 60 99 91 0
 69 111 101 0
 104 128 119 0
 138 146 138 1
 60 89 74 0
 76 113 101 0
 84 119 111 0
 62 92 82 0
 74 105 94 0
 58 89 75 0
 73 98 86 0
 54 74 67 0
 60 92 79 0
 63 102 88 0
 57 90 75 0
 69 109 93 0
 55 78 67 0
 72 102 93 0
 64 92 93 0
 65 101 86 0
 87 113 99 0
 114 127 116 0
 102 125 113 0
 96 119 108 0
 104 124 113 0
 108 130 119 0
 111 122 113 0
 92 102 99 0
50 150 100 0
50 150 100 0
50 150 100 0
50 150 100 0
50 150 100 0
50 150 100 0
50 150 100 0
50 150 100 0
50 150 100 0
50 150 100 0
50 150 100 0
50 150 100 0
50 150 100 0
50 150 100 0
50 150 100 0
50 150 100 0
50 150 100 0
50 150 100 0
50 150 100 0
50 150 100 0
50 150 100 0
50 150 100 0
50 150 100 0
50 150 100 0
50 150 100 0
50 150 100 0
50 150 100 0
50 150 100 0
50 150 100 0
50 150 100 0
50 150 100 0
 66 110 96 0
 52 92 81 0
 80 129 117 0
 77 101 95 0
 129 140 130 1
 82 120 105 0
 72 111 97 0
 64 97 89 0
 63 98 87 0
 81 110 97 0
 59 87 75 0
 63 93 81 0
 87 118 112 0
 59 83 72 0
 74 120 104 0
 71 98 82 0
 68 104 91 0
 72 96 85 0
 53 84 79 0
 80 105 110 0
 57 92 80 0
 165 157 148 1
 120 134 124 0
 96 116 106 0
 109 133 122 0
 95 117 106 0
 109 126 115 0
 102 116 105 0
 106 123 115 0
50 150 100 0
50 150 100 0
50 150 100 0
50 150 100 0
50 150 100 0
50 150 100 0
50 150 100 0
50 150 100 0
50 150 100 0
50 150 100 0
50 150 100 0
50 150 100 0
50 150 100 0
50 150 100 0
50 150 100 0
50 150 100 0
50 150 100 0
50 150 100 0
50 150 100 0
50 150 100 0
50 150 100 0
50 150 100 0
50 150 100 0
50 150 100 0
50 150 100 0
50 150 100 0
50 150 100 0
50 150 100 0
50 150 100 0
50 150 100 0
50 150 100 0
 70 115 103 0
 83 132 120 0
 75 113 106 0
 110 139 132 0
 113 126 116 0
 58 85 73 0
 57 86 78 0
 68 118 104 0
 96 133 125 0
 74 101 88 0
 58 83 73 0
 50 69 65 0
 66 100 91 0
 56 75 67 0
 67 101 91 0
 62 92 75 0
 51 76 63 0
 66 94 84 0
 54 75 74 0
 69 102 96 0
 68 107 95 0
 184 168 167 1
 92 110 100 0
 114 137 127 0
 106 128 117 0
 84 101 90 0
 104 123 112 0
 107 125 115 0
 0 0 0 0
50 150 100 0
50 150 100 0
50 150 100 0
50 150 100 0
50 150 100 0
50 150 100 0
50 150 100 0
50 150 100 0
50 150 100 0
50 150 100 0
50 150 100 0
50 150 100 0
50 150 100 0
50 150 100 0
50 150 100 0
50 150 100 0
50 150 100 0
50 150 100 0
50 150 100 0
50 150 100 0
50 150 100 0
50 150 100 0
50 150 100 0
50 150 100 0
50 150 100 0
50 150 100 0
50 150 100 0
50 150 100 0
50 150 100 0
50 150 100 0
50 150 100 0
 150 450 300 0
 65 100 92 0
 86 124 119 0
 154 162 154 1
 104 116 106 0
 78 112 103 0
 73 103 94 0
 67 116 104 0
 61 91 84 0
 78 106 99 0
 65 97 86 0
 59 80 75 0
 59 91 82 0
 48 69 63 0
 75 108 98 0
 57 78 67 0
 47 62 56 0
 61 87 80 0
 70 98 94 0
 68 114 105 0
 80 113 107 0
 131 131 126 1
 96 113 105 0
 91 116 106 0
 102 119 109 0
 104 123 113 0
 115 139 127 0
 110 130 118 0
50 150 100 0
50 150 100 0
50 150 100 0
50 150 100 0
50 150 100 0
50 150 100 0
50 150 100 0
50 150 100 0
50 150 100 0
50 150 100 0
50 150 100 0
50 150 100 0
50 150 100 0
50 150 100 0
50 150 100 0
50 150 100 0
50 150 100 0
50 150 100 0
50 150 100 0
50 150 100 0
50 150 100 0
50 150 100 0
50 150 100 0
50 150 100 0
50 150 100 0
50 150 100 0
50 150 100 0
50 150 100 0
50 150 100 0
50 150 100 0
50 150 100 0
50 150 100 0
50 150 100 0
 80 118 110 0
 110 140 131 0
 147 160 150 1
 102 134 121 0
 75 115 105 0
 57 88 77 0
 70 118 104 0
 54 89 79 0
 62 88 79 0
 56 90 76 0
 47 68 60 0
 68 103 94 0
 71 111 98 0
 51 75 67 0
 73 103 91 0
 65 84 77 0
 70 104 99 0
 79 116 111 0
 63 97 88 0
 77 110 105 0
 184 160 157 1
 100 116 108 0
 101 122 110 0
 92 109 98 0
 107 132 121 0
 105 126 111 0
50 150 100 0
50 150 100 0
50 150 100 0
50 150 100 0
50 150 100 0
50 150 100 0
50 150 100 0
50 150 100 0
50 150 100 0
50 150 100 0
50 150 100 0
50 150 100 0
50 150 100 0
50 150 100 0
50 150 100 0
50 150 100 0
50 150 100 0
50 150 100 0
50 150 100 0
50 150 100 0
50 150 100 0
50 150 100 0
50 150 100 0
50 150 100 0
50 150 100 0
50 150 100 0
50 150 100 0
50 150 100 0
50 150 100 0
50 150 100 0
50 150 100 0
50 150 100 0
50 150 100 0
50 150 100 0
 81 117 109 0
 115 141 133 0
 179 168 160 1
 77 120 105 0
 56 94 79 0
 71 115 103 0
 60 99 85 0
 66 103 93 0
 56 82 71 0
 51 80 67 0
 56 78 69 0
 58 88 82 0
 66 106 98 0
 51 84 75 0
 59 86 77 0
 56 75 70 0
 76 118 111 0
 55 87 80 0
 67 102 95 0
 117 122 113 0
 111 121 111 0
 90 104 95 0
 108 128 115 0
 102 126 115 0
 98 127 116 0
 105 129 115 0
50 150 100 0
50 150 100 0
50 150 100 0
50 150 100 0
50 150 100 0
50 150 100 0
50 150 100 0
50 150 100 0
50 150 100 0
50 150 100 0
50 150 100 0
50 150 100 0
50 150 100 0
50 150 100 0
50 150 100 0
50 150 100 0
50 150 100 0
50 150 100 0
50 150 100 0
50 150 100 0
50 150 100 0
50 150 100 0
50 150 100 0
50 150 100 0
50 150 100 0
50 150 100 0
50 150 100 0
50 150 100 0
50 150 100 0
50 150 100 0
50 150 100 0
50 150 100 0
50 150 100 0
50 150 100 0
50 150 100 0
 103 130 122 0
 157 138 130 1
 106 144 130 0
 66 102 85 0
 65 109 96 0
 44 73 61 0
 65 93 84 0
 48 69 59 0
 46 66 58 0
 71 109 100 0
 55 82 69 0
 46 68 63 0
 59 95 84 0
 71 113 99 0
 47 66 61 0
 68 116 104 0
 59 98 86 0
 58 89 82 0
 151 139 133 1
 111 113 105 0
 114 129 118 0
 98 120 107 0
 83 105 96 0
 108 133 120 0
 50 150 100 0
50 150 100 0
50 150 100 0
50 150 100 0
50 150 100 0
50 150 100 0
50 150 100 0
50 150 100 0
50 150 100 0
50 150 100 0
50 150 100 0
50 150 100 0
50 150 100 0
50 150 100 0
50 150 100 0
50 150 100 0
50 150 100 0
50 150 100 0
50 150 100 0
50 150 100 0
50 150 100 0
50 150 100 0
50 150 100 0
50 150 100 0
50 150 100 0
50 150 100 0
50 150 100 0
50 150 100 0
50 150 100 0
50 150 100 0
50 150 100 0
50 150 100 0
50 150 100 0
50 150 100 0
50 150 100 0
50 150 100 0
 121 130 123 0
 107 113 104 1
 93 125 114 0
 47 77 66 0
 64 104 95 0
 54 77 66 0
 74 110 100 0
 76 110 94 0
 62 94 84 0
 65 108 97 0
 56 80 70 0
 77 103 92 0
 74 115 99 0
 49 81 69 0
 63 100 85 0
 52 89 82 0
 49 74 66 0
 79 115 105 0
 108 122 113 0
 108 121 112 0
 83 102 89 0
 100 121 108 0
 89 126 117 0
 105 132 119 0
50 150 100 0
50 150 100 0
50 150 100 0
50 150 100 0
50 150 100 0
50 150 100 0
50 150 100 0
50 150 100 0
50 150 100 0
50 150 100 0
50 150 100 0
50 150 100 0
50 150 100 0
50 150 100 0
50 150 100 0
50 150 100 0
50 150 100 0
50 150 100 0
50 150 100 0
50 150 100 0
50 150 100 0
50 150 100 0
50 150 100 0
50 150 100 0
50 150 100 0
50 150 100 0
50 150 100 0
50 150 100 0
50 150 100 0
50 150 100 0
50 150 100 0
50 150 100 0
50 150 100 0
50 150 100 0
50 150 100 0
50 150 100 0
50 150 100 0
 88 109 99 0
 92 122 111 0
 61 97 84 0
 66 110 100 0
 76 114 101 0
 57 90 80 0
 56 93 78 0
 52 88 77 0
 57 98 85 0
 45 59 52 0
 74 114 97 0
 62 90 80 0
 72 106 97 0
 68 100 90 0
 46 74 66 0
 51 75 67 0
 61 95 83 0
 163 153 148 1
 106 122 110 0
 99 127 115 0
 99 120 111 0
 64 84 76 0
 98 128 118 0
50 150 100 0
50 150 100 0
50 150 100 0
50 150 100 0
50 150 100 0
50 150 100 0
50 150 100 0
50 150 100 0
50 150 100 0
50 150 100 0
50 150 100 0
50 150 100 0
50 150 100 0
50 150 100 0
50 150 100 0
50 150 100 0
50 150 100 0
50 150 100 0
50 150 100 0
50 150 100 0
50 150 100 0
50 150 100 0
50 150 100 0
50 150 100 0
50 150 100 0
50 150 100 0
50 150 100 0
50 150 100 0
50 150 100 0
50 150 100 0
50 150 100 0
50 150 100 0
50 150 100 0
50 150 100 0
50 150 100 0
50 150 100 0
50 150 100 0
 57 78 69 0
 52 76 66 0
 68 118 107 0
 53 100 92 0
 66 109 97 0
 54 89 77 0
 38 72 59 0
 65 106 92 0
 73 117 104 0
 48 67 57 0
 47 76 60 0
 74 104 94 0
 67 102 93 0
 57 85 76 0
 65 102 93 0
 69 108 98 0
 82 115 104 0
 171 166 161 1
 106 122 108 0
 80 96 86 0
 97 124 112 0
 94 121 109 0
50 150 100 0
50 150 100 0
50 150 100 0
50 150 100 0
50 150 100 0
50 150 100 0
50 150 100 0
50 150 100 0
50 150 100 0
50 150 100 0
50 150 100 0
50 150 100 0
50 150 100 0
50 150 100 0
50 150 100 0
50 150 100 0
50 150 100 0
50 150 100 0
50 150 100 0
50 150 100 0
50 150 100 0
50 150 100 0
50 150 100 0
50 150 100 0
50 150 100 0
50 150 100 0
50 150 100 0
50 150 100 0
50 150 100 0
50 150 100 0
50 150 100 0
50 150 100 0
50 150 100 0
50 150 100 0
50 150 100 0
50 150 100 0
50 150 100 0
50 150 100 0
50 150 100 0
 81 108 98 0
 65 114 103 0
 69 114 106 0
 43 75 66 0
 70 106 93 0
 50 83 71 0
 46 84 71 0
 48 90 76 0
 66 90 78 0
 59 91 77 0
 50 71 62 0
 68 100 93 0
 63 94 87 0
 57 84 78 0
 53 82 75 0
 74 93 87 0
 146 151 143 1
 78 91 80 0
 92 116 101 0
 98 123 111 0
 0 0 0 0
50 150 100 0
50 150 100 0
50 150 100 0
50 150 100 0
50 150 100 0
50 150 100 0
50 150 100 0
50 150 100 0
50 150 100 0
50 150 100 0
50 150 100 0
50 150 100 0
50 150 100 0
50 150 100 0
50 150 100 0
50 150 100 0
50 150 100 0
50 150 100 0
50 150 100 0
50 150 100 0
50 150 100 0
50 150 100 0
50 150 100 0
50 150 100 0
50 150 100 0
50 150 100 0
50 150 100 0
50 150 100 0
50 150 100 0
50 150 100 0
50 150 100 0
50 150 100 0
50 150 100 0
50 150 100 0
50 150 100 0
50 150 100 0
50 150 100 0
50 150 100 0
50 150 100 0
 77 128 118 0
 44 72 62 0
 48 84 74 0
 53 80 69 0
 51 88 77 0
 57 97 86 0
 47 80 68 0
 63 107 95 0
 56 89 75 0
 49 70 60 0
 67 86 82 0
 49 75 69 0
 62 102 92 0
 57 85 79 0
 55 86 78 0
 81 115 106 0
 179 166 163 1
 101 117 102 0
 89 110 102 0
 91 115 103 0
50 150 100 0
50 150 100 0
50 150 100 0
50 150 100 0
50 150 100 0
50 150 100 0
50 150 100 0
50 150 100 0
50 150 100 0
50 150 100 0
50 150 100 0
50 150 100 0
50 150 100 0
50 150 100 0
50 150 100 0
50 150 100 0
50 150 100 0
50 150 100 0
50 150 100 0
50 150 100 0
50 150 100 0
50 150 100 0
50 150 100 0
50 150 100 0
50 150 100 0
50 150 100 0
50 150 100 0
50 150 100 0
50 150 100 0
50 150 100 0
50 150 100 0
50 150 100 0
50 150 100 0
50 150 100 0
50 150 100 0
50 150 100 0
50 150 100 0
50 150 100 0
50 150 100 0
50 150 100 0
50 150 100 0
 61 100 88 0
 58 87 75 0
 76 109 96 0
 66 108 96 0
 54 89 80 0
 32 60 50 0
 46 82 72 0
 40 68 60 0
 53 69 61 0
 65 95 87 0
 58 81 74 0
 46 79 70 0
 58 80 71 0
 65 101 90 0
 87 95 88 0
 116 122 113 0
 85 97 84 0
 96 121 110 0
 98 119 107 0
50 150 100 0
50 150 100 0
50 150 100 0
50 150 100 0
50 150 100 0
50 150 100 0
50 150 100 0
50 150 100 0
50 150 100 0
50 150 100 0
50 150 100 0
50 150 100 0
50 150 100 0
50 150 100 0
50 150 100 0
50 150 100 0
50 150 100 0
50 150 100 0
50 150 100 0
50 150 100 0
50 150 100 0
50 150 100 0
50 150 100 0
50 150 100 0
50 150 100 0
50 150 100 0
50 150 100 0
50 150 100 0
50 150 100 0
50 150 100 0
50 150 100 0
50 150 100 0
50 150 100 0
50 150 100 0
50 150 100 0
50 150 100 0
50 150 100 0
50 150 100 0
50 150 100 0
50 150 100 0
50 150 100 0
 55 79 67 0
 35 60 48 0
 51 80 68 0
 61 113 99 0
 43 74 63 0
 55 100 88 0
 39 66 57 0
 26 53 43 0
 68 105 89 0
 63 98 87 0
 43 76 64 0
 44 63 57 0
 65 97 88 0
 47 68 61 0
 132 128 120 1
 94 110 98 0
 103 122 110 0
 81 93 82 0
50 150 100 0
50 150 100 0
50 150 100 0
50 150 100 0
50 150 100 0
50 150 100 0
50 150 100 0
50 150 100 0
50 150 100 0
50 150 100 0
50 150 100 0
50 150 100 0
50 150 100 0
50 150 100 0
50 150 100 0
50 150 100 0
50 150 100 0
50 150 100 0
50 150 100 0
50 150 100 0
50 150 100 0
50 150 100 0
50 150 100 0
50 150 100 0
50 150 100 0
50 150 100 0
50 150 100 0
50 150 100 0
50 150 100 0
50 150 100 0
50 150 100 0
50 150 100 0
50 150 100 0
50 150 100 0
50 150 100 0
50 150 100 0
50 150 100 0
50 150 100 0
50 150 100 0
50 150 100 0
50 150 100 0
50 150 100 0
50 150 100 0
 67 107 93 0
 53 76 65 0
 61 102 91 0
 67 96 83 0
 65 104 95 0
 55 85 75 0
 49 85 72 0
 53 70 60 0
 48 73 64 0
 35 52 44 0
 60 89 81 0
 43 75 64 0
 68 94 83 0
 107 112 103 0
 78 92 82 0
 99 118 107 0
 95 108 98 0
50 150 100 0
50 150 100 0
50 150 100 0
50 150 100 0
50 150 100 0
50 150 100 0
50 150 100 0
50 150 100 0
50 150 100 0
50 150 100 0
50 150 100 0
50 150 100 0
50 150 100 0
50 150 100 0
50 150 100 0
50 150 100 0
50 150 100 0
50 150 100 0
50 150 100 0
50 150 100 0
50 150 100 0
50 150 100 0
50 150 100 0
50 150 100 0
50 150 100 0
50 150 100 0
50 150 100 0
50 150 100 0
50 150 100 0
50 150 100 0
50 150 100 0
50 150 100 0
50 150 100 0
50 150 100 0
50 150 100 0
50 150 100 0
50 150 100 0
50 150 100 0
50 150 100 0
50 150 100 0
50 150 100 0
50 150 100 0
50 150 100 0
 57 82 71 0
 75 107 97 0
 78 110 101 0
 58 86 77 0
 38 70 62 0
 38 61 52 0
 45 66 54 0
 38 53 43 0
 53 72 65 0
 53 81 72 0
 67 105 97 0
 49 74 63 0
 79 98 88 0
 176 146 139 1
 96 97 89 0
 75 84 74 0
50 150 100 0
50 150 100 0
50 150 100 0
50 150 100 0
50 150 100 0
50 150 100 0
50 150 100 0
50 150 100 0
50 150 100 0
50 150 100 0
50 150 100 0
50 150 100 0
50 150 100 0
50 150 100 0
50 150 100 0
50 150 100 0
50 150 100 0
50 150 100 0
50 150 100 0
50 150 100 0
50 150 100 0
50 150 100 0
50 150 100 0
50 150 100 0
50 150 100 0
50 150 100 0
50 150 100 0
50 150 100 0
50 150 100 0
50 150 100 0
50 150 100 0
50 150 100 0
50 150 100 0
50 150 100 0
50 150 100 0
50 150 100 0
50 150 100 0
50 150 100 0
50 150 100 0
50 150 100 0
50 150 100 0
50 150 100 0
50 150 100 0
50 150 100 0
50 150 100 0
 43 58 52 0
 64 90 80 0
 51 72 63 0
 49 86 77 0
 33 51 43 0
 52 81 69 0
 44 55 45 0
 66 89 78 0
 45 69 57 0
 49 71 62 0
 36 54 44 0
 59 85 74 0
 176 155 148 1
 81 86 79 0
 98 111 102 0
50 150 100 0
50 150 100 0
50 150 100 0
50 150 100 0
50 150 100 0
50 150 100 0
50 150 100 0
50 150 100 0
50 150 100 0
50 150 100 0
50 150 100 0
50 150 100 0
50 150 100 0
50 150 100 0
50 150 100 0
50 150 100 0
50 150 100 0
50 150 100 0
50 150 100 0
50 150 100 0
50 150 100 0
50 150 100 0
50 150 100 0
50 150 100 0
50 150 100 0
50 150 100 0
50 150 100 0
50 150 100 0
50 150 100 0
50 150 100 0
50 150 100 0
50 150 100 0
50 150 100 0
50 150 100 0
50 150 100 0
50 150 100 0
50 150 100 0
50 150 100 0
50 150 100 0
50 150 100 0
50 150 100 0
50 150 100 0
50 150 100 0
50 150 100 0
50 150 100 0
50 150 100 0
50 150 100 0
50 150 100 0
50 150 100 0
50 150 100 0
50 150 100 0
50 150 100 0
50 150 100 0
 37 51 43 0
50 150 100 0
50 150 100 0
50 150 100 0
50 150 100 0
50 150 100 0
50 150 100 0
50 150 100 0
50 150 100 0
50 150 100 0
50 150 100 0
50 150 100 0
50 150 100 0
50 150 100 0
50 150 100 0
50 150 100 0
50 150 100 0
50 150 100 0
50 150 100 0
50 150 100 0
50 150 100 0
50 150 100 0
50 150 100 0
50 150 100 0
50 150 100 0
50 150 100 0
50 150 100 0
50 150 100 0
50 150 100 0
50 150 100 0
50 150 100 0
50 150 100 0
50 150 100 0
50 150 100 0
50 150 100 0
50 150 100 0
50 150 100 0
50 150 100 0
50 150 100 0
50 150 100 0
50 150 100 0
50 150 100 0
50 150 100 0
50 150 100 0
50 150 100 0
50 150 100 0
50 150 100 0
50 150 100 0
50 150 100 0
50 150 100 0
50 150 100 0
50 150 100 0
50 150 100 0
50 150 100 0
50 150 100 0
50 150 100 0
50 150 100 0
50 150 100 0
50 150 100 0
50 150 100 0
50 150 100 0
50 150 100 0
50 150 100 0
50 150 100 0
50 150 100 0
50 150 100 0
50 150 100 0
50 150 100 0
50 150 100 0
50 150 100 0
50 150 100 0
50 150 100 0
50 150 100 0
50 150 100 0
50 150 100 0
50 150 100 0
50 150 100 0
50 150 100 0
50 150 100 0
50 150 100 0
50 150 100 0
50 150 100 0
50 150 100 0
50 150 100 0
50 150 100 0
50 150 100 0
50 150 100 0
50 150 100 0
50 150 100 0
50 150 100 0
50 150 100 0
50 150 100 0
50 150 100 0
50 150 100 0
50 150 100 0
50 150 100 0
50 150 100 0
50 150 100 0
50 150 100 0
50 150 100 0
50 150 100 0
50 150 100 0
50 150 100 0
50 150 100 0
50 150 100 0
50 150 100 0
50 150 100 0
50 150 100 0
50 150 100 0
50 150 100 0
50 150 100 0
50 150 100 0
50 150 100 0
50 150 100 0
50 150 100 0
50 150 100 0
50 150 100 0
50 150 100 0
50 150 100 0
50 150 100 0
50 150 100 0
50 150 100 0
50 150 100 0
50 150 100 0
50 150 100 0
50 150 100 0
50 150 100 0
50 150 100 0
50 150 100 0
50 150 100 0
50 150 100 0
50 150 100 0
50 150 100 0
50 150 100 0
50 150 100 0
50 150 100 0
50 150 100 0
50 150 100 0
50 150 100 0
50 150 100 0
50 150 100 0
50 150 100 0
50 150 100 0
50 150 100 0
50 150 100 0
50 150 100 0
50 150 100 0
50 150 100 0
50 150 100 0
50 150 100 0
50 150 100 0
50 150 100 0
50 150 100 0
50 150 100 0
50 150 100 0
50 150 100 0
50 150 100 0
50 150 100 0
50 150 100 0
50 150 100 0
50 150 100 0
50 150 100 0
50 150 100 0
50 150 100 0
50 150 100 0
50 150 100 0
50 150 100 0
50 150 100 0
50 150 100 0
50 150 100 0
50 150 100 0
50 150 100 0
50 150 100 0
50 150 100 0
50 150 100 0
50 150 100 0
50 150 100 0
50 150 100 0
50 150 100 0
50 150 100 0
50 150 100 0
50 150 100 0
50 150 100 0
50 150 100 0
50 150 100 0
50 150 100 0
50 150 100 0
50 150 100 0
50 150 100 0
50 150 100 0
50 150 100 0
50 150 100 0
50 150 100 0
50 150 100 0
50 150 100 0
50 150 100 0
50 150 100 0
50 150 100 0
50 150 100 0
50 150 100 0
50 150 100 0
50 150 100 0
50 150 100 0
50 150 100 0
50 150 100 0
50 150 100 0
50 150 100 0
50 150 100 0
50 150 100 0
