 96 121 116 0
 100 127 121 0
 83 109 103 0
 95 125 117 0
 93 121 115 0
 89 113 108 0
 84 116 106 0
 81 111 97 0
 106 136 118 0
 91 124 106 0
 90 122 105 0
 88 125 109 0
 78 118 101 0
 85 126 106 0
 89 123 102 0
 85 112 94 0
 79 116 99 0
 81 124 105 0
 75 111 94 0
 58 95 78 0
 78 115 99 0
 69 106 91 0
 70 106 96 0
 66 93 85 0
 56 82 73 0
 72 96 91 0
 99 115 111 0
 156 147 143 1
 84 102 92 0
 69 89 80 0
 82 111 103 0
 72 100 93 0
 65 95 86 0
 66 94 85 0
 77 108 98 0
 56 79 68 0
 73 105 90 0
 58 91 75 0
 62 94 78 0
 76 108 97 0
 75 108 94 0
 82 118 102 0
 79 111 99 0
 67 99 84 0
 66 98 82 0
 65 92 78 0
 67 89 78 0
 71 100 86 0
 70 101 87 0
 84 116 103 0
 96 131 117 0
 139 153 143 0
 134 150 142 1
 95 128 114 0
 87 124 108 0
 85 120 108 0
 99 129 119 0
 94 123 114 0
 93 124 113 0
 102 133 119 0
 95 122 118 0
 99 125 121 0
 86 112 106 0
 96 125 117 0
 75 101 97 0
 96 121 117 0
 84 116 108 0
 82 116 102 0
 80 113 96 0
 91 123 104 0
 89 120 105 0
 86 124 108 0
 78 117 101 0
 82 122 102 0
 87 121 100 0
 70 96 79 0
 85 122 105 0
 75 118 99 0
 86 124 107 0
 62 98 81 0
 73 112 97 0
 72 108 94 0
 74 110 99 0
 59 87 79 0
 60 88 79 0
 77 99 96 0
 101 117 113 0
 166 153 150 1
 85 102 93 0
 70 90 81 0
 79 106 98 0
 76 103 97 0
 69 99 89 0
 74 102 94 0
 81 113 103 0
 73 105 94 0
 73 104 89 0
 57 87 73 0
 71 102 88 0
 75 107 97 0
 69 104 89 0
 79 115 99 0
 75 105 94 0
 72 105 89 0
 62 92 76 0
 68 95 81 0
 71 93 82 0
 79 109 95 0
 64 95 82 0
 83 119 105 0
 88 128 113 0
 136 151 141 1
 106 132 119 0
 83 118 103 0
 85 121 106 0
 87 121 109 0
 100 129 119 0
 97 126 117 0
 104 133 120 0
 105 135 122 0
 91 120 116 0
 94 120 119 0
 82 109 105 0
 98 126 119 0
 85 114 108 0
 86 112 107 0
 94 131 122 0
 94 129 116 0
 83 117 98 0
 89 122 101 0
 88 118 103 0
 83 117 102 0
 78 119 102 0
 79 117 99 0
 88 124 104 0
 88 120 101 0
 86 123 106 0
 77 116 99 0
 89 125 109 0
 62 99 83 0
 75 115 100 0
 70 108 93 0
 75 111 100 0
 60 85 78 0
 76 104 98 0
 80 104 101 0
 88 104 101 0
 173 156 154 1
 87 104 95 0
 69 90 81 0
 75 101 92 0
 70 95 89 0
 70 101 92 0
 82 111 105 0
 78 113 102 0
 61 85 73 0
 81 110 95 0
 60 87 74 0
 75 107 96 0
 67 101 90 0
 68 104 89 0
 60 87 76 0
 74 105 93 0
 71 104 88 0
 62 92 76 0
 70 96 82 0
 64 87 77 0
 98 129 115 0
 76 107 94 0
 80 123 107 0
 109 137 124 0
 144 156 146 1
 109 133 119 0
 81 118 102 0
 82 119 104 0
 94 126 116 0
 99 127 118 0
 103 131 120 0
 108 135 122 0
 103 131 118 0
 95 128 122 0
 87 111 113 0
 71 95 96 0
 97 124 120 0
 84 115 108 0
 85 111 107 0
 86 112 107 0
 100 135 124 0
 83 115 99 0
 85 120 99 0
 87 118 101 0
 87 120 105 0
 78 119 102 0
 77 113 94 0
 89 123 104 0
 85 117 98 0
 75 104 88 0
 78 114 97 0
 90 127 111 0
 82 119 104 0
 70 108 93 0
 68 106 90 0
 76 112 100 0
 61 88 79 0
 75 103 96 0
 77 100 98 0
 95 111 108 0
 171 156 153 1
 85 103 95 0
 73 96 87 0
 79 105 96 0
 65 89 83 0
 70 101 92 0
 82 111 104 0
 75 110 100 0
 63 89 76 0
 80 111 95 0
 62 91 77 0
 79 115 107 0
 63 96 86 0
 55 90 76 0
 77 108 95 0
 71 101 88 0
 53 83 68 0
 66 96 81 0
 74 102 86 0
 75 100 87 0
 76 109 94 0
 76 108 94 0
 73 115 99 0
 101 133 119 0
 143 153 143 1
 101 131 115 0
 82 120 105 0
 83 119 107 0
 96 126 117 0
 98 127 118 0
 109 135 123 0
 105 132 119 0
 95 122 109 0
 94 129 122 0
 81 108 105 0
 83 105 109 0
 92 118 117 0
 93 122 117 0
 82 111 105 0
 92 119 113 0
 98 132 123 0
 95 128 113 0
 77 110 91 0
 86 119 100 0
 86 120 104 0
 79 118 102 0
 73 109 92 0
 86 118 100 0
 76 108 90 0
 84 115 101 0
 80 113 99 0
 87 123 108 0
 88 125 110 0
 78 116 102 0
 66 103 87 0
 72 108 95 0
 66 95 85 0
 70 97 89 0
 77 102 97 0
 104 122 118 0
 166 152 149 1
 88 107 98 0
 76 103 93 0
 71 96 87 0
 66 90 85 0
 73 103 94 0
 82 112 105 0
 71 100 92 0
 63 93 80 0
 68 98 83 0
 69 99 84 0
 79 115 107 0
 54 85 74 0
 77 112 98 0
 73 104 91 0
 68 98 85 0
 54 83 69 0
 69 103 85 0
 72 98 84 0
 85 119 105 0
 73 107 92 0
 59 94 79 0
 74 117 101 0
 97 131 117 0
 142 152 141 1
 91 126 110 0
 89 127 112 0
 88 121 110 0
 96 125 117 0
 98 127 117 0
 111 135 123 0
 105 130 117 0
 97 125 112 0
 94 127 121 0
 65 92 88 0
 79 102 103 0
 94 119 119 0
 94 122 118 0
 82 110 104 0
 95 124 118 0
 86 120 113 0
 98 134 121 0
 83 117 99 0
 77 114 93 0
 81 115 99 0
 81 119 103 0
 71 107 91 0
 90 122 105 0
 64 93 78 0
 88 118 104 0
 88 119 106 0
 87 121 107 0
 85 121 107 0
 62 97 84 0
 57 94 80 0
 70 106 92 0
 73 104 94 0
 69 95 88 0
 71 94 89 0
 98 115 111 0
 142 134 130 1
 82 104 95 0
 78 104 96 0
 64 90 81 0
 70 94 88 0
 71 100 92 0
 85 115 107 0
 69 97 90 0
 60 86 75 0
 71 104 90 0
 77 115 100 0
 74 107 102 0
 57 84 75 0
 77 110 98 0
 76 106 93 0
 65 94 81 0
 56 84 72 0
 68 105 86 0
 69 98 83 0
 83 120 107 0
 66 100 86 0
 70 105 89 0
 75 115 99 0
 115 136 123 0
 122 142 130 0
 93 130 114 0
 92 128 114 0
 94 124 114 0
 92 121 112 0
 104 130 119 0
 110 134 122 0
 102 128 116 0
 94 123 111 0
 92 122 117 0
 64 90 85 0
 82 106 106 0
 95 122 121 0
 90 117 113 0
 83 111 105 0
 96 126 119 0
 95 129 122 0
 87 123 113 0
 81 118 99 0
 69 109 88 0
 74 110 93 0
 80 116 100 0
 78 116 100 0
 86 122 105 0
 83 115 98 0
 88 119 103 0
 90 121 107 0
 87 122 107 0
 86 122 108 0
 72 108 94 0
 58 94 79 0
 67 103 88 0
 73 102 92 0
 74 100 93 0
 64 87 82 0
 87 107 104 0
 123 125 121 1
 81 106 97 0
 68 95 87 0
 62 88 80 0
 75 101 95 0
 66 91 86 0
 86 118 110 0
 77 103 96 0
 52 75 67 0
 74 108 93 0
 73 114 100 0
 66 101 97 0
 67 94 85 0
 73 104 93 0
 73 105 91 0
 56 84 71 0
 65 96 81 0
 72 108 90 0
 61 88 75 0
 60 92 80 0
 73 107 92 0
 69 107 93 0
 100 129 116 0
 149 157 147 1
 163 173 164 1
 93 129 113 0
 96 129 116 0
 95 124 115 0
 94 121 112 0
 104 129 117 0
 108 132 120 0
 101 129 116 0
 96 126 114 0
 78 101 97 0
 92 127 121 0
 83 109 105 0
 92 118 115 0
 92 121 117 0
 85 110 106 0
 77 104 98 0
 96 132 124 0
 79 115 106 0
 83 123 105 0
 67 107 86 0
 75 114 95 0
 77 112 96 0
 84 120 104 0
 87 124 107 0
 80 113 97 0
 86 112 99 0
 89 121 106 0
 86 121 107 0
 69 104 91 0
 72 109 93 0
 59 95 79 0
 67 103 87 0
 70 98 89 0
 71 99 91 0
 54 75 70 0
 81 91 88 0
 148 142 139 1
 88 111 103 0
 71 97 90 0
 63 91 81 0
 75 103 96 0
 61 82 77 0
 80 112 105 0
 82 109 102 0
 70 98 86 0
 75 110 96 0
 67 105 92 0
 58 92 89 0
 75 105 95 0
 70 99 87 0
 67 99 85 0
 64 94 79 0
 67 101 85 0
 68 101 85 0
 77 114 100 0
 60 91 79 0
 68 101 87 0
 67 103 88 0
 88 121 109 0
 137 146 136 1
 111 138 124 0
 94 126 112 0
 99 130 117 0
 97 124 115 0
 97 123 113 0
 104 128 116 0
 103 129 116 0
 93 125 111 0
 96 128 114 0
50 150 100 0
 95 128 123 0
 92 125 119 0
 90 114 110 0
 86 114 111 0
 79 101 97 0
 75 98 93 0
 94 130 123 0
 71 108 100 0
 86 127 114 0
 80 123 102 0
 72 112 90 0
 78 112 96 0
 77 109 92 0
 83 121 103 0
 85 121 105 0
 81 106 94 0
 89 121 106 0
 88 124 109 0
 70 104 90 0
 63 99 84 0
 63 99 83 0
 69 102 88 0
 67 93 86 0
 67 95 88 0
 61 84 77 0
 84 109 104 0
 138 138 134 1
 86 111 102 0
 67 92 83 0
 72 100 90 0
 76 105 97 0
 70 99 91 0
 79 110 102 0
 67 90 83 0
 72 102 91 0
 66 101 87 0
 55 89 81 0
 66 99 93 0
 75 106 93 0
 70 97 84 0
 58 87 74 0
 70 100 84 0
 75 110 94 0
 68 98 83 0
 71 105 92 0
 59 90 78 0
 58 93 78 0
 76 112 100 0
 102 128 116 0
 190 196 186 1
 127 144 131 0
 95 125 111 0
 101 130 119 0
 99 126 116 0
 102 128 116 0
 103 128 116 0
 102 132 119 0
 83 115 101 0
 96 131 115 0
50 150 100 0
 87 116 113 0
 86 122 116 0
 81 106 102 0
 83 109 107 0
 51 67 65 0
 79 103 99 0
 95 130 123 0
 73 112 104 0
 87 130 116 0
 77 119 98 0
 72 109 87 0
 79 114 97 0
 65 90 75 0
 75 111 94 0
 85 121 105 0
 77 102 90 0
 91 121 107 0
 90 125 110 0
 64 96 82 0
 67 102 87 0
 57 90 75 0
 65 94 82 0
 64 87 82 0
 78 109 101 0
 83 112 106 0
 106 121 116 0
 143 144 139 1
 85 105 99 0
 63 87 78 0
 59 85 77 0
 73 102 95 0
 65 90 81 0
 79 110 102 0
 67 93 86 0
 72 102 93 0
 60 92 81 0
 58 91 83 0
 62 98 89 0
 67 101 86 0
 77 103 88 0
 60 90 76 0
 86 120 101 0
 73 109 92 0
 68 99 84 0
 64 97 83 0
 66 100 86 0
 59 93 78 0
 74 108 95 0
 126 139 127 0
 158 166 156 1
 97 119 105 0
 105 137 123 0
 102 126 116 0
 106 131 118 0
 103 127 115 0
 106 132 120 0
 94 126 113 0
 84 117 102 0
 97 131 116 0
50 150 100 0
 24 33 32 0
 86 121 118 0
 54 77 74 0
 91 115 113 0
 68 91 89 0
 85 114 110 0
 91 126 119 0
 75 114 105 0
 85 126 114 0
 70 111 92 0
 76 112 89 0
 68 101 82 0
 77 111 93 0
 74 103 87 0
 85 120 105 0
 51 79 68 0
 90 122 108 0
 88 124 109 0
 80 115 99 0
 61 94 80 0
 52 82 68 0
 60 88 75 0
 75 104 95 0
 79 110 102 0
 86 115 108 0
 123 132 125 0
 140 142 136 1
 80 97 91 0
 61 82 75 0
 63 88 81 0
 67 93 85 0
 70 95 86 0
 82 114 107 0
 74 100 94 0
 71 100 91 0
 55 85 77 0
 57 90 82 0
 68 104 90 0
 68 95 80 0
 79 112 96 0
 66 97 80 0
 90 122 105 0
 68 104 88 0
 67 100 86 0
 52 82 69 0
 67 102 88 0
 64 99 84 0
 72 105 91 0
 100 121 108 0
 146 156 146 1
 105 127 112 0
 106 134 121 0
 105 127 116 0
 103 128 114 0
 103 128 115 0
 104 133 119 0
 88 123 108 0
 91 127 111 0
50 150 100 0
50 150 100 0
50 150 100 0
 86 120 117 0
 74 102 98 0
 94 118 115 0
 82 106 106 0
 87 118 114 0
 86 122 115 0
 82 122 112 0
 81 120 109 0
 77 118 102 0
 74 111 90 0
 79 113 93 0
 74 108 90 0
 85 115 97 0
 88 121 107 0
 76 105 92 0
 91 124 109 0
 87 124 109 0
 80 117 101 0
 66 100 85 0
 56 85 72 0
 62 91 78 0
 71 100 90 0
 62 82 78 0
 88 118 110 0
 133 139 133 0
 162 157 150 1
 74 90 84 0
 60 82 75 0
 72 99 91 0
 69 91 85 0
 65 88 81 0
 77 107 103 0
 64 89 83 0
 53 77 72 0
 67 99 90 0
 61 94 86 0
 52 86 77 0
 57 83 70 0
 82 116 98 0
 68 100 83 0
 80 112 96 0
 69 106 90 0
 69 103 89 0
 63 97 83 0
 65 98 83 0
 67 101 87 0
 74 107 92 0
 100 120 108 0
 123 139 125 0
 111 140 125 0
 104 126 116 0
 107 130 117 0
 100 124 111 0
 107 134 121 0
 96 128 113 0
 86 123 106 0
 89 127 110 0
50 150 100 0
50 150 100 0
50 150 100 0
 80 110 107 0
 88 127 122 0
 85 112 108 0
 82 104 105 0
 94 129 125 0
 82 119 111 0
 84 126 114 0
 71 109 97 0
 80 121 105 0
 80 121 100 0
 78 114 93 0
 80 115 96 0
 86 118 99 0
 87 118 103 0
 82 114 101 0
 94 130 115 0
 85 123 107 0
 69 105 88 0
 72 108 93 0
 58 88 75 0
 69 98 85 0
 57 77 71 0
 73 102 96 0
 86 118 110 0
 122 131 123 0
 98 107 99 0
 64 82 75 0
 66 90 83 0
 79 110 101 0
 69 90 83 0
 65 86 81 0
 67 92 90 0
 55 77 72 0
 63 90 83 0
 68 102 92 0
 52 84 77 0
 72 109 97 0
 52 76 64 0
 81 115 97 0
 77 110 92 0
 81 113 97 0
 72 109 94 0
 67 102 89 0
 70 107 92 0
 62 95 81 0
 63 96 83 0
 84 113 99 0
 139 152 140 1
 115 142 127 0
 103 130 118 0
 105 127 116 0
 102 125 111 0
 100 126 112 0
 107 135 121 0
 93 128 112 0
 84 122 105 0
 27 43 35 0
50 150 100 0
50 150 100 0
50 150 100 0
50 150 100 0
 91 127 124 0
 78 107 102 0
 78 100 100 0
 94 128 125 0
 80 118 110 0
 85 124 114 0
 65 105 92 0
 75 114 101 0
 82 125 105 0
 76 114 92 0
 80 115 96 0
 82 112 95 0
 82 110 95 0
 89 123 109 0
 96 132 117 0
 87 124 109 0
 68 104 88 0
 66 102 87 0
 57 88 74 0
 71 105 91 0
 58 83 74 0
 74 104 98 0
 85 115 108 0
 167 160 151 1
 94 105 96 0
 65 83 78 0
 73 106 98 0
 74 106 95 0
 72 95 87 0
 69 91 87 0
 68 91 89 0
 63 84 80 0
 64 90 83 0
 69 102 93 0
 61 91 84 0
 62 97 88 0
 61 86 73 0
 80 115 98 0
 78 111 92 0
 76 107 93 0
 73 109 96 0
 67 108 93 0
 90 124 109 0
 59 88 75 0
 73 108 93 0
 103 126 112 0
 157 168 156 1
 114 139 124 0
 105 128 115 0
 100 122 110 0
 99 123 109 0
 101 128 114 0
 102 133 118 0
 89 127 109 0
 83 122 104 0
50 150 100 0
50 150 100 0
50 150 100 0
50 150 100 0
50 150 100 0
 90 125 124 0
 61 89 86 0
 91 117 113 0
 77 100 99 0
 86 126 118 0
 79 118 107 0
 60 100 87 0
 80 120 107 0
 80 123 105 0
 76 116 94 0
 81 118 98 0
 79 106 90 0
 69 93 80 0
 95 129 115 0
 93 128 113 0
 82 119 103 0
 57 88 72 0
 56 90 76 0
 52 82 69 0
 67 99 86 0
 63 87 78 0
 74 105 97 0
 81 109 102 0
 139 141 133 1
 215 194 188 1
 84 98 90 0
 70 99 91 0
 71 101 91 0
 67 91 83 0
 77 103 95 0
 69 91 88 0
 63 85 81 0
 66 95 87 0
 62 92 84 0
 61 91 84 0
 83 116 102 0
 62 89 75 0
 77 113 96 0
 77 107 90 0
 78 113 103 0
 71 108 97 0
 70 107 93 0
 56 91 76 0
 61 89 75 0
 71 105 91 0
 93 121 107 0
 144 157 144 1
 113 138 124 0
 103 125 114 0
 104 127 114 0
 100 125 112 0
 101 130 115 0
 87 123 106 0
 85 126 106 0
 0 0 0 0
50 150 100 0
50 150 100 0
50 150 100 0
50 150 100 0
50 150 100 0
50 150 100 0
 85 122 120 0
 74 104 99 0
 74 95 93 0
 86 126 118 0
 70 110 99 0
 55 90 79 0
 79 124 111 0
 72 113 97 0
 79 118 98 0
 83 120 100 0
 80 110 93 0
 85 111 97 0
 94 127 113 0
 83 115 102 0
 84 122 106 0
 62 94 79 0
 46 72 59 0
 51 81 68 0
 68 103 89 0
 63 89 80 0
 70 102 93 0
 86 116 105 0
 171 158 149 1
 100 109 99 0
 77 95 86 0
 70 96 86 0
 68 96 86 0
 68 91 82 0
 78 110 96 0
 71 95 91 0
 70 93 87 0
 70 97 90 0
 58 83 77 0
 54 86 78 0
 83 119 104 0
 65 96 81 0
 75 110 93 0
 79 109 94 0
 76 109 99 0
 65 101 92 0
 62 99 84 0
 73 109 92 0
 71 105 90 0
 69 102 88 0
 105 129 116 0
 128 143 131 1
 113 139 126 0
 105 129 117 0
 105 130 116 0
 99 125 112 0
 102 132 116 0
 83 120 100 0
 86 125 105 0
50 150 100 0
50 150 100 0
50 150 100 0
50 150 100 0
50 150 100 0
50 150 100 0
50 150 100 0
 70 92 90 0
 81 114 110 0
 70 91 88 0
 85 115 111 0
 71 114 103 0
 68 107 96 0
 80 127 113 0
 69 108 93 0
 84 120 102 0
 89 122 104 0
 84 117 98 0
 91 120 104 0
 93 124 112 0
 74 101 91 0
 88 125 110 0
 43 68 55 0
 62 95 80 0
 47 73 62 0
 72 112 98 0
 70 103 90 0
 61 91 83 0
 78 112 100 0
 106 120 109 0
 141 137 126 1
 75 93 83 0
 61 84 73 0
 59 84 75 0
 71 96 86 0
 74 109 92 0
 64 85 79 0
 67 90 84 0
 65 89 83 0
 56 79 74 0
 74 107 98 0
 89 121 109 0
 66 97 83 0
 74 107 91 0
 80 113 98 0
 70 104 96 0
 69 108 93 0
 45 76 62 0
 68 108 90 0
 75 114 97 0
 72 106 92 0
 107 129 116 0
 151 164 155 1
 109 135 123 0
 105 130 117 0
 103 128 114 0
 99 125 111 0
 93 125 107 0
 82 122 101 0
 12 23 15 0
50 150 100 0
50 150 100 0
50 150 100 0
50 150 100 0
50 150 100 0
50 150 100 0
50 150 100 0
50 150 100 0
 79 112 107 0
 74 100 95 0
 87 118 111 0
 64 107 94 0
 72 115 102 0
 84 127 113 0
 69 105 91 0
 66 94 80 0
 84 114 98 0
 88 122 103 0
 91 122 104 0
 90 122 110 0
 82 107 98 0
 91 124 111 0
 79 110 96 0
 61 91 77 0
 52 78 66 0
 71 110 96 0
 68 98 87 0
 59 82 76 0
 62 92 84 0
 86 106 95 0
 84 97 82 0
 64 81 73 0
 55 74 65 0
 70 94 85 0
 81 107 96 0
 65 100 85 0
 67 88 83 0
 57 80 71 0
 62 85 79 0
 57 80 75 0
 72 101 92 0
 79 107 93 0
 66 97 83 0
 76 111 94 0
 61 89 78 0
 68 100 93 0
 73 114 100 0
 61 97 80 0
 64 106 88 0
 72 110 94 0
 92 122 107 0
 109 130 116 0
 169 178 169 1
 104 129 117 0
 102 127 114 0
 98 123 108 0
 96 123 107 0
 88 124 104 0
 78 119 98 0
50 150 100 0
50 150 100 0
50 150 100 0
50 150 100 0
50 150 100 0
50 150 100 0
50 150 100 0
50 150 100 0
50 150 100 0
 86 119 108 0
 86 118 112 0
 86 116 106 0
 81 112 102 0
 73 115 101 0
 88 131 115 0
 80 109 95 0
 69 92 78 0
 78 104 91 0
 91 126 109 0
 88 119 101 0
 89 119 105 0
 71 97 87 0
 90 121 109 0
 83 110 96 0
 69 101 85 0
 61 88 73 0
 69 106 92 0
 55 83 73 0
 63 83 78 0
 66 91 82 0
 108 112 100 0
 132 130 120 1
 63 78 68 0
 78 103 91 0
 72 97 87 0
 62 88 76 0
 62 94 79 0
 63 84 76 0
 60 82 74 0
 73 101 91 0
 67 92 84 0
 77 105 95 0
 63 89 77 0
 68 100 87 0
 66 101 86 0
 63 91 81 0
 74 106 101 0
 65 105 90 0
 62 99 81 0
 64 105 88 0
 71 106 91 0
 100 125 111 0
 135 147 137 0
 104 128 117 0
 101 128 115 0
 100 125 110 0
 96 121 105 0
 92 120 104 0
 82 122 102 0
 66 101 85 0
50 150 100 0
50 150 100 0
50 150 100 0
50 150 100 0
50 150 100 0
50 150 100 0
50 150 100 0
50 150 100 0
50 150 100 0
50 150 100 0
 82 112 100 0
 77 103 89 0
 77 101 89 0
 81 114 103 0
 87 127 113 0
 84 124 109 0
 88 116 101 0
 74 95 83 0
 87 119 105 0
 88 122 104 0
 89 116 101 0
 82 106 95 0
 86 118 104 0
 89 117 102 0
 72 105 89 0
 63 97 79 0
 68 100 84 0
 55 79 69 0
 65 86 80 0
 67 96 86 0
 102 105 94 0
 90 93 82 0
 69 83 75 0
 49 70 58 0
 56 77 68 0
 63 87 77 0
 67 102 87 0
 64 85 76 0
 60 81 72 0
 60 83 75 0
 73 98 89 0
 72 98 89 0
 65 92 80 0
 67 101 86 0
 65 97 83 0
 68 97 85 0
 68 103 96 0
 65 103 87 0
 64 102 85 0
 65 105 90 0
 70 106 91 0
 79 107 93 0
 158 169 159 1
 103 124 113 0
 100 124 110 0
 84 106 90 0
 96 121 105 0
 96 127 109 0
 80 120 100 0
50 150 100 0
50 150 100 0
50 150 100 0
50 150 100 0
50 150 100 0
50 150 100 0
50 150 100 0
50 150 100 0
50 150 100 0
50 150 100 0
50 150 100 0
 95 124 112 0
 46 63 52 0
 76 99 84 0
 84 108 97 0
 93 130 116 0
 87 130 114 0
 90 127 110 0
 77 102 87 0
 88 109 100 0
 87 122 105 0
 90 116 101 0
 73 97 86 0
 82 111 98 0
 67 90 77 0
 59 94 75 0
 69 107 86 0
 66 97 80 0
 52 77 67 0
 76 100 94 0
 63 90 80 0
 64 80 70 0
 144 132 123 1
 64 76 67 0
 58 75 67 0
 76 100 90 0
 84 110 100 0
 71 106 92 0
 54 72 64 0
 66 89 78 0
 65 87 78 0
 73 101 92 0
 59 82 74 0
 76 108 97 0
 67 100 85 0
 64 94 81 0
 74 106 95 0
 73 111 100 0
 60 91 77 0
 60 94 80 0
 66 104 91 0
 77 110 96 0
 104 132 118 0
 169 173 164 1
 114 131 120 0
 100 120 107 0
 94 117 102 0
 107 132 115 0
 93 124 108 0
 79 116 97 0
50 150 100 0
50 150 100 0
50 150 100 0
50 150 100 0
50 150 100 0
50 150 100 0
50 150 100 0
50 150 100 0
50 150 100 0
50 150 100 0
50 150 100 0
50 150 100 0
 70 90 79 0
 70 86 75 0
 90 115 102 0
 84 112 101 0
 92 130 115 0
 83 122 105 0
 78 102 83 0
 78 99 89 0
 93 125 110 0
 89 116 100 0
 73 97 85 0
 81 107 94 0
 77 104 89 0
 77 107 91 0
 63 99 80 0
 56 85 69 0
 58 84 73 0
 68 92 85 0
 60 83 74 0
 100 108 98 0
 142 132 121 1
 77 88 77 0
 69 85 77 0
 67 88 80 0
 74 103 91 0
 66 98 86 0
 59 77 68 0
 54 76 65 0
 74 99 91 0
 68 93 86 0
 66 88 81 0
 84 114 106 0
 70 105 89 0
 67 98 84 0
 75 108 98 0
 61 97 83 0
 62 89 76 0
 58 87 77 0
 68 106 93 0
 77 112 98 0
 87 125 109 0
 145 151 141 1
 168 183 172 1
 109 127 114 0
 100 121 107 0
 106 130 114 0
 92 124 108 0
 12 18 14 0
50 150 100 0
50 150 100 0
50 150 100 0
50 150 100 0
50 150 100 0
50 150 100 0
50 150 100 0
50 150 100 0
50 150 100 0
50 150 100 0
50 150 100 0
50 150 100 0
 83 110 96 0
 56 72 62 0
 90 115 102 0
 87 114 101 0
 92 130 114 0
 77 114 97 0
 82 111 92 0
 89 112 98 0
 88 117 103 0
 84 113 97 0
 80 105 91 0
 81 107 93 0
 75 100 83 0
 70 100 83 0
 74 109 92 0
 67 97 81 0
 59 86 73 0
 62 83 74 0
 58 81 71 0
 89 102 92 0
 111 107 93 0
 87 101 86 0
 59 74 66 0
 81 107 96 0
 70 94 83 0
 63 92 82 0
 62 80 71 0
 64 86 75 0
 66 89 81 0
 73 101 92 0
 66 86 79 0
 60 93 80 0
 66 100 85 0
 60 89 76 0
 59 92 82 0
 67 100 86 0
 61 86 76 0
 62 98 88 0
 70 108 94 0
 73 111 97 0
 108 129 115 0
 143 154 143 1
 112 126 114 0
 108 126 112 0
 107 128 113 0
 113 140 124 0
 92 117 104 0
50 150 100 0
50 150 100 0
50 150 100 0
50 150 100 0
50 150 100 0
50 150 100 0
50 150 100 0
50 150 100 0
50 150 100 0
50 150 100 0
50 150 100 0
50 150 100 0
50 150 100 0
50 150 100 0
 74 99 86 0
 80 101 88 0
 90 116 104 0
 77 110 93 0
 100 136 117 0
 82 113 93 0
 90 118 101 0
 87 118 103 0
 83 113 96 0
 80 104 89 0
 86 109 97 0
 72 95 80 0
 71 97 80 0
 59 88 72 0
 61 88 75 0
 61 89 75 0
 65 86 76 0
 55 76 66 0
 80 94 84 0
 157 148 139 1
 82 97 82 0
 59 72 62 0
 77 107 93 0
 64 85 75 0
 66 91 82 0
 64 83 73 0
 58 76 68 0
 70 93 86 0
 60 85 76 0
 76 98 91 0
 70 96 88 0
 73 109 93 0
 58 86 73 0
 53 84 75 0
 63 96 82 0
 61 86 76 0
 60 94 83 0
 62 97 85 0
 68 104 91 0
 102 126 111 0
 139 146 134 1
 114 126 112 0
 108 125 111 0
 116 140 125 0
 114 142 126 0
50 150 100 0
50 150 100 0
50 150 100 0
50 150 100 0
50 150 100 0
50 150 100 0
50 150 100 0
50 150 100 0
50 150 100 0
50 150 100 0
50 150 100 0
50 150 100 0
50 150 100 0
50 150 100 0
50 150 100 0
 78 102 88 0
 92 119 104 0
 85 111 96 0
 91 119 104 0
 105 132 113 0
 89 119 98 0
 88 116 98 0
 81 111 95 0
 76 109 89 0
 88 111 93 0
 82 100 86 0
 78 100 85 0
 57 75 61 0
 73 98 82 0
 70 99 85 0
 55 80 69 0
 72 92 82 0
 46 60 53 0
 63 78 69 0
 165 160 151 1
 85 107 92 0
 66 78 66 0
 70 97 84 0
 70 96 86 0
 59 78 69 0
 71 90 80 0
 71 90 83 0
 60 84 76 0
 69 93 82 0
 69 92 85 0
 75 108 95 0
 62 93 79 0
 64 95 84 0
 70 107 93 0
 67 101 86 0
 65 94 83 0
 61 94 83 0
 55 88 77 0
 62 98 86 0
 97 123 108 0
 111 120 108 0
 114 130 116 0
 105 123 109 0
 110 137 122 0
 109 136 120 0
50 150 100 0
50 150 100 0
50 150 100 0
50 150 100 0
50 150 100 0
50 150 100 0
50 150 100 0
50 150 100 0
50 150 100 0
50 150 100 0
50 150 100 0
50 150 100 0
50 150 100 0
50 150 100 0
50 150 100 0
50 150 100 0
 81 107 92 0
 94 125 107 0
 84 111 94 0
 93 121 102 0
 97 123 102 0
 92 121 101 0
 89 114 97 0
 75 106 84 0
 83 110 90 0
 85 101 85 0
 90 112 96 0
 77 97 80 0
 84 111 94 0
 74 104 89 0
 61 86 74 0
 62 78 71 0
 65 84 74 0
 84 97 88 0
 99 100 89 0
 89 111 98 0
 65 78 66 0
 50 71 59 0
 70 94 82 0
 60 78 70 0
 67 83 73 0
 70 89 81 0
 75 100 92 0
 66 90 80 0
 62 80 75 0
 65 94 83 0
 66 100 86 0
 68 103 90 0
 65 102 86 0
 68 99 84 0
 68 99 87 0
 54 83 73 0
 59 93 82 0
 88 119 103 0
 164 164 154 1
 115 124 112 0
 105 120 108 0
 105 125 114 0
 104 129 116 0
50 150 100 0
50 150 100 0
50 150 100 0
50 150 100 0
50 150 100 0
50 150 100 0
50 150 100 0
50 150 100 0
50 150 100 0
50 150 100 0
50 150 100 0
50 150 100 0
50 150 100 0
50 150 100 0
50 150 100 0
50 150 100 0
50 150 100 0
 89 114 98 0
 75 101 85 0
 98 120 105 0
 85 110 94 0
 95 118 100 0
 76 99 80 0
 94 119 102 0
 77 100 81 0
 91 113 92 0
 76 88 74 0
 91 110 95 0
 76 93 77 0
 82 108 92 0
 64 91 79 0
 61 87 74 0
 57 70 64 0
 70 88 77 0
 143 142 136 1
 98 105 94 0
 72 98 84 0
 62 72 62 0
 59 75 67 0
 66 90 79 0
 63 79 70 0
 68 82 74 0
 69 90 82 0
 59 79 71 0
 65 87 79 0
 72 91 84 0
 63 88 78 0
 57 89 78 0
 67 106 93 0
 62 99 83 0
 65 99 84 0
 58 85 73 0
 68 98 87 0
 61 94 84 0
 75 109 93 0
 181 179 172 1
 106 118 107 0
 110 129 117 0
 101 124 112 0
 99 125 111 0
50 150 100 0
50 150 100 0
50 150 100 0
50 150 100 0
50 150 100 0
50 150 100 0
50 150 100 0
50 150 100 0
50 150 100 0
50 150 100 0
50 150 100 0
50 150 100 0
50 150 100 0
50 150 100 0
50 150 100 0
50 150 100 0
50 150 100 0
 14 19 14 0
 88 110 93 0
 98 122 106 0
 96 117 102 0
 72 94 80 0
 101 130 110 0
 83 105 87 0
 95 120 104 0
 77 91 74 0
 84 97 82 0
 103 123 107 0
 75 92 77 0
 79 103 89 0
 63 87 75 0
 53 71 60 0
 77 97 85 0
 58 76 64 0
 67 78 69 0
 167 159 155 1
 67 89 76 0
 62 74 65 0
 73 94 83 0
 66 90 80 0
 92 115 107 0
 62 74 67 0
 63 80 74 0
 65 86 78 0
 69 90 82 0
 70 91 83 0
 69 96 85 0
 59 89 80 0
 65 104 90 0
 51 84 69 0
 64 98 83 0
 65 94 81 0
 73 109 95 0
 66 101 86 0
 78 106 92 0
 137 143 133 1
 114 127 118 0
 108 129 117 0
 105 126 114 0
50 150 100 0
50 150 100 0
50 150 100 0
50 150 100 0
50 150 100 0
50 150 100 0
50 150 100 0
50 150 100 0
50 150 100 0
50 150 100 0
50 150 100 0
50 150 100 0
50 150 100 0
50 150 100 0
50 150 100 0
50 150 100 0
50 150 100 0
50 150 100 0
50 150 100 0
 99 121 102 0
 108 129 114 0
 95 117 101 0
 77 98 82 0
 98 124 104 0
 62 79 64 0
 95 120 106 0
 78 91 77 0
 96 112 96 0
 68 87 72 0
 78 97 81 0
 79 96 82 0
 61 85 73 0
 49 66 56 0
 66 84 72 0
 66 80 69 0
 108 108 103 0
 108 119 108 0
 62 81 69 0
 59 72 62 0
 69 93 81 0
 61 81 74 0
 68 79 74 0
 69 80 77 0
 75 91 85 0
 60 76 70 0
 77 99 91 0
 72 95 87 0
 63 89 80 0
 60 90 82 0
 55 90 76 0
 61 97 81 0
 48 79 65 0
 71 104 89 0
 72 107 93 0
 72 109 93 0
 98 116 104 0
 145 152 141 1
 104 123 113 0
 155 171 163 0
 102 125 111 0
50 150 100 0
50 150 100 0
50 150 100 0
50 150 100 0
50 150 100 0
50 150 100 0
50 150 100 0
50 150 100 0
50 150 100 0
50 150 100 0
50 150 100 0
50 150 100 0
50 150 100 0
50 150 100 0
50 150 100 0
50 150 100 0
50 150 100 0
50 150 100 0
50 150 100 0
 97 121 100 0
 90 107 89 0
 101 122 107 0
 84 105 88 0
 90 109 92 0
 84 104 87 0
 79 100 88 0
 62 75 62 0
 78 93 79 0
 86 109 94 0
 66 86 71 0
 57 75 66 0
 69 92 85 0
 44 56 49 0
 57 75 64 0
 61 70 61 0
 109 108 100 0
 112 117 107 0
 57 73 62 0
 65 83 73 0
 48 68 59 0
 56 77 70 0
 79 99 91 0
 80 90 83 0
 80 95 87 0
 61 76 70 0
 58 80 74 0
 74 104 94 0
 65 91 81 0
 51 77 69 0
 62 98 85 0
 51 81 68 0
 66 100 87 0
 68 100 85 0
 69 106 91 0
 75 105 91 0
 121 135 122 0
 175 172 164 1
 101 121 110 0
 97 120 107 0
50 150 100 0
50 150 100 0
50 150 100 0
50 150 100 0
50 150 100 0
50 150 100 0
50 150 100 0
50 150 100 0
50 150 100 0
50 150 100 0
50 150 100 0
50 150 100 0
50 150 100 0
50 150 100 0
50 150 100 0
50 150 100 0
50 150 100 0
50 150 100 0
50 150 100 0
50 150 100 0
50 150 100 0
 82 103 81 0
 80 91 74 0
 79 98 83 0
 76 95 80 0
 95 126 106 0
 87 111 93 0
 78 96 82 0
 91 109 92 0
 93 118 100 0
 68 88 73 0
 73 88 76 0
 56 70 65 0
 51 63 56 0
 70 86 77 0
 66 77 68 0
 90 88 82 0
 191 173 169 1
 56 68 58 0
 69 89 77 0
 52 68 61 0
 59 79 71 0
 79 104 92 0
 82 97 86 0
 65 77 69 0
 60 75 70 0
 71 94 89 0
 68 99 89 0
 58 83 74 0
 51 76 70 0
 58 91 81 0
 52 77 68 0
 55 85 75 0
 66 99 84 0
 66 103 88 0
 80 115 100 0
 100 118 105 0
 119 132 122 0
 151 162 155 0
 91 109 99 0
50 150 100 0
50 150 100 0
50 150 100 0
50 150 100 0
50 150 100 0
50 150 100 0
50 150 100 0
50 150 100 0
50 150 100 0
50 150 100 0
50 150 100 0
50 150 100 0
50 150 100 0
50 150 100 0
50 150 100 0
50 150 100 0
50 150 100 0
50 150 100 0
50 150 100 0
50 150 100 0
50 150 100 0
 94 113 91 0
 97 112 94 0
 84 105 88 0
 82 103 87 0
 97 126 107 0
 83 106 86 0
 87 106 89 0
 87 109 92 0
 87 116 98 0
 67 90 73 0
 80 98 87 0
 62 71 68 0
 51 60 54 0
 61 72 65 0
 83 101 90 0
 152 142 138 1
 107 113 100 0
 77 88 74 0
 62 82 70 0
 55 70 64 0
 52 69 62 0
 74 98 85 0
 69 82 72 0
 56 65 60 0
 63 80 74 0
 66 95 88 0
 69 98 89 0
 60 84 75 0
 55 80 75 0
 64 95 84 0
 68 101 91 0
 70 105 92 0
 71 107 93 0
 62 96 83 0
 76 103 90 0
 155 157 150 1
 122 127 120 0
 112 129 118 0
50 150 100 0
50 150 100 0
50 150 100 0
50 150 100 0
50 150 100 0
50 150 100 0
50 150 100 0
50 150 100 0
50 150 100 0
50 150 100 0
50 150 100 0
50 150 100 0
50 150 100 0
50 150 100 0
50 150 100 0
50 150 100 0
50 150 100 0
50 150 100 0
50 150 100 0
50 150 100 0
50 150 100 0
50 150 100 0
50 150 100 0
 92 109 88 0
 96 118 100 0
 84 107 88 0
 95 120 102 0
 76 97 78 0
 98 123 104 0
 91 112 94 0
 66 90 73 0
 62 84 68 0
 68 87 74 0
 70 88 80 0
 69 77 71 0
 61 68 63 0
 76 88 83 0
 80 79 77 0
 127 125 119 1
 78 89 75 0
 55 73 62 0
 71 89 80 0
 60 79 70 0
 67 93 80 0
 59 73 62 0
 58 66 60 0
 70 86 81 0
 69 95 88 0
 65 92 83 0
 64 90 83 0
 63 96 85 0
 56 84 74 0
 65 98 85 0
 65 100 86 0
 64 99 85 0
 69 99 86 0
 95 112 101 0
 135 142 135 0
 169 169 164 1
 107 121 111 0
50 150 100 0
50 150 100 0
50 150 100 0
50 150 100 0
50 150 100 0
50 150 100 0
50 150 100 0
50 150 100 0
50 150 100 0
50 150 100 0
50 150 100 0
50 150 100 0
50 150 100 0
50 150 100 0
50 150 100 0
50 150 100 0
50 150 100 0
50 150 100 0
50 150 100 0
50 150 100 0
50 150 100 0
50 150 100 0
50 150 100 0
 80 99 79 0
 94 116 96 0
 84 112 92 0
 70 88 72 0
 93 117 99 0
 71 96 80 0
 86 111 93 0
 84 114 97 0
 57 77 64 0
 70 93 79 0
 66 89 77 0
 62 67 63 0
 72 78 73 0
 78 82 79 0
 94 90 90 0
 83 93 79 0
 61 72 59 0
 64 82 71 0
 49 68 58 0
 50 64 57 0
 51 72 59 0
 55 68 59 0
 69 78 73 0
 74 94 87 0
 59 82 73 0
 74 104 95 0
 66 93 87 0
 58 90 80 0
 59 87 76 0
 63 97 83 0
 56 87 76 0
 64 96 85 0
 66 94 83 0
 85 107 96 0
 193 185 183 1
 114 125 114 0
50 150 100 0
50 150 100 0
50 150 100 0
50 150 100 0
50 150 100 0
50 150 100 0
50 150 100 0
50 150 100 0
50 150 100 0
50 150 100 0
50 150 100 0
50 150 100 0
50 150 100 0
50 150 100 0
50 150 100 0
50 150 100 0
50 150 100 0
50 150 100 0
50 150 100 0
50 150 100 0
50 150 100 0
50 150 100 0
50 150 100 0
50 150 100 0
50 150 100 0
 93 111 91 0
 62 78 63 0
 89 104 90 0
 93 114 100 0
 91 116 98 0
 103 128 110 0
 69 94 75 0
 59 87 70 0
 67 92 78 0
 59 80 69 0
 65 71 65 0
 79 79 78 0
 100 99 99 0
 134 123 122 1
 72 80 69 0
 77 96 81 0
 60 77 66 0
 58 77 66 0
 54 66 59 0
 56 78 68 0
 71 86 78 0
 58 65 60 0
 67 89 80 0
 54 70 63 0
 69 96 88 0
 58 86 80 0
 47 68 60 0
 65 97 84 0
 62 95 82 0
 59 87 78 0
 70 103 91 0
 71 96 87 0
 79 101 90 0
 136 136 129 1
 104 112 100 0
50 150 100 0
50 150 100 0
50 150 100 0
50 150 100 0
50 150 100 0
50 150 100 0
50 150 100 0
50 150 100 0
50 150 100 0
50 150 100 0
50 150 100 0
50 150 100 0
50 150 100 0
50 150 100 0
50 150 100 0
50 150 100 0
50 150 100 0
50 150 100 0
50 150 100 0
50 150 100 0
50 150 100 0
50 150 100 0
50 150 100 0
50 150 100 0
50 150 100 0
 59 68 53 0
 87 100 80 0
 129 148 134 0
 73 91 79 0
 89 116 98 0
 86 108 88 0
 61 77 61 0
 74 104 87 0
 63 85 72 0
 64 81 72 0
 73 74 70 0
 149 101 138 0
 109 84 111 0
 127 114 116 1
 88 86 81 0
 72 97 82 0
 54 65 55 0
 46 58 52 0
 62 77 70 0
 44 58 51 0
 61 72 66 0
 63 70 66 0
 64 86 75 0
 67 85 76 0
 47 72 66 0
 63 90 84 0
 61 86 77 0
 60 91 79 0
 56 84 74 0
 60 89 79 0
 64 89 80 0
 70 89 80 0
 96 106 95 0
 143 138 129 1
50 150 100 0
50 150 100 0
50 150 100 0
50 150 100 0
50 150 100 0
50 150 100 0
50 150 100 0
50 150 100 0
50 150 100 0
50 150 100 0
50 150 100 0
50 150 100 0
50 150 100 0
50 150 100 0
50 150 100 0
50 150 100 0
50 150 100 0
50 150 100 0
50 150 100 0
50 150 100 0
50 150 100 0
50 150 100 0
50 150 100 0
50 150 100 0
50 150 100 0
50 150 100 0
50 150 100 0
 105 118 100 0
 75 85 76 0
 92 115 100 0
 91 120 100 0
 84 107 85 0
 68 85 72 0
 85 119 104 0
 49 65 56 0
 92 115 104 0
 71 72 70 0
 251 189 247 0
 235 167 234 0
 150 117 124 0
 65 67 62 0
 62 81 68 0
 81 101 88 0
 58 70 64 0
 63 80 71 0
 48 62 56 0
 103 117 111 0
 59 67 62 0
 60 81 71 0
 61 79 68 0
 62 87 79 0
 55 80 74 0
 65 94 84 0
 59 89 77 0
 52 75 67 0
 59 80 71 0
 70 87 80 0
 79 90 79 0
 112 116 104 0
 172 159 150 1
50 150 100 0
50 150 100 0
50 150 100 0
50 150 100 0
50 150 100 0
50 150 100 0
50 150 100 0
50 150 100 0
50 150 100 0
50 150 100 0
50 150 100 0
50 150 100 0
50 150 100 0
50 150 100 0
50 150 100 0
50 150 100 0
50 150 100 0
50 150 100 0
50 150 100 0
50 150 100 0
50 150 100 0
50 150 100 0
50 150 100 0
50 150 100 0
50 150 100 0
50 150 100 0
50 150 100 0
 81 87 72 0
 101 119 106 0
 71 87 75 0
 85 105 90 0
 75 91 71 0
 59 69 58 0
 59 89 75 0
 42 55 47 0
 76 101 89 0
 210 139 195 0
 251 202 251 0
 250 196 249 0
 230 150 198 0
 97 99 93 0
 65 81 70 0
 52 62 52 0
 56 65 58 0
 56 73 64 0
 54 68 63 0
 55 67 61 0
 54 66 60 0
 53 74 65 0
 62 84 73 0
 75 104 94 0
 62 83 78 0
 67 95 83 0
 74 95 90 0
 55 74 67 0
 60 80 72 0
 67 83 76 0
 82 90 81 0
 124 119 109 0
50 150 100 0
50 150 100 0
50 150 100 0
50 150 100 0
50 150 100 0
50 150 100 0
50 150 100 0
50 150 100 0
50 150 100 0
50 150 100 0
50 150 100 0
50 150 100 0
50 150 100 0
50 150 100 0
50 150 100 0
50 150 100 0
50 150 100 0
50 150 100 0
50 150 100 0
50 150 100 0
50 150 100 0
50 150 100 0
50 150 100 0
50 150 100 0
50 150 100 0
50 150 100 0
50 150 100 0
50 150 100 0
50 150 100 0
 102 119 105 0
 63 82 65 0
 75 91 76 0
 68 78 61 0
 80 90 79 0
 57 78 67 0
 68 99 87 0
 65 85 75 0
 238 171 235 0
 250 203 250 0
 250 204 250 0
 240 142 205 0
 70 75 69 0
 55 72 61 0
 63 75 64 0
 51 60 54 0
 65 80 75 0
 49 61 56 0
 40 50 44 0
 54 66 60 0
 61 87 75 0
 51 74 62 0
 56 75 70 0
 70 93 85 0
 61 84 73 0
 56 76 69 0
 52 68 60 0
 63 80 73 0
 60 73 67 0
 80 89 79 0
 115 114 105 0
50 150 100 0
50 150 100 0
50 150 100 0
50 150 100 0
50 150 100 0
50 150 100 0
50 150 100 0
50 150 100 0
50 150 100 0
50 150 100 0
50 150 100 0
50 150 100 0
50 150 100 0
50 150 100 0
50 150 100 0
50 150 100 0
50 150 100 0
50 150 100 0
50 150 100 0
50 150 100 0
50 150 100 0
50 150 100 0
50 150 100 0
50 150 100 0
50 150 100 0
50 150 100 0
50 150 100 0
50 150 100 0
50 150 100 0
 96 117 101 0
 76 102 83 0
 76 92 74 0
 83 97 79 0
 83 94 80 0
 64 83 71 0
 51 74 64 0
 73 69 80 0
 238 172 233 0
 249 199 249 0
 250 207 251 0
 250 195 249 0
 116 82 94 0
 69 84 75 0
 56 68 59 0
 59 71 61 0
 59 73 66 0
 45 55 49 0
 53 68 61 0
 63 89 78 0
 46 68 56 0
 54 77 65 0
 67 87 79 0
 55 75 67 0
 60 79 68 0
 61 78 69 0
 60 77 68 0
 59 73 66 0
 70 83 75 0
 84 90 81 0
50 150 100 0
50 150 100 0
50 150 100 0
50 150 100 0
50 150 100 0
50 150 100 0
50 150 100 0
50 150 100 0
50 150 100 0
50 150 100 0
50 150 100 0
50 150 100 0
50 150 100 0
50 150 100 0
50 150 100 0
50 150 100 0
50 150 100 0
50 150 100 0
50 150 100 0
50 150 100 0
50 150 100 0
50 150 100 0
50 150 100 0
50 150 100 0
50 150 100 0
50 150 100 0
50 150 100 0
50 150 100 0
50 150 100 0
50 150 100 0
50 150 100 0
 86 107 89 0
 68 80 65 0
 90 107 91 0
 66 80 66 0
 74 95 81 0
 66 93 79 0
 61 75 64 0
 239 228 241 0
 248 197 248 0
 248 199 248 0
 231 129 192 0
 83 79 79 0
 57 63 58 0
 61 76 67 0
 52 60 52 0
 53 66 57 0
 52 65 57 0
 57 72 66 0
 63 86 76 0
 52 72 59 0
 55 78 64 0
 59 79 68 0
 54 71 63 0
 61 78 68 0
 60 75 67 0
 61 76 68 0
 65 79 73 0
 59 73 66 0
 90 105 96 0
50 150 100 0
50 150 100 0
50 150 100 0
50 150 100 0
50 150 100 0
50 150 100 0
50 150 100 0
50 150 100 0
50 150 100 0
50 150 100 0
50 150 100 0
50 150 100 0
50 150 100 0
50 150 100 0
50 150 100 0
50 150 100 0
50 150 100 0
50 150 100 0
50 150 100 0
50 150 100 0
50 150 100 0
50 150 100 0
50 150 100 0
50 150 100 0
50 150 100 0
50 150 100 0
50 150 100 0
50 150 100 0
50 150 100 0
50 150 100 0
50 150 100 0
 91 109 90 0
 84 96 79 0
 76 86 75 0
 82 99 86 0
 55 70 62 0
 59 84 72 0
 71 79 73 0
 70 65 82 0
 247 198 248 0
 247 187 247 0
 245 137 215 0
 76 73 72 0
 73 83 74 0
 49 59 52 0
 61 71 64 0
 43 53 44 0
 57 68 59 0
 61 75 67 0
 57 80 69 0
 53 72 60 0
 54 74 62 0
 54 69 60 0
 59 75 67 0
 55 68 61 0
 62 75 68 0
 59 70 64 0
 71 87 80 0
 72 94 85 0
 19 26 22 0
50 150 100 0
50 150 100 0
50 150 100 0
50 150 100 0
50 150 100 0
50 150 100 0
50 150 100 0
50 150 100 0
50 150 100 0
50 150 100 0
50 150 100 0
50 150 100 0
50 150 100 0
50 150 100 0
50 150 100 0
50 150 100 0
50 150 100 0
50 150 100 0
50 150 100 0
50 150 100 0
50 150 100 0
50 150 100 0
50 150 100 0
50 150 100 0
50 150 100 0
50 150 100 0
50 150 100 0
50 150 100 0
50 150 100 0
50 150 100 0
50 150 100 0
 50 150 100 0
 61 72 57 0
 90 102 90 0
 70 82 73 0
 62 74 70 0
 49 68 61 0
 70 88 78 0
 98 96 112 0
 249 245 251 0
 247 170 246 0
 229 114 191 0
 110 73 96 0
 64 76 67 0
 50 60 51 0
 49 56 50 0
 46 53 47 0
 64 83 72 0
 54 66 57 0
 45 62 52 0
 54 71 60 0
 48 63 56 0
 53 66 59 0
 48 61 56 0
 57 70 62 0
 57 69 62 0
 67 83 77 0
 65 86 78 0
 70 93 85 0
50 150 100 0
50 150 100 0
50 150 100 0
50 150 100 0
50 150 100 0
50 150 100 0
50 150 100 0
50 150 100 0
50 150 100 0
50 150 100 0
50 150 100 0
50 150 100 0
50 150 100 0
50 150 100 0
50 150 100 0
50 150 100 0
50 150 100 0
50 150 100 0
50 150 100 0
50 150 100 0
50 150 100 0
50 150 100 0
50 150 100 0
50 150 100 0
50 150 100 0
50 150 100 0
50 150 100 0
50 150 100 0
50 150 100 0
50 150 100 0
50 150 100 0
50 150 100 0
50 150 100 0
 89 106 89 0
 69 79 70 0
 81 94 84 0
 61 73 64 0
 47 57 54 0
 58 77 72 0
 63 69 68 0
 250 242 251 0
 246 146 240 0
 232 107 197 0
 166 93 138 0
 60 69 64 0
 59 70 60 0
 51 60 50 0
 55 65 58 0
 50 63 52 0
 49 60 51 0
 52 65 56 0
 46 59 52 0
 55 69 61 0
 49 60 56 0
 61 74 69 0
 64 80 71 0
 59 78 68 0
 61 83 75 0
 66 89 82 0
50 150 100 0
50 150 100 0
50 150 100 0
50 150 100 0
50 150 100 0
50 150 100 0
50 150 100 0
50 150 100 0
50 150 100 0
50 150 100 0
50 150 100 0
50 150 100 0
50 150 100 0
50 150 100 0
50 150 100 0
50 150 100 0
50 150 100 0
50 150 100 0
50 150 100 0
50 150 100 0
50 150 100 0
50 150 100 0
50 150 100 0
50 150 100 0
50 150 100 0
50 150 100 0
50 150 100 0
50 150 100 0
50 150 100 0
50 150 100 0
50 150 100 0
50 150 100 0
50 150 100 0
50 150 100 0
 81 93 77 0
 66 74 62 0
 78 90 81 0
 64 80 72 0
 53 67 64 0
 49 59 56 0
 69 79 77 0
 248 244 249 0
 247 171 247 0
 237 114 214 0
 225 103 188 0
 45 52 47 0
 53 63 54 0
 43 50 40 0
 43 53 43 0
 53 62 52 0
 50 57 50 0
 60 71 60 0
 52 63 56 0
 44 55 49 0
 59 71 66 0
 93 111 114 0
 58 77 69 0
 61 88 75 0
 54 73 67 0
 62 82 76 0
50 150 100 0
50 150 100 0
50 150 100 0
50 150 100 0
50 150 100 0
50 150 100 0
50 150 100 0
50 150 100 0
50 150 100 0
50 150 100 0
50 150 100 0
50 150 100 0
50 150 100 0
50 150 100 0
50 150 100 0
50 150 100 0
50 150 100 0
50 150 100 0
50 150 100 0
50 150 100 0
50 150 100 0
50 150 100 0
50 150 100 0
50 150 100 0
50 150 100 0
50 150 100 0
50 150 100 0
50 150 100 0
50 150 100 0
50 150 100 0
50 150 100 0
50 150 100 0
50 150 100 0
50 150 100 0
50 150 100 0
 81 91 77 0
 71 86 76 0
 50 65 58 0
 66 84 79 0
 57 66 63 0
 91 89 102 0
 112 119 122 0
 249 199 250 0
 238 116 218 0
 229 101 193 0
 61 62 61 0
 47 52 46 0
 49 56 44 0
 43 50 40 0
 50 58 48 0
 55 62 55 0
 64 69 62 0
 62 72 65 0
 45 55 49 0
 58 73 70 0
 67 89 87 0
 49 66 60 0
 59 78 70 0
 62 82 75 0
 0 0 0 0
50 150 100 0
50 150 100 0
50 150 100 0
50 150 100 0
50 150 100 0
50 150 100 0
50 150 100 0
50 150 100 0
50 150 100 0
50 150 100 0
50 150 100 0
50 150 100 0
50 150 100 0
50 150 100 0
50 150 100 0
50 150 100 0
50 150 100 0
50 150 100 0
50 150 100 0
50 150 100 0
50 150 100 0
50 150 100 0
50 150 100 0
50 150 100 0
50 150 100 0
50 150 100 0
50 150 100 0
50 150 100 0
50 150 100 0
50 150 100 0
50 150 100 0
50 150 100 0
50 150 100 0
50 150 100 0
50 150 100 0
 89 104 91 0
 57 67 60 0
 48 60 54 0
 64 84 77 0
 62 74 70 0
 69 83 81 0
 154 144 154 1
 252 248 252 0
 244 130 233 0
 221 103 184 0
 45 38 38 0
 44 48 40 0
 42 48 35 0
 50 56 45 0
 45 53 44 0
 49 54 49 0
 68 74 69 0
 62 82 72 0
 54 71 61 0
 52 64 61 0
 49 67 63 0
 73 97 90 0
 63 81 73 0
 60 78 71 0
50 150 100 0
50 150 100 0
50 150 100 0
50 150 100 0
50 150 100 0
50 150 100 0
50 150 100 0
50 150 100 0
50 150 100 0
50 150 100 0
50 150 100 0
50 150 100 0
50 150 100 0
50 150 100 0
50 150 100 0
50 150 100 0
50 150 100 0
50 150 100 0
50 150 100 0
50 150 100 0
50 150 100 0
50 150 100 0
50 150 100 0
50 150 100 0
50 150 100 0
50 150 100 0
50 150 100 0
50 150 100 0
50 150 100 0
50 150 100 0
50 150 100 0
50 150 100 0
50 150 100 0
50 150 100 0
50 150 100 0
50 150 100 0
50 150 100 0
 73 94 85 0
 50 69 61 0
 58 75 66 0
 54 68 61 0
 74 87 83 0
 137 128 136 1
 250 244 251 0
 244 123 227 0
 230 101 194 0
 106 31 70 0
 40 43 34 0
 51 59 45 0
 45 50 40 0
 41 48 41 0
 61 66 61 0
 54 65 61 0
 57 85 76 0
 47 63 58 0
 67 96 96 0
 47 67 63 0
 52 76 68 0
 55 74 67 0
 72 98 94 0
50 150 100 0
50 150 100 0
50 150 100 0
50 150 100 0
50 150 100 0
50 150 100 0
50 150 100 0
50 150 100 0
50 150 100 0
50 150 100 0
50 150 100 0
50 150 100 0
50 150 100 0
50 150 100 0
50 150 100 0
50 150 100 0
50 150 100 0
50 150 100 0
50 150 100 0
50 150 100 0
50 150 100 0
50 150 100 0
50 150 100 0
50 150 100 0
50 150 100 0
50 150 100 0
50 150 100 0
50 150 100 0
50 150 100 0
50 150 100 0
50 150 100 0
50 150 100 0
50 150 100 0
50 150 100 0
50 150 100 0
50 150 100 0
50 150 100 0
 48 56 49 0
 33 50 41 0
 45 56 51 0
 70 87 80 0
 63 68 65 0
 116 105 121 0
 251 248 252 0
 249 171 249 0
 226 102 186 0
 145 78 102 0
 38 40 32 0
 48 54 42 0
 44 51 39 0
 49 59 49 0
 56 65 61 0
 63 76 71 0
 48 70 67 0
 51 66 63 0
 46 64 62 0
 65 91 87 0
 52 75 67 0
 46 66 63 0
50 150 100 0
50 150 100 0
50 150 100 0
50 150 100 0
50 150 100 0
50 150 100 0
50 150 100 0
50 150 100 0
50 150 100 0
50 150 100 0
50 150 100 0
50 150 100 0
50 150 100 0
50 150 100 0
50 150 100 0
50 150 100 0
50 150 100 0
50 150 100 0
50 150 100 0
50 150 100 0
50 150 100 0
50 150 100 0
50 150 100 0
50 150 100 0
50 150 100 0
50 150 100 0
50 150 100 0
50 150 100 0
50 150 100 0
50 150 100 0
50 150 100 0
50 150 100 0
50 150 100 0
50 150 100 0
50 150 100 0
50 150 100 0
50 150 100 0
50 150 100 0
50 150 100 0
 55 80 66 0
 51 72 61 0
 60 75 70 0
 95 83 82 0
 150 126 127 1
 250 206 250 0
 246 162 245 0
 239 100 195 0
 83 30 51 0
 39 33 30 0
 46 51 40 0
 44 51 42 0
 55 71 63 0
 58 74 70 0
 58 76 72 0
 69 87 86 0
 57 66 67 0
 38 47 48 0
 52 71 67 0
 56 78 75 0
 73 99 95 0
50 150 100 0
50 150 100 0
50 150 100 0
50 150 100 0
50 150 100 0
50 150 100 0
50 150 100 0
50 150 100 0
50 150 100 0
50 150 100 0
50 150 100 0
50 150 100 0
50 150 100 0
50 150 100 0
50 150 100 0
50 150 100 0
50 150 100 0
50 150 100 0
50 150 100 0
50 150 100 0
50 150 100 0
50 150 100 0
50 150 100 0
50 150 100 0
50 150 100 0
50 150 100 0
50 150 100 0
50 150 100 0
50 150 100 0
50 150 100 0
50 150 100 0
50 150 100 0
50 150 100 0
50 150 100 0
50 150 100 0
50 150 100 0
50 150 100 0
50 150 100 0
50 150 100 0
 46 58 51 0
 59 82 73 0
 48 61 54 0
 72 75 72 0
 124 114 113 1
 111 69 121 0
 252 245 252 0
 247 114 218 0
 206 90 160 0
 49 49 42 0
 45 49 44 0
 68 83 82 0
 46 62 56 0
 52 67 65 0
 55 73 70 0
 46 57 57 0
 60 80 77 0
 52 67 63 0
 52 63 60 0
 60 80 77 0
50 150 100 0
50 150 100 0
50 150 100 0
50 150 100 0
50 150 100 0
50 150 100 0
50 150 100 0
50 150 100 0
50 150 100 0
50 150 100 0
50 150 100 0
50 150 100 0
50 150 100 0
50 150 100 0
50 150 100 0
50 150 100 0
50 150 100 0
50 150 100 0
50 150 100 0
50 150 100 0
50 150 100 0
50 150 100 0
50 150 100 0
50 150 100 0
50 150 100 0
50 150 100 0
50 150 100 0
50 150 100 0
50 150 100 0
50 150 100 0
50 150 100 0
50 150 100 0
50 150 100 0
50 150 100 0
50 150 100 0
50 150 100 0
50 150 100 0
50 150 100 0
50 150 100 0
50 150 100 0
50 150 100 0
 60 82 77 0
 41 50 46 0
 85 91 84 0
 69 70 74 0
 70 58 84 0
 253 238 253 0
 229 73 182 0
 83 31 66 0
 47 39 37 0
 45 50 46 0
 46 60 59 0
 43 54 51 0
 46 54 56 0
 53 72 68 0
 41 53 51 0
 51 65 64 0
 69 86 85 0
 61 80 76 0
 57 74 71 0
50 150 100 0
50 150 100 0
50 150 100 0
50 150 100 0
50 150 100 0
50 150 100 0
50 150 100 0
50 150 100 0
50 150 100 0
50 150 100 0
50 150 100 0
50 150 100 0
50 150 100 0
50 150 100 0
50 150 100 0
50 150 100 0
50 150 100 0
50 150 100 0
50 150 100 0
50 150 100 0
50 150 100 0
50 150 100 0
50 150 100 0
50 150 100 0
50 150 100 0
50 150 100 0
50 150 100 0
50 150 100 0
50 150 100 0
50 150 100 0
50 150 100 0
50 150 100 0
50 150 100 0
50 150 100 0
50 150 100 0
50 150 100 0
50 150 100 0
50 150 100 0
50 150 100 0
50 150 100 0
50 150 100 0
 62 71 70 0
 66 81 74 0
 129 120 110 1
 56 61 59 0
 71 81 84 0
 234 164 238 0
 230 121 221 0
 52 57 52 0
 59 63 56 0
 57 69 65 0
 38 45 43 0
 51 61 59 0
 63 83 79 0
 36 53 50 0
 56 75 72 0
 52 62 60 0
 70 91 85 0
 57 71 68 0
50 150 100 0
50 150 100 0
50 150 100 0
50 150 100 0
50 150 100 0
50 150 100 0
50 150 100 0
50 150 100 0
50 150 100 0
50 150 100 0
50 150 100 0
50 150 100 0
50 150 100 0
50 150 100 0
50 150 100 0
50 150 100 0
50 150 100 0
50 150 100 0
50 150 100 0
50 150 100 0
50 150 100 0
50 150 100 0
50 150 100 0
50 150 100 0
50 150 100 0
50 150 100 0
50 150 100 0
50 150 100 0
50 150 100 0
50 150 100 0
50 150 100 0
50 150 100 0
50 150 100 0
50 150 100 0
50 150 100 0
50 150 100 0
50 150 100 0
50 150 100 0
50 150 100 0
50 150 100 0
50 150 100 0
50 150 100 0
50 150 100 0
 48 54 51 0
 110 106 95 1
 57 62 57 0
 51 58 58 0
 70 77 87 0
 49 51 53 0
 62 77 68 0
 40 47 40 0
 62 90 81 0
 42 50 45 0
 54 66 62 0
 50 62 59 0
 50 74 69 0
 36 51 47 0
 46 56 54 0
 55 73 70 0
 51 61 59 0
50 150 100 0
50 150 100 0
50 150 100 0
50 150 100 0
50 150 100 0
50 150 100 0
50 150 100 0
50 150 100 0
50 150 100 0
50 150 100 0
50 150 100 0
50 150 100 0
50 150 100 0
50 150 100 0
50 150 100 0
50 150 100 0
50 150 100 0
50 150 100 0
50 150 100 0
50 150 100 0
50 150 100 0
50 150 100 0
50 150 100 0
50 150 100 0
50 150 100 0
50 150 100 0
50 150 100 0
50 150 100 0
50 150 100 0
50 150 100 0
50 150 100 0
50 150 100 0
50 150 100 0
50 150 100 0
50 150 100 0
50 150 100 0
50 150 100 0
50 150 100 0
50 150 100 0
50 150 100 0
50 150 100 0
50 150 100 0
50 150 100 0
 73 75 66 0
 55 61 53 0
 45 52 49 0
 56 69 67 0
 56 66 65 0
 56 66 62 0
 50 56 52 0
 38 52 41 0
 47 59 52 0
 34 46 41 0
 49 61 56 0
 57 71 67 0
 55 76 71 0
 55 74 69 0
 49 63 60 0
 44 56 52 0
50 150 100 0
50 150 100 0
50 150 100 0
50 150 100 0
50 150 100 0
50 150 100 0
50 150 100 0
50 150 100 0
50 150 100 0
50 150 100 0
50 150 100 0
50 150 100 0
50 150 100 0
50 150 100 0
50 150 100 0
50 150 100 0
50 150 100 0
50 150 100 0
50 150 100 0
50 150 100 0
50 150 100 0
50 150 100 0
50 150 100 0
50 150 100 0
50 150 100 0
50 150 100 0
50 150 100 0
50 150 100 0
50 150 100 0
50 150 100 0
50 150 100 0
50 150 100 0
50 150 100 0
50 150 100 0
50 150 100 0
50 150 100 0
50 150 100 0
50 150 100 0
50 150 100 0
50 150 100 0
50 150 100 0
50 150 100 0
50 150 100 0
50 150 100 0
50 150 100 0
 105 89 78 1
 52 61 55 0
 72 86 84 0
 44 55 51 0
 40 51 46 0
 60 75 66 0
 35 46 37 0
 36 44 40 0
 49 67 61 0
 45 57 52 0
 46 61 57 0
 39 52 49 0
 48 63 61 0
 48 60 57 0
 57 73 66 0
50 150 100 0
50 150 100 0
50 150 100 0
50 150 100 0
50 150 100 0
50 150 100 0
50 150 100 0
50 150 100 0
50 150 100 0
50 150 100 0
50 150 100 0
50 150 100 0
50 150 100 0
50 150 100 0
50 150 100 0
50 150 100 0
50 150 100 0
50 150 100 0
50 150 100 0
50 150 100 0
50 150 100 0
50 150 100 0
50 150 100 0
50 150 100 0
50 150 100 0
50 150 100 0
50 150 100 0
50 150 100 0
50 150 100 0
50 150 100 0
50 150 100 0
50 150 100 0
50 150 100 0
50 150 100 0
50 150 100 0
50 150 100 0
50 150 100 0
50 150 100 0
50 150 100 0
50 150 100 0
50 150 100 0
50 150 100 0
50 150 100 0
50 150 100 0
50 150 100 0
50 150 100 0
50 150 100 0
50 150 100 0
50 150 100 0
50 150 100 0
50 150 100 0
50 150 100 0
50 150 100 0
50 150 100 0
50 150 100 0
50 150 100 0
50 150 100 0
50 150 100 0
50 150 100 0
50 150 100 0
50 150 100 0
50 150 100 0
50 150 100 0
50 150 100 0
50 150 100 0
50 150 100 0
50 150 100 0
50 150 100 0
50 150 100 0
50 150 100 0
50 150 100 0
50 150 100 0
50 150 100 0
50 150 100 0
50 150 100 0
50 150 100 0
50 150 100 0
50 150 100 0
50 150 100 0
50 150 100 0
50 150 100 0
50 150 100 0
50 150 100 0
50 150 100 0
50 150 100 0
50 150 100 0
50 150 100 0
50 150 100 0
50 150 100 0
50 150 100 0
50 150 100 0
50 150 100 0
50 150 100 0
50 150 100 0
50 150 100 0
50 150 100 0
50 150 100 0
50 150 100 0
50 150 100 0
50 150 100 0
50 150 100 0
50 150 100 0
50 150 100 0
50 150 100 0
50 150 100 0
50 150 100 0
50 150 100 0
50 150 100 0
50 150 100 0
50 150 100 0
50 150 100 0
50 150 100 0
50 150 100 0
50 150 100 0
50 150 100 0
50 150 100 0
50 150 100 0
50 150 100 0
50 150 100 0
50 150 100 0
50 150 100 0
50 150 100 0
50 150 100 0
50 150 100 0
50 150 100 0
50 150 100 0
50 150 100 0
50 150 100 0
50 150 100 0
50 150 100 0
50 150 100 0
50 150 100 0
50 150 100 0
50 150 100 0
50 150 100 0
50 150 100 0
50 150 100 0
50 150 100 0
50 150 100 0
50 150 100 0
50 150 100 0
50 150 100 0
50 150 100 0
50 150 100 0
50 150 100 0
50 150 100 0
50 150 100 0
50 150 100 0
50 150 100 0
50 150 100 0
50 150 100 0
50 150 100 0
50 150 100 0
50 150 100 0
50 150 100 0
50 150 100 0
50 150 100 0
50 150 100 0
50 150 100 0
50 150 100 0
50 150 100 0
50 150 100 0
50 150 100 0
50 150 100 0
50 150 100 0
50 150 100 0
50 150 100 0
50 150 100 0
50 150 100 0
50 150 100 0
50 150 100 0
50 150 100 0
50 150 100 0
50 150 100 0
50 150 100 0
50 150 100 0
50 150 100 0
50 150 100 0
50 150 100 0
50 150 100 0
50 150 100 0
50 150 100 0
50 150 100 0
50 150 100 0
50 150 100 0
50 150 100 0
50 150 100 0
50 150 100 0
50 150 100 0
50 150 100 0
50 150 100 0
50 150 100 0
50 150 100 0
50 150 100 0
50 150 100 0
50 150 100 0
50 150 100 0
50 150 100 0
50 150 100 0
50 150 100 0
50 150 100 0
50 150 100 0
50 150 100 0
50 150 100 0
50 150 100 0
50 150 100 0
50 150 100 0
50 150 100 0
50 150 100 0
50 150 100 0
50 150 100 0
50 150 100 0
50 150 100 0
50 150 100 0
50 150 100 0
50 150 100 0
50 150 100 0
50 150 100 0
50 150 100 0
50 150 100 0
50 150 100 0
50 150 100 0
50 150 100 0
50 150 100 0
50 150 100 0
50 150 100 0
50 150 100 0
50 150 100 0
50 150 100 0
50 150 100 0
50 150 100 0
50 150 100 0
50 150 100 0
50 150 100 0
50 150 100 0
50 150 100 0
50 150 100 0
50 150 100 0
50 150 100 0
50 150 100 0
50 150 100 0
50 150 100 0
50 150 100 0
50 150 100 0
50 150 100 0
50 150 100 0
50 150 100 0
50 150 100 0
50 150 100 0
50 150 100 0
50 150 100 0
50 150 100 0
50 150 100 0
50 150 100 0
50 150 100 0
50 150 100 0
50 150 100 0
50 150 100 0
50 150 100 0
50 150 100 0
50 150 100 0
50 150 100 0

