 99 129 88 0
 99 130 89 0
 101 128 88 0
 105 136 97 0
 94 130 89 0
 93 129 87 0
 99 133 95 0
 89 121 85 0
 92 124 88 0
 93 127 87 0
 99 135 98 0
 90 129 91 0
 89 122 87 0
 92 126 96 0
 90 125 96 0
 93 128 97 0
 87 124 93 0
 87 123 93 0
 90 122 91 0
 87 118 85 0
 79 109 78 0
 87 116 82 0
 84 114 83 0
 94 122 90 0
 80 115 82 0
 73 105 75 0
 61 93 63 0
 71 107 76 0
 70 106 75 0
 77 109 82 0
 88 121 97 0
 70 102 78 0
 77 111 86 0
 80 108 83 0
 83 113 88 0
 73 109 85 0
 69 106 81 0
 76 115 88 0
 75 117 89 0
 77 118 89 0
 79 115 86 0
 82 114 90 0
 86 115 92 0
 94 123 100 0
 96 124 101 0
 95 121 102 0
 106 131 113 0
 102 128 109 0
 107 137 118 0
 102 129 109 0
 102 129 108 0
 94 120 100 0
 101 127 110 0
 98 126 110 0
 103 128 113 0
 118 136 122 0
 115 135 120 0
 111 132 117 0
 121 140 124 0
 120 139 123 0
 96 124 84 0
 99 130 89 0
 99 127 87 0
 105 135 96 0
 94 129 89 0
 90 126 84 0
 108 141 103 0
 88 121 85 0
 89 120 85 0
 92 125 88 0
 98 134 97 0
 91 131 94 0
 83 119 82 0
 91 125 93 0
 92 129 100 0
 93 128 97 0
 92 129 97 0
 83 119 89 0
 83 116 85 0
 88 119 86 0
 81 111 79 0
 90 117 84 0
 90 121 89 0
 95 121 91 0
 80 113 80 0
 71 103 75 0
 73 106 76 0
 65 96 68 0
 70 104 76 0
 78 111 85 0
 82 117 91 0
 79 112 87 0
 76 107 82 0
 75 104 79 0
 82 114 90 0
 80 116 92 0
 70 108 83 0
 71 113 84 0
 69 113 82 0
 74 117 87 0
 78 116 87 0
 82 114 90 0
 85 114 91 0
 97 126 103 0
 87 116 94 0
 102 127 108 0
 104 130 110 0
 101 127 107 0
 106 135 115 0
 110 139 116 0
 98 122 101 0
 105 131 113 0
 104 131 115 0
 96 124 107 0
 108 130 115 0
 120 138 123 0
 112 132 117 0
 115 134 119 0
 120 139 124 0
 124 143 128 0
 93 120 81 0
 100 130 89 0
 97 126 86 0
 103 131 91 0
 97 130 92 0
 86 122 83 0
 95 129 89 0
 90 122 86 0
 89 120 85 0
 92 124 89 0
 97 131 94 0
 87 127 91 0
 79 116 80 0
 89 125 91 0
 92 133 102 0
 91 126 93 0
 92 128 96 0
 83 118 88 0
 81 114 84 0
 87 118 85 0
 81 113 80 0
 96 123 89 0
 93 124 91 0
 93 120 89 0
 75 107 75 0
 73 105 78 0
 65 95 66 0
 69 103 74 0
 66 99 73 0
 82 114 89 0
 80 115 90 0
 78 111 86 0
 75 106 80 0
 70 97 74 0
 78 109 87 0
 76 112 88 0
 72 110 85 0
 70 112 82 0
 66 108 79 0
 73 115 86 0
 77 114 85 0
 81 112 88 0
 86 117 93 0
 93 123 100 0
 89 119 99 0
 98 125 105 0
 100 126 106 0
 98 124 106 0
 110 137 116 0
 113 140 117 0
 106 130 109 0
 106 133 114 0
 111 139 123 0
 100 126 110 0
 115 134 117 0
 118 136 120 0
 112 132 116 0
 117 135 120 0
 122 139 125 0
 125 144 128 0
 98 126 86 0
 98 126 86 0
 97 127 86 0
 99 128 87 0
 98 129 92 0
 91 125 89 0
 88 122 83 0
 96 129 92 0
 91 123 87 0
 93 125 90 0
 94 127 89 0
 98 133 97 0
 78 115 80 0
 87 124 90 0
 89 131 99 0
 89 126 92 0
 92 126 95 0
 86 121 90 0
 85 118 88 0
 85 116 84 0
 84 114 82 0
 100 127 92 0
 94 126 93 0
 85 115 84 0
 68 98 66 0
 77 110 80 0
 65 93 68 0
 70 104 78 0
 70 107 78 0
 80 112 87 0
 85 119 94 0
 76 106 83 0
 73 104 79 0
 63 88 68 0
 78 109 89 0
 74 111 87 0
 68 106 81 0
 68 110 82 0
 60 101 75 0
 74 115 86 0
 75 108 82 0
 78 108 85 0
 86 118 94 0
 80 112 90 0
 88 119 102 0
 91 119 99 0
 103 127 106 0
 96 121 104 0
 112 138 117 0
 115 140 118 0
 111 133 113 0
 110 136 117 0
 119 147 128 0
 105 128 111 0
 116 134 117 0
 117 136 119 0
 115 134 117 0
 119 137 122 0
 118 136 122 0
 123 142 126 0
 100 128 88 0
 103 130 90 0
 97 126 85 0
 97 127 86 0
 99 128 89 0
 93 128 90 0
 88 123 84 0
 96 129 92 0
 94 127 90 0
 92 125 90 0
 95 130 93 0
 97 131 96 0
 80 117 82 0
 92 129 94 0
 88 129 98 0
 86 123 90 0
 91 127 94 0
 88 123 92 0
 89 121 91 0
 88 117 86 0
 83 111 80 0
 100 128 93 0
 96 129 96 0
 80 112 81 0
 77 109 77 0
 74 104 75 0
 63 85 63 0
 66 94 70 0
 77 116 89 0
 83 116 90 0
 90 123 98 0
 63 88 68 0
 71 103 78 0
 72 100 77 0
 79 113 92 0
 64 97 75 0
 74 112 87 0
 65 106 79 0
 69 111 84 0
 74 115 86 0
 81 118 90 0
 81 114 90 0
 84 117 93 0
 76 107 88 0
 85 118 102 0
 92 120 100 0
 101 126 104 0
 93 119 101 0
 108 135 114 0
 119 143 121 0
 111 133 115 0
 111 136 118 0
 118 145 126 0
 107 129 110 0
 117 136 118 0
 117 135 118 0
 115 133 117 0
 119 138 123 0
 111 130 115 0
 121 139 124 0
 97 127 86 0
 102 129 89 0
 108 135 95 0
 95 122 82 0
 102 130 90 0
 95 127 89 0
 89 125 87 0
 98 131 92 0
 96 129 92 0
 93 126 92 0
 96 132 97 0
 97 132 96 0
 90 124 89 0
 101 137 102 0
 90 130 98 0
 84 121 89 0
 92 127 93 0
 88 123 91 0
 94 127 96 0
 88 118 87 0
 82 111 79 0
 97 127 92 0
 97 130 97 0
 73 105 75 0
 75 107 77 0
 71 93 69 0
 53 72 53 0
 77 108 85 0
 79 116 92 0
 89 123 97 0
 95 123 100 0
 70 94 74 0
 72 103 79 0
 79 109 85 0
 77 111 90 0
 72 107 86 0
 68 105 81 0
 74 117 88 0
 70 111 84 0
 73 114 85 0
 64 90 69 0
 80 113 89 0
 71 103 79 0
 74 104 85 0
 90 122 106 0
 90 119 98 0
 89 117 96 0
 105 132 112 0
 102 130 108 0
 115 139 118 0
 113 135 117 0
 112 136 118 0
 112 136 117 0
 109 130 111 0
 116 134 117 0
 117 136 119 0
 114 132 117 0
 116 135 120 0
 111 131 116 0
 121 136 123 0
 92 121 82 0
 98 128 87 0
 106 134 94 0
 102 130 90 0
 102 130 90 0
 100 130 91 0
 89 124 86 0
 99 132 92 0
 98 130 93 0
 92 126 91 0
 97 132 97 0
 101 136 101 0
 93 126 92 0
 102 138 103 0
 90 129 97 0
 87 124 93 0
 89 123 89 0
 90 124 92 0
 94 128 97 0
 86 118 87 0
 81 111 79 0
 93 124 89 0
 96 128 96 0
 65 97 71 0
 74 106 76 0
 60 88 64 0
 70 90 69 0
 80 110 86 0
 81 118 95 0
 91 126 100 0
 94 118 94 0
 76 101 80 0
 76 107 83 0
 82 113 88 0
 77 111 90 0
 71 107 85 0
 53 87 67 0
 74 117 88 0
 67 108 81 0
 65 104 77 0
 78 111 87 0
 86 119 97 0
 72 103 79 0
 66 94 77 0
 85 117 98 0
 87 119 98 0
 96 125 104 0
 89 116 96 0
 100 126 106 0
 113 136 117 0
 110 132 114 0
 107 130 113 0
 111 133 115 0
 107 127 108 0
 110 129 112 0
 118 137 120 0
 118 137 121 0
 109 127 113 0
 117 134 120 0
 123 137 125 0
 67 83 61 0
 94 124 85 0
 104 132 92 0
 101 130 90 0
 100 129 88 0
 106 136 95 0
 94 126 89 0
 95 129 91 0
 99 131 93 0
 96 129 93 0
 96 132 97 0
 97 133 97 0
 92 126 91 0
 100 135 100 0
 93 131 98 0
 88 126 94 0
 86 120 86 0
 93 126 92 0
 90 122 91 0
 86 118 87 0
 90 119 89 0
 90 120 87 0
 86 119 86 0
 81 114 87 0
 72 105 75 0
 58 85 62 0
 73 94 72 0
 78 108 84 0
 84 119 96 0
 94 125 100 0
 81 104 81 0
 80 106 84 0
 77 109 84 0
 82 113 90 0
 68 104 82 0
 77 113 92 0
 77 120 93 0
 64 104 76 0
 69 109 83 0
 58 94 70 0
 77 111 87 0
 62 89 68 0
 74 104 81 0
 86 119 101 0
 67 99 79 0
 93 128 107 0
 79 108 86 0
 92 120 99 0
 104 130 110 0
 113 135 117 0
 111 133 115 0
 107 130 112 0
 110 131 112 0
 107 127 108 0
 111 131 113 0
 119 139 122 0
 115 134 119 0
 109 128 113 0
 119 136 122 0
 121 137 124 0
50 150 100 0
 97 124 86 0
 98 129 89 0
 98 127 87 0
 98 127 87 0
 103 134 93 0
 103 134 96 0
 95 129 92 0
 98 130 92 0
 102 134 97 0
 93 129 93 0
 91 127 93 0
 91 127 91 0
 97 131 96 0
 95 132 99 0
 85 124 92 0
 86 121 86 0
 91 123 90 0
 90 122 91 0
 87 119 88 0
 90 120 90 0
 88 118 87 0
 69 102 75 0
 79 115 88 0
 62 92 66 0
 76 104 79 0
 79 101 79 0
 79 109 86 0
 93 123 103 0
 104 126 104 0
 95 116 93 0
 77 104 82 0
 76 106 82 0
 78 111 86 0
 71 105 83 0
 68 103 79 0
 70 111 84 0
 69 109 81 0
 69 108 83 0
 65 98 77 0
 77 113 91 0
 68 97 75 0
 77 105 84 0
 84 115 98 0
 80 116 94 0
 83 118 96 0
 83 111 89 0
 92 121 98 0
 99 126 106 0
 113 135 117 0
 112 134 116 0
 108 131 113 0
 113 133 113 0
 110 129 111 0
 112 133 115 0
 116 136 119 0
 113 132 117 0
 115 133 119 0
 119 134 122 0
 120 137 125 0
50 150 100 0
 94 119 83 0
 98 128 89 0
 97 128 88 0
 98 126 86 0
 102 132 93 0
 102 132 94 0
 102 134 97 0
 100 133 95 0
 99 131 94 0
 94 128 94 0
 88 123 89 0
 90 127 92 0
 94 128 94 0
 94 130 96 0
 85 123 90 0
 83 118 84 0
 86 119 85 0
 92 124 92 0
 86 119 88 0
 89 120 89 0
 87 117 86 0
 78 108 80 0
 72 107 81 0
 69 105 76 0
 72 101 75 0
 78 101 79 0
 76 103 81 0
 102 127 108 0
 117 120 108 0
 106 120 99 0
 78 106 84 0
 71 102 79 0
 77 110 86 0
 70 104 80 0
 65 101 77 0
 67 107 80 0
 73 113 86 0
 55 84 68 0
 71 107 86 0
 73 108 86 0
 80 111 87 0
 84 114 92 0
 81 113 94 0
 79 113 92 0
 93 125 104 0
 77 106 83 0
 87 118 95 0
 98 123 104 0
 115 136 118 0
 113 135 117 0
 110 131 113 0
 116 135 115 0
 112 131 114 0
 111 134 115 0
 115 134 118 0
 114 133 118 0
 112 131 117 0
 119 135 124 0
 117 132 122 0
50 150 100 0
50 150 100 0
 95 123 85 0
 100 131 92 0
 100 128 88 0
 101 130 91 0
 96 128 89 0
 104 136 99 0
 96 130 92 0
 97 129 92 0
 90 122 88 0
 89 124 90 0
 93 128 94 0
 94 130 95 0
 89 123 90 0
 89 126 94 0
 82 115 81 0
 81 112 79 0
 88 120 88 0
 81 113 83 0
 90 123 92 0
 86 114 85 0
 77 106 80 0
 74 110 84 0
 69 104 75 0
 74 104 77 0
 75 100 77 0
 82 108 87 0
 148 154 140 1
 170 156 145 0
 106 123 101 0
 73 100 78 0
 0 0 0 0
 77 111 87 0
 71 106 82 0
 65 101 78 0
 55 90 66 0
 73 113 87 0
 62 93 74 0
 80 118 95 0
 73 107 85 0
 84 119 95 0
 82 114 92 0
 79 112 93 0
 78 113 90 0
 85 118 98 0
 81 111 88 0
 84 115 91 0
 99 125 105 0
 111 132 114 0
 113 136 118 0
 111 132 113 0
 117 135 117 0
 111 131 114 0
 107 130 112 0
 116 135 119 0
 108 128 114 0
 113 130 118 0
 120 136 125 0
50 150 100 0
50 150 100 0
50 150 100 0
 86 109 75 0
 102 134 95 0
 92 122 83 0
 103 132 92 0
 93 123 85 0
 104 135 98 0
 96 128 91 0
 94 127 91 0
 89 121 87 0
 85 118 85 0
 97 132 98 0
 93 129 95 0
 88 122 88 0
 90 126 92 0
 80 110 77 0
 84 116 84 0
 83 114 82 0
 93 126 96 0
 92 124 93 0
 79 107 81 0
 85 117 89 0
 69 104 77 0
 72 110 81 0
 67 97 72 0
 72 99 76 0
 80 106 85 0
 100 122 102 0
 229 210 203 1
 105 120 98 0
 71 96 75 0
 73 103 79 0
 73 106 81 0
 73 110 85 0
 67 103 79 0
 55 86 64 0
 76 115 91 0
 67 99 77 0
 78 117 94 0
 64 94 74 0
 81 116 94 0
 77 111 88 0
 82 119 96 0
 68 103 80 0
 74 104 84 0
 82 114 90 0
 88 116 95 0
 102 125 107 0
 111 135 117 0
 109 133 115 0
 116 134 116 0
 120 136 121 0
 109 129 113 0
 114 134 119 0
 114 134 119 0
 104 124 111 0
 110 128 116 0
 118 134 124 0
50 150 100 0
50 150 100 0
50 150 100 0
50 150 100 0
 101 129 91 0
 90 120 84 0
 104 133 94 0
 91 120 83 0
 103 134 97 0
 94 125 88 0
 86 119 82 0
 93 126 90 0
 92 125 92 0
 98 132 100 0
 92 129 95 0
 90 125 91 0
 90 125 91 0
 84 115 83 0
 87 119 86 0
 83 116 84 0
 95 131 100 0
 83 115 83 0
 86 115 86 0
 88 121 92 0
 68 105 79 0
 69 106 77 0
 59 87 64 0
 63 88 69 0
 79 106 87 0
 110 125 107 0
 192 168 158 1
 104 119 97 0
 74 99 77 0
 79 108 83 0
 75 103 78 0
 77 114 89 0
 70 108 83 0
 65 96 76 0
 75 113 91 0
 67 99 78 0
 72 111 89 0
 71 102 83 0
 74 109 88 0
 80 115 94 0
 84 120 98 0
 78 113 91 0
 76 106 84 0
 71 104 80 0
 89 117 97 0
 96 119 100 0
 109 134 116 0
 109 131 113 0
 119 135 119 0
 120 137 123 0
 110 130 115 0
 113 132 117 0
 118 138 123 0
 104 124 111 0
 111 127 117 0
50 150 100 0
50 150 100 0
50 150 100 0
50 150 100 0
50 150 100 0
 95 121 85 0
 99 130 92 0
 81 109 74 0
 100 129 93 0
 97 128 91 0
 86 117 80 0
 83 114 79 0
 95 130 94 0
 76 107 73 0
 94 129 95 0
 91 128 96 0
 87 123 89 0
 89 122 88 0
 90 119 87 0
 87 119 87 0
 65 99 69 0
 95 130 99 0
 90 125 93 0
 87 117 87 0
 87 121 92 0
 71 106 80 0
 67 101 74 0
 57 83 61 0
 78 109 86 0
 73 97 80 0
 103 123 105 0
 148 142 127 0
 93 112 91 0
 72 98 75 0
 76 105 80 0
 79 108 84 0
 77 116 90 0
 58 88 66 0
 72 103 83 0
 78 115 95 0
 74 109 87 0
 63 97 77 0
 78 110 91 0
 70 104 81 0
 83 119 98 0
 72 107 83 0
 80 114 94 0
 71 102 81 0
 85 116 96 0
 87 112 94 0
 101 124 105 0
 104 128 112 0
 112 132 115 0
 124 139 124 0
 119 137 123 0
 110 129 115 0
 120 140 126 0
 114 135 120 0
 107 126 112 0
 132 147 139 0
50 150 100 0
50 150 100 0
50 150 100 0
50 150 100 0
50 150 100 0
50 150 100 0
 99 128 89 0
 94 124 87 0
 99 129 91 0
 100 131 92 0
 95 123 87 0
 93 121 86 0
 92 126 91 0
 88 119 86 0
 94 126 95 0
 88 123 91 0
 88 124 90 0
 89 121 88 0
 86 117 85 0
 91 119 89 0
 83 118 87 0
 88 122 92 0
 86 119 89 0
 90 121 92 0
 83 115 88 0
 81 116 90 0
 73 106 81 0
 60 86 65 0
 73 103 81 0
 78 103 85 0
 124 130 116 0
 104 117 99 0
 85 107 87 0
 74 99 78 0
 75 105 79 0
 0 0 0 0
 79 115 90 0
 73 109 84 0
 71 101 83 0
 81 118 95 0
 67 101 80 0
 75 106 86 0
 80 113 93 0
 70 106 82 0
 84 122 99 0
 80 115 92 0
 70 100 80 0
 66 95 75 0
 84 114 94 0
 86 111 92 0
 100 123 107 0
 105 129 113 0
 116 133 118 0
 126 141 128 0
 114 132 119 0
 109 126 115 0
 121 141 129 0
 117 138 124 0
 105 122 113 0
 21 25 23 0
50 150 100 0
50 150 100 0
50 150 100 0
50 150 100 0
50 150 100 0
50 150 100 0
 96 123 86 0
 93 123 87 0
 99 128 91 0
 98 128 92 0
 97 127 90 0
 97 124 88 0
 98 127 93 0
 91 123 90 0
 97 127 96 0
 89 121 90 0
 89 123 89 0
 89 120 87 0
 95 123 93 0
 92 120 90 0
 86 122 91 0
 82 113 83 0
 85 118 88 0
 88 118 89 0
 82 115 87 0
 82 117 91 0
 74 105 84 0
 58 83 64 0
 70 100 78 0
 101 124 106 0
 196 173 163 1
 83 99 81 0
 84 109 89 0
 76 101 79 0
 78 108 82 0
 80 110 87 0
 63 101 76 0
 74 111 85 0
 66 96 73 0
 84 116 97 0
 67 100 78 0
 82 113 92 0
 73 106 84 0
 82 119 95 0
 80 118 95 0
 82 119 95 0
 79 112 92 0
 75 106 85 0
 82 111 92 0
 87 110 93 0
 102 126 112 0
 108 128 114 0
 120 135 121 0
 116 132 121 0
 105 122 113 0
 111 130 119 0
 115 137 125 0
 112 134 123 0
 103 120 114 0
50 150 100 0
50 150 100 0
50 150 100 0
50 150 100 0
50 150 100 0
50 150 100 0
50 150 100 0
 81 101 72 0
 94 122 85 0
 94 124 88 0
 103 131 95 0
 95 123 89 0
 100 126 91 0
 104 130 95 0
 90 120 87 0
 99 129 96 0
 89 120 89 0
 78 109 76 0
 98 130 96 0
 86 113 82 0
 93 120 90 0
 90 123 93 0
 88 121 91 0
 87 118 90 0
 85 117 86 0
 81 114 87 0
 82 115 91 0
 63 90 72 0
 74 108 83 0
 68 93 73 0
 118 133 116 0
 222 193 183 1
 94 111 93 0
 78 102 81 0
 70 94 73 0
 71 101 77 0
 83 112 90 0
 70 105 80 0
 70 104 79 0
 90 120 104 0
 72 106 84 0
 82 115 92 0
 70 100 79 0
 85 118 95 0
 81 120 96 0
 82 121 96 0
 78 116 93 0
 84 122 103 0
 74 105 85 0
 87 114 96 0
 94 116 100 0
 104 130 115 0
 105 124 110 0
 121 136 125 0
 113 130 122 0
 110 127 120 0
 109 131 121 0
 106 130 121 0
 107 127 120 0
50 150 100 0
50 150 100 0
50 150 100 0
50 150 100 0
50 150 100 0
50 150 100 0
50 150 100 0
50 150 100 0
50 150 100 0
 97 121 87 0
 92 119 83 0
 102 130 93 0
 98 125 91 0
 98 123 89 0
 104 128 94 0
 83 108 77 0
 91 118 87 0
 99 120 92 0
 88 120 87 0
 91 121 89 0
 79 105 75 0
 93 120 90 0
 89 118 88 0
 82 117 89 0
 90 120 93 0
 86 117 87 0
 80 114 87 0
 67 96 76 0
 51 73 61 0
 75 110 86 0
 67 93 72 0
 106 128 108 0
 188 165 153 1
 118 129 109 0
 77 104 81 0
 74 99 78 0
 74 103 82 0
 77 110 85 0
 66 98 73 0
 65 99 74 0
 84 119 99 0
 71 103 83 0
 76 110 85 0
 76 103 80 0
 85 116 93 0
 79 119 94 0
 84 125 98 0
 79 119 99 0
 69 102 83 0
 85 116 97 0
 96 121 103 0
 100 127 112 0
 96 121 107 0
 107 124 111 0
 125 141 132 0
 106 121 116 0
 110 130 123 0
 101 126 119 0
 103 127 120 0
 109 129 123 0
50 150 100 0
50 150 100 0
50 150 100 0
50 150 100 0
50 150 100 0
50 150 100 0
50 150 100 0
50 150 100 0
50 150 100 0
 90 111 80 0
 95 120 85 0
 99 126 89 0
 94 120 85 0
 99 123 89 0
 96 119 85 0
 101 126 92 0
 97 120 89 0
 82 105 75 0
 104 125 94 0
 94 125 92 0
 92 120 87 0
 88 113 84 0
 79 105 80 0
 94 127 100 0
 80 108 81 0
 92 123 94 0
 77 111 84 0
 58 84 64 0
 62 85 71 0
 68 104 79 0
 67 100 77 0
 89 116 90 0
 212 185 173 1
 83 110 87 0
 73 103 78 0
 73 98 77 0
 71 102 83 0
 72 103 79 0
 63 94 71 0
 75 108 84 0
 84 121 99 0
 59 88 69 0
 79 113 88 0
 79 107 84 0
 80 114 90 0
 80 119 94 0
 75 113 91 0
 77 115 97 0
 60 92 76 0
 81 114 97 0
 99 125 107 0
 93 122 109 0
 94 119 105 0
 117 135 124 0
 111 126 120 0
 104 120 115 0
 100 121 118 0
 103 130 122 0
 105 129 124 0
 0 0 0 0
50 150 100 0
50 150 100 0
50 150 100 0
50 150 100 0
50 150 100 0
50 150 100 0
50 150 100 0
50 150 100 0
50 150 100 0
50 150 100 0
 94 118 84 0
 97 122 87 0
 97 122 86 0
 104 127 92 0
 93 116 82 0
 97 123 88 0
 100 123 89 0
 99 123 92 0
 105 130 100 0
 88 120 87 0
 89 118 86 0
 99 124 94 0
 87 113 86 0
 98 129 102 0
 69 91 66 0
 91 121 92 0
 73 104 78 0
 57 84 64 0
 68 93 78 0
 68 103 80 0
 80 114 89 0
 89 111 86 0
 130 133 113 0
 61 87 65 0
 75 105 81 0
 69 93 73 0
 77 111 90 0
 66 95 72 0
 56 85 65 0
 85 118 95 0
 84 122 99 0
 70 100 77 0
 80 113 87 0
 76 104 81 0
 82 118 92 0
 85 121 99 0
 78 113 96 0
 73 110 93 0
 75 108 93 0
 92 124 105 0
 95 119 104 0
 87 119 105 0
 93 119 106 0
 109 130 120 0
 108 125 118 0
 103 122 119 0
 105 131 127 0
 96 124 119 0
 101 126 121 0
50 150 100 0
50 150 100 0
50 150 100 0
50 150 100 0
50 150 100 0
50 150 100 0
50 150 100 0
50 150 100 0
50 150 100 0
50 150 100 0
50 150 100 0
 86 110 78 0
 97 121 87 0
 99 125 89 0
 102 125 90 0
 94 118 83 0
 94 121 85 0
 93 117 83 0
 89 108 79 0
 100 122 93 0
 94 123 93 0
 94 126 93 0
 96 123 93 0
 90 116 87 0
 93 126 97 0
 82 108 82 0
 86 117 88 0
 78 107 81 0
 61 91 68 0
 67 93 75 0
 57 87 64 0
 83 116 90 0
 131 127 106 0
 86 110 85 0
 58 76 58 0
 75 106 82 0
 65 88 71 0
 79 116 93 0
 77 107 83 0
 76 102 83 0
 86 121 101 0
 76 114 91 0
 70 102 76 0
 80 113 88 0
 68 98 75 0
 84 121 97 0
 85 115 96 0
 79 116 99 0
 67 99 85 0
 82 117 100 0
 91 121 103 0
 87 119 106 0
 77 108 96 0
 98 125 115 0
 106 125 118 0
 113 131 126 0
 105 125 122 0
 104 131 126 0
 101 129 125 0
 0 0 0 0
50 150 100 0
50 150 100 0
50 150 100 0
50 150 100 0
50 150 100 0
50 150 100 0
50 150 100 0
50 150 100 0
50 150 100 0
50 150 100 0
50 150 100 0
50 150 100 0
 81 104 72 0
 98 124 90 0
 95 117 83 0
 95 116 83 0
 90 114 81 0
 87 111 77 0
 96 119 88 0
 90 112 83 0
 96 123 93 0
 93 124 91 0
 120 148 120 0
 86 114 84 0
 80 114 86 0
 87 117 88 0
 88 117 89 0
 69 99 71 0
 70 103 78 0
 67 95 75 0
 69 104 82 0
 79 112 87 0
 180 158 141 1
 94 110 85 0
 80 105 80 0
 64 91 68 0
 58 80 65 0
 67 103 80 0
 72 99 78 0
 82 115 96 0
 90 123 108 0
 63 91 69 0
 67 98 74 0
 88 118 94 0
 76 106 83 0
 93 125 104 0
 68 97 78 0
 74 111 93 0
 77 112 96 0
 95 128 112 0
 82 113 97 0
 86 121 109 0
 81 110 100 0
 99 124 117 0
 112 131 125 0
 117 139 134 0
 106 130 126 0
 102 132 128 0
 100 129 126 0
50 150 100 0
50 150 100 0
50 150 100 0
50 150 100 0
50 150 100 0
50 150 100 0
50 150 100 0
50 150 100 0
50 150 100 0
50 150 100 0
50 150 100 0
50 150 100 0
50 150 100 0
 68 85 61 0
 94 118 85 0
 93 118 83 0
 94 114 81 0
 79 101 70 0
 90 117 84 0
 99 125 92 0
 82 105 76 0
 100 127 98 0
 86 114 83 0
 89 119 87 0
 83 107 78 0
 83 113 86 0
 91 122 93 0
 81 108 81 0
 76 108 79 0
 67 100 74 0
 67 98 77 0
 65 99 76 0
 54 84 61 0
 181 170 154 1
 111 122 98 0
 80 109 80 0
 59 81 64 0
 78 111 93 0
 66 103 79 0
 68 96 74 0
 77 108 89 0
 80 113 100 0
 66 90 72 0
 74 105 83 0
 98 126 103 0
 88 115 94 0
 91 122 102 0
 78 112 94 0
 90 127 111 0
 67 97 84 0
 80 114 99 0
 87 119 104 0
 83 116 105 0
 92 119 113 0
 118 139 134 0
 121 141 136 0
 108 129 124 0
 101 127 123 0
 100 129 126 0
 91 118 115 0
50 150 100 0
50 150 100 0
50 150 100 0
50 150 100 0
50 150 100 0
50 150 100 0
50 150 100 0
50 150 100 0
50 150 100 0
50 150 100 0
50 150 100 0
50 150 100 0
50 150 100 0
50 150 100 0
 95 118 87 0
 93 119 85 0
 86 107 74 0
 89 110 78 0
 98 122 90 0
 101 132 99 0
 83 107 78 0
 97 127 98 0
 91 118 87 0
 99 127 96 0
 89 116 87 0
 81 108 83 0
 87 113 87 0
 66 91 68 0
 71 102 75 0
 59 93 68 0
 64 96 73 0
 66 103 80 0
 78 110 89 0
 149 152 136 1
 83 110 83 0
 51 72 51 0
 58 79 64 0
 71 104 88 0
 56 91 70 0
 61 88 68 0
 78 110 91 0
 80 112 97 0
 62 87 68 0
 79 112 90 0
 96 123 101 0
 88 116 96 0
 95 125 107 0
 76 110 94 0
 73 110 94 0
 87 118 105 0
 96 129 114 0
 74 106 93 0
 83 114 105 0
 105 131 125 0
 120 137 133 0
 118 139 135 0
 109 131 127 0
 97 123 120 0
 96 124 121 0
50 150 100 0
50 150 100 0
50 150 100 0
50 150 100 0
50 150 100 0
50 150 100 0
50 150 100 0
50 150 100 0
50 150 100 0
50 150 100 0
50 150 100 0
50 150 100 0
50 150 100 0
50 150 100 0
50 150 100 0
 86 106 78 0
 90 115 82 0
 86 109 76 0
 93 115 83 0
 92 118 87 0
 108 140 107 0
 90 115 84 0
 94 121 92 0
 87 116 86 0
 96 124 91 0
 95 123 93 0
 90 115 90 0
 60 82 58 0
 68 94 71 0
 64 92 68 0
 66 101 76 0
 68 102 79 0
 53 89 66 0
 52 76 56 0
 120 133 119 1
 69 100 74 0
 59 80 60 0
 67 91 81 0
 70 110 91 0
 51 81 62 0
 65 91 73 0
 82 116 96 0
 68 93 82 0
 71 100 82 0
 77 107 87 0
 86 113 93 0
 84 112 96 0
 88 119 105 0
 79 117 101 0
 83 118 105 0
 99 129 117 0
 93 125 110 0
 75 106 93 0
 89 119 112 0
 121 139 135 0
 133 145 142 0
 110 130 127 0
 102 126 122 0
 96 122 119 0
 93 119 116 0
50 150 100 0
50 150 100 0
50 150 100 0
50 150 100 0
50 150 100 0
50 150 100 0
50 150 100 0
50 150 100 0
50 150 100 0
50 150 100 0
50 150 100 0
50 150 100 0
50 150 100 0
50 150 100 0
50 150 100 0
50 150 100 0
 81 102 72 0
 88 111 79 0
 100 125 92 0
 95 120 87 0
 97 126 94 0
 87 117 85 0
 111 136 108 0
 90 119 90 0
 92 118 86 0
 80 107 77 0
 92 124 96 0
 70 90 65 0
 69 96 74 0
 72 99 76 0
 73 107 88 0
 53 86 63 0
 66 103 81 0
 68 88 70 0
 135 138 123 1
 67 88 69 0
 64 96 71 0
 73 101 86 0
 72 115 97 0
 48 75 58 0
 63 88 71 0
 79 111 93 0
 80 109 96 0
 75 103 83 0
 81 107 87 0
 81 107 94 0
 95 124 112 0
 85 117 103 0
 73 110 95 0
 92 125 115 0
 91 124 111 0
 88 116 104 0
 91 123 114 0
 114 135 130 0
 150 151 151 0
 121 132 131 0
 106 125 122 0
 97 124 120 0
 95 122 120 0
50 150 100 0
50 150 100 0
50 150 100 0
50 150 100 0
50 150 100 0
50 150 100 0
50 150 100 0
50 150 100 0
50 150 100 0
50 150 100 0
50 150 100 0
50 150 100 0
50 150 100 0
50 150 100 0
50 150 100 0
50 150 100 0
50 150 100 0
 75 94 66 0
 93 116 84 0
 98 121 89 0
 95 123 91 0
 94 122 91 0
 83 110 79 0
 88 117 90 0
 109 136 112 0
 88 111 83 0
 83 108 79 0
 84 116 87 0
 58 80 56 0
 65 93 69 0
 72 98 77 0
 72 106 87 0
 62 97 74 0
 66 105 82 0
 82 107 85 0
 160 156 140 1
 70 92 77 0
 56 85 66 0
 69 103 89 0
 60 97 81 0
 63 87 73 0
 74 110 91 0
 71 99 83 0
 74 102 86 0
 71 97 77 0
 81 103 91 0
 90 115 106 0
 86 118 106 0
 80 114 100 0
 76 110 98 0
 92 126 120 0
 89 120 110 0
 88 118 107 0
 90 122 114 0
 109 133 126 0
 163 161 159 1
 117 132 130 0
 88 112 108 0
 93 121 118 0
 86 109 107 0
50 150 100 0
50 150 100 0
50 150 100 0
50 150 100 0
50 150 100 0
50 150 100 0
50 150 100 0
50 150 100 0
50 150 100 0
50 150 100 0
50 150 100 0
50 150 100 0
50 150 100 0
50 150 100 0
50 150 100 0
50 150 100 0
50 150 100 0
50 150 100 0
 90 112 79 0
 95 119 85 0
 100 126 95 0
 93 120 88 0
 88 117 85 0
 92 119 91 0
 90 118 95 0
 100 126 101 0
 87 111 81 0
 82 118 89 0
 63 87 62 0
 68 102 78 0
 74 103 81 0
 64 100 80 0
 61 100 77 0
 50 85 65 0
 90 122 99 0
 103 104 87 0
 67 88 74 0
 49 75 61 0
 67 102 87 0
 46 72 57 0
 57 78 68 0
 65 97 81 0
 61 90 75 0
 72 97 78 0
 71 87 75 0
 84 109 100 0
 93 120 111 0
 85 117 103 0
 83 113 103 0
 69 98 89 0
 89 123 121 0
 82 113 107 0
 94 122 115 0
 91 122 117 0
 118 133 129 0
 187 181 184 1
 121 137 134 0
 95 120 116 0
 96 120 118 0
50 150 100 0
50 150 100 0
50 150 100 0
50 150 100 0
50 150 100 0
50 150 100 0
50 150 100 0
50 150 100 0
50 150 100 0
50 150 100 0
50 150 100 0
50 150 100 0
50 150 100 0
50 150 100 0
50 150 100 0
50 150 100 0
50 150 100 0
50 150 100 0
50 150 100 0
 87 108 78 0
 96 121 87 0
 99 125 92 0
 91 117 88 0
 84 110 81 0
 90 119 88 0
 93 120 97 0
 87 114 86 0
 84 111 81 0
 68 108 80 0
 53 77 55 0
 61 92 71 0
 72 106 86 0
 61 94 76 0
 49 85 64 0
 72 111 91 0
 121 123 105 1
 87 92 75 0
 81 108 97 0
 78 113 98 0
 56 93 80 0
 53 84 68 0
 65 91 78 0
 59 83 70 0
 61 90 75 0
 62 86 71 0
 80 102 84 0
 85 111 102 0
 79 108 98 0
 81 114 101 0
 87 116 111 0
 86 115 110 0
 83 119 115 0
 82 115 107 0
 88 120 113 0
 93 123 117 0
 130 136 135 0
 129 142 143 0
 101 123 120 0
 95 121 118 0
 97 120 118 0
50 150 100 0
50 150 100 0
50 150 100 0
50 150 100 0
50 150 100 0
50 150 100 0
50 150 100 0
50 150 100 0
50 150 100 0
50 150 100 0
50 150 100 0
50 150 100 0
50 150 100 0
50 150 100 0
50 150 100 0
50 150 100 0
50 150 100 0
50 150 100 0
50 150 100 0
 25 32 23 0
 96 120 87 0
 81 105 74 0
 98 124 95 0
 72 95 70 0
 85 115 85 0
 94 121 95 0
 92 119 93 0
 82 112 81 0
 67 103 73 0
 55 86 62 0
 64 91 72 0
 65 97 83 0
 49 82 66 0
 58 96 77 0
 86 114 100 0
 134 131 116 1
 97 97 81 0
 62 84 71 0
 75 114 100 0
 62 98 83 0
 56 82 69 0
 76 109 98 0
 53 73 61 0
 50 77 63 0
 69 91 77 0
 90 113 103 0
 78 107 97 0
 69 97 85 0
 77 111 101 0
 85 111 111 0
 83 115 111 0
 76 113 107 0
 83 117 110 0
 84 116 110 0
 102 129 125 0
 188 175 180 1
 110 124 125 0
 98 124 122 0
 99 123 120 0
50 150 100 0
50 150 100 0
50 150 100 0
50 150 100 0
50 150 100 0
50 150 100 0
50 150 100 0
50 150 100 0
50 150 100 0
50 150 100 0
50 150 100 0
50 150 100 0
50 150 100 0
50 150 100 0
50 150 100 0
50 150 100 0
50 150 100 0
50 150 100 0
50 150 100 0
50 150 100 0
50 150 100 0
 81 103 72 0
 97 124 91 0
 86 110 82 0
 83 106 81 0
 100 127 98 0
 82 108 79 0
 86 115 88 0
 70 105 75 0
 98 134 111 0
 73 110 86 0
 53 83 62 0
 60 89 74 0
 46 73 60 0
 58 97 79 0
 75 112 93 0
 178 167 156 0
 93 100 81 0
 70 89 74 0
 76 109 95 0
 61 94 79 0
 68 94 80 0
 55 85 76 0
 70 99 83 0
 47 68 57 0
 65 87 74 0
 88 114 103 0
 76 104 94 0
 88 118 112 0
 78 110 104 0
 82 108 107 0
 77 111 106 0
 71 106 99 0
 77 110 104 0
 84 115 112 0
 102 120 118 0
 209 192 199 1
 104 118 122 0
 97 122 120 0
 96 119 116 0
50 150 100 0
50 150 100 0
50 150 100 0
50 150 100 0
50 150 100 0
50 150 100 0
50 150 100 0
50 150 100 0
50 150 100 0
50 150 100 0
50 150 100 0
50 150 100 0
50 150 100 0
50 150 100 0
50 150 100 0
50 150 100 0
50 150 100 0
50 150 100 0
50 150 100 0
50 150 100 0
50 150 100 0
 78 98 69 0
 95 122 89 0
 96 121 91 0
 94 120 92 0
 88 118 86 0
 69 89 62 0
 75 105 81 0
 77 110 82 0
 57 93 66 0
 51 80 61 0
 62 104 80 0
 52 79 62 0
 63 95 80 0
 66 105 85 0
 70 110 86 0
 165 145 134 1
 76 90 71 0
 74 97 80 0
 58 91 78 0
 72 103 89 0
 62 88 76 0
 44 63 53 0
 67 97 80 0
 50 67 57 0
 72 94 82 0
 83 111 102 0
 67 93 88 0
 66 94 89 0
 86 115 109 0
 81 109 107 0
 88 124 120 0
 71 104 97 0
 72 103 99 0
 88 121 117 0
 120 123 125 0
 134 135 138 0
 101 124 124 0
 98 119 118 0
50 150 100 0
50 150 100 0
50 150 100 0
50 150 100 0
50 150 100 0
50 150 100 0
50 150 100 0
50 150 100 0
50 150 100 0
50 150 100 0
50 150 100 0
50 150 100 0
50 150 100 0
50 150 100 0
50 150 100 0
50 150 100 0
50 150 100 0
50 150 100 0
50 150 100 0
50 150 100 0
50 150 100 0
50 150 100 0
50 150 100 0
 86 106 78 0
 89 120 89 0
 80 102 75 0
 93 125 97 0
 80 107 75 0
 84 110 83 0
 70 105 79 0
 56 87 63 0
 61 91 70 0
 0 0 0 0
 64 103 81 0
 58 94 78 0
 50 74 61 0
 56 95 69 0
 121 123 107 0
 60 75 56 0
 73 97 75 0
 80 112 97 0
 60 89 74 0
 62 85 73 0
 49 74 64 0
 61 87 75 0
 44 62 52 0
 66 87 76 0
 75 97 92 0
 85 111 108 0
 79 107 104 0
 84 111 109 0
 77 106 104 0
 78 111 107 0
 67 98 91 0
 72 102 98 0
 89 114 112 0
 187 170 175 1
 128 132 133 0
 96 112 113 0
 103 124 123 0
50 150 100 0
50 150 100 0
50 150 100 0
50 150 100 0
50 150 100 0
50 150 100 0
50 150 100 0
50 150 100 0
50 150 100 0
50 150 100 0
50 150 100 0
50 150 100 0
50 150 100 0
50 150 100 0
50 150 100 0
50 150 100 0
50 150 100 0
50 150 100 0
50 150 100 0
50 150 100 0
50 150 100 0
50 150 100 0
50 150 100 0
 91 112 84 0
 91 123 93 0
 79 104 75 0
 91 123 95 0
 87 117 87 0
 75 100 74 0
 68 107 81 0
 56 83 63 0
 61 92 72 0
 60 99 73 0
 65 111 87 0
 49 88 70 0
 57 88 70 0
 52 80 58 0
 108 111 96 1
 82 108 85 0
 74 101 82 0
 71 107 89 0
 52 78 63 0
 71 101 85 0
 56 80 70 0
 70 96 83 0
 51 70 62 0
 71 94 85 0
 70 92 89 0
 86 112 108 0
 67 88 87 0
 83 110 109 0
 76 109 106 0
 65 96 92 0
 71 101 95 0
 78 110 106 0
 79 101 99 0
 170 159 161 1
 116 129 126 0
 94 112 112 0
50 150 100 0
50 150 100 0
50 150 100 0
50 150 100 0
50 150 100 0
50 150 100 0
50 150 100 0
50 150 100 0
50 150 100 0
50 150 100 0
50 150 100 0
50 150 100 0
50 150 100 0
50 150 100 0
50 150 100 0
50 150 100 0
50 150 100 0
50 150 100 0
50 150 100 0
50 150 100 0
50 150 100 0
50 150 100 0
50 150 100 0
50 150 100 0
50 150 100 0
 83 109 84 0
 87 115 87 0
 85 116 88 0
 82 110 83 0
 91 118 98 0
 71 100 76 0
 67 107 83 0
 68 108 84 0
 55 90 67 0
 53 100 75 0
 41 71 56 0
 68 105 87 0
 73 94 73 0
 135 131 114 1
 64 94 70 0
 60 81 59 0
 57 90 73 0
 66 93 79 0
 54 80 65 0
 49 70 61 0
 61 86 75 0
 65 90 82 0
 73 95 92 0
 83 108 108 0
 74 97 95 0
 77 103 102 0
 75 100 100 0
 71 101 100 0
 68 92 93 0
 81 114 108 0
 72 100 96 0
 108 114 116 0
 200 181 183 1
 116 129 125 0
 97 115 114 0
50 150 100 0
50 150 100 0
50 150 100 0
50 150 100 0
50 150 100 0
50 150 100 0
50 150 100 0
50 150 100 0
50 150 100 0
50 150 100 0
50 150 100 0
50 150 100 0
50 150 100 0
50 150 100 0
50 150 100 0
50 150 100 0
50 150 100 0
50 150 100 0
50 150 100 0
50 150 100 0
50 150 100 0
50 150 100 0
50 150 100 0
50 150 100 0
50 150 100 0
 82 113 90 0
 80 113 89 0
 85 119 91 0
 83 113 87 0
 62 84 63 0
 65 92 69 0
 68 107 83 0
 52 91 67 0
 59 97 74 0
 60 107 82 0
 47 77 62 0
 66 102 79 0
 82 89 69 0
 85 104 82 0
 49 72 50 0
 64 96 77 0
 56 87 69 0
 64 93 77 0
 69 103 88 0
 67 99 83 0
 56 76 67 0
 51 71 65 0
 61 81 78 0
 78 102 100 0
 55 78 76 0
 67 91 89 0
 68 92 92 0
 82 109 108 0
 82 115 115 0
 76 101 97 0
 89 111 109 0
 129 128 130 0
 125 125 123 0
 95 114 111 0
 15 19 17 0
50 150 100 0
50 150 100 0
50 150 100 0
50 150 100 0
50 150 100 0
50 150 100 0
50 150 100 0
50 150 100 0
50 150 100 0
50 150 100 0
50 150 100 0
50 150 100 0
50 150 100 0
50 150 100 0
50 150 100 0
50 150 100 0
50 150 100 0
50 150 100 0
50 150 100 0
50 150 100 0
50 150 100 0
50 150 100 0
50 150 100 0
50 150 100 0
50 150 100 0
50 150 100 0
 35 47 38 0
 79 116 89 0
 56 83 62 0
 80 107 84 0
 76 109 85 0
 64 109 82 0
 56 95 71 0
 50 81 64 0
 51 99 74 0
 59 106 81 0
 70 106 82 0
 150 140 123 1
 87 112 89 0
 59 87 63 0
 68 98 80 0
 52 82 65 0
 65 93 74 0
 52 75 64 0
 62 97 81 0
 48 75 64 0
 69 98 89 0
 70 93 88 0
 64 84 83 0
 70 95 94 0
 75 106 100 0
 72 97 94 0
 77 99 101 0
 81 110 113 0
 76 98 97 0
 87 107 105 0
 145 138 138 0
 95 105 102 0
 82 101 98 0
50 150 100 0
50 150 100 0
50 150 100 0
50 150 100 0
50 150 100 0
50 150 100 0
50 150 100 0
50 150 100 0
50 150 100 0
50 150 100 0
50 150 100 0
50 150 100 0
50 150 100 0
50 150 100 0
50 150 100 0
50 150 100 0
50 150 100 0
50 150 100 0
50 150 100 0
50 150 100 0
50 150 100 0
50 150 100 0
50 150 100 0
50 150 100 0
50 150 100 0
50 150 100 0
50 150 100 0
 79 115 95 0
 86 125 102 0
 69 96 74 0
 79 109 89 0
 69 103 80 0
 51 89 66 0
 53 100 73 0
 59 95 75 0
 43 92 68 0
 67 117 92 0
 55 86 69 0
 93 96 82 0
 82 112 87 0
 55 84 60 0
 52 75 58 0
 47 72 56 0
 76 115 97 0
 61 80 68 0
 42 74 60 0
 41 64 55 0
 61 88 77 0
 62 86 80 0
 74 95 92 0
 65 93 90 0
 66 96 89 0
 68 92 88 0
 69 89 89 0
 75 97 99 0
 69 85 86 0
 113 119 118 0
 187 172 171 1
 88 102 99 0
50 150 100 0
50 150 100 0
50 150 100 0
50 150 100 0
50 150 100 0
50 150 100 0
50 150 100 0
50 150 100 0
50 150 100 0
50 150 100 0
50 150 100 0
50 150 100 0
50 150 100 0
50 150 100 0
50 150 100 0
50 150 100 0
50 150 100 0
50 150 100 0
50 150 100 0
50 150 100 0
50 150 100 0
50 150 100 0
50 150 100 0
50 150 100 0
50 150 100 0
50 150 100 0
50 150 100 0
50 150 100 0
50 150 100 0
 73 112 89 0
 62 92 69 0
 65 86 67 0
 56 88 66 0
 45 80 60 0
 66 120 93 0
 49 92 67 0
 42 74 57 0
 47 89 70 0
 65 100 79 0
 177 149 136 1
 69 103 78 0
 64 93 71 0
 49 72 57 0
 69 100 84 0
 56 83 63 0
 53 71 61 0
 68 96 85 0
 63 84 75 0
 52 73 63 0
 66 90 82 0
 59 79 76 0
 66 95 89 0
 60 85 79 0
 71 95 89 0
 73 100 96 0
 82 105 102 0
 87 105 105 0
 110 124 122 0
 144 142 135 1
 103 113 110 0
50 150 100 0
50 150 100 0
50 150 100 0
50 150 100 0
50 150 100 0
50 150 100 0
50 150 100 0
50 150 100 0
50 150 100 0
50 150 100 0
50 150 100 0
50 150 100 0
50 150 100 0
50 150 100 0
50 150 100 0
50 150 100 0
50 150 100 0
50 150 100 0
50 150 100 0
50 150 100 0
50 150 100 0
50 150 100 0
50 150 100 0
50 150 100 0
50 150 100 0
50 150 100 0
50 150 100 0
50 150 100 0
50 150 100 0
 74 112 88 0
 48 79 58 0
 78 117 92 0
 73 116 89 0
 49 78 59 0
 59 103 82 0
 42 81 62 0
 54 91 74 0
 39 72 57 0
 65 98 76 0
 138 128 110 1
 58 80 65 0
 55 85 67 0
 51 75 59 0
 50 72 56 0
 49 66 52 0
 64 85 69 0
 63 82 72 0
 59 81 70 0
 54 74 63 0
 66 91 82 0
 56 73 69 0
 64 92 86 0
 62 90 83 0
 67 96 86 0
 59 83 77 0
 74 93 90 0
 80 98 99 0
 88 105 103 0
 169 154 152 1
50 150 100 0
50 150 100 0
50 150 100 0
50 150 100 0
50 150 100 0
50 150 100 0
50 150 100 0
50 150 100 0
50 150 100 0
50 150 100 0
50 150 100 0
50 150 100 0
50 150 100 0
50 150 100 0
50 150 100 0
50 150 100 0
50 150 100 0
50 150 100 0
50 150 100 0
50 150 100 0
50 150 100 0
50 150 100 0
50 150 100 0
50 150 100 0
50 150 100 0
50 150 100 0
50 150 100 0
50 150 100 0
50 150 100 0
50 150 100 0
50 150 100 0
 56 80 62 0
 77 120 96 0
 63 104 77 0
 65 99 75 0
 64 107 82 0
 54 96 75 0
 44 73 58 0
 62 100 81 0
 58 95 71 0
 106 109 90 0
 71 90 73 0
 52 78 62 0
 75 105 89 0
 62 88 71 0
 57 74 59 0
 68 88 72 0
 66 86 73 0
 65 94 79 0
 66 89 76 0
 62 89 76 0
 71 92 88 0
 54 80 75 0
 54 83 76 0
 66 99 87 0
 67 91 87 0
 70 85 84 0
 74 93 93 0
 107 115 109 0
 99 105 101 0
50 150 100 0
50 150 100 0
50 150 100 0
50 150 100 0
50 150 100 0
50 150 100 0
50 150 100 0
50 150 100 0
50 150 100 0
50 150 100 0
50 150 100 0
50 150 100 0
50 150 100 0
50 150 100 0
50 150 100 0
50 150 100 0
50 150 100 0
50 150 100 0
50 150 100 0
50 150 100 0
50 150 100 0
50 150 100 0
50 150 100 0
50 150 100 0
50 150 100 0
50 150 100 0
50 150 100 0
50 150 100 0
50 150 100 0
50 150 100 0
50 150 100 0
 79 111 90 0
 81 121 102 0
 59 97 73 0
 52 91 66 0
 53 95 67 0
 42 86 63 0
 54 92 70 0
 42 75 55 0
 61 86 67 0
 186 162 148 1
 78 93 75 0
 46 65 52 0
 63 97 76 0
 56 77 62 0
 52 70 53 0
 62 83 67 0
 59 84 70 0
 94 121 124 0
 52 75 62 0
 66 97 83 0
 63 83 78 0
 61 88 79 0
 52 76 71 0
 63 93 83 0
 58 79 76 0
 76 100 97 0
 89 114 110 0
 141 138 132 1
 0 0 0 0
50 150 100 0
50 150 100 0
50 150 100 0
50 150 100 0
50 150 100 0
50 150 100 0
50 150 100 0
50 150 100 0
50 150 100 0
50 150 100 0
50 150 100 0
50 150 100 0
50 150 100 0
50 150 100 0
50 150 100 0
50 150 100 0
50 150 100 0
50 150 100 0
50 150 100 0
50 150 100 0
50 150 100 0
50 150 100 0
50 150 100 0
50 150 100 0
50 150 100 0
50 150 100 0
50 150 100 0
50 150 100 0
50 150 100 0
50 150 100 0
50 150 100 0
 49 65 52 0
 74 99 81 0
 68 100 80 0
 60 101 78 0
 46 81 57 0
 47 92 69 0
 39 77 57 0
 53 88 68 0
 63 90 72 0
 146 133 118 1
 83 92 74 0
 67 91 77 0
 46 72 56 0
 85 108 94 0
 65 87 72 0
 53 74 59 0
 64 88 80 0
 53 79 70 0
 66 97 82 0
 60 81 72 0
 67 91 82 0
 52 76 69 0
 58 83 77 0
 66 93 87 0
 70 97 94 0
 84 108 107 0
 85 106 103 0
 131 128 122 0
50 150 100 0
50 150 100 0
50 150 100 0
50 150 100 0
50 150 100 0
50 150 100 0
50 150 100 0
50 150 100 0
50 150 100 0
50 150 100 0
50 150 100 0
50 150 100 0
50 150 100 0
50 150 100 0
50 150 100 0
50 150 100 0
50 150 100 0
50 150 100 0
50 150 100 0
50 150 100 0
50 150 100 0
50 150 100 0
50 150 100 0
50 150 100 0
50 150 100 0
50 150 100 0
50 150 100 0
50 150 100 0
50 150 100 0
50 150 100 0
50 150 100 0
50 150 100 0
50 150 100 0
 107 135 115 0
 74 101 82 0
 40 77 56 0
 49 81 59 0
 56 93 75 0
 56 95 74 0
 47 80 62 0
 41 73 55 0
 175 154 143 1
 59 73 59 0
 60 80 68 0
 47 59 52 0
 60 82 72 0
 47 65 50 0
 46 62 51 0
 58 82 74 0
 45 64 56 0
 59 87 73 0
 63 88 75 0
 63 86 76 0
 55 74 69 0
 55 78 73 0
 59 77 74 0
 59 85 82 0
 68 89 89 0
 92 110 105 0
 0 0 0 0
50 150 100 0
50 150 100 0
50 150 100 0
50 150 100 0
50 150 100 0
50 150 100 0
50 150 100 0
50 150 100 0
50 150 100 0
50 150 100 0
50 150 100 0
50 150 100 0
50 150 100 0
50 150 100 0
50 150 100 0
50 150 100 0
50 150 100 0
50 150 100 0
50 150 100 0
50 150 100 0
50 150 100 0
50 150 100 0
50 150 100 0
50 150 100 0
50 150 100 0
50 150 100 0
50 150 100 0
50 150 100 0
50 150 100 0
50 150 100 0
50 150 100 0
50 150 100 0
50 150 100 0
 61 79 68 0
 65 107 82 0
 47 84 59 0
 40 64 46 0
 52 83 66 0
 37 67 53 0
 54 93 73 0
 52 79 62 0
 160 143 131 1
 88 97 79 0
 61 78 66 0
 70 78 73 0
 60 85 71 0
 46 64 50 0
 76 89 80 0
 56 83 75 0
 51 70 63 0
 52 77 64 0
 70 92 84 0
 56 72 67 0
 55 70 66 0
 68 90 85 0
 68 88 83 0
 71 93 97 0
 80 98 97 0
 99 109 103 0
50 150 100 0
50 150 100 0
50 150 100 0
50 150 100 0
50 150 100 0
50 150 100 0
50 150 100 0
50 150 100 0
50 150 100 0
50 150 100 0
50 150 100 0
50 150 100 0
50 150 100 0
50 150 100 0
50 150 100 0
50 150 100 0
50 150 100 0
50 150 100 0
50 150 100 0
50 150 100 0
50 150 100 0
50 150 100 0
50 150 100 0
50 150 100 0
50 150 100 0
50 150 100 0
50 150 100 0
50 150 100 0
50 150 100 0
50 150 100 0
50 150 100 0
50 150 100 0
50 150 100 0
50 150 100 0
50 150 100 0
 91 128 107 0
 46 87 63 0
 41 66 49 0
 52 89 70 0
 39 70 53 0
 37 77 55 0
 53 92 69 0
 153 135 124 1
 63 83 67 0
 68 99 83 0
 64 83 69 0
 70 79 72 0
 44 55 44 0
 61 74 66 0
 42 58 51 0
 77 103 92 0
 56 78 65 0
 55 81 71 0
 62 80 73 0
 71 89 80 0
 60 81 75 0
 68 86 82 0
 62 76 82 0
 69 86 85 0
 94 99 91 0
50 150 100 0
50 150 100 0
50 150 100 0
50 150 100 0
50 150 100 0
50 150 100 0
50 150 100 0
50 150 100 0
50 150 100 0
50 150 100 0
50 150 100 0
50 150 100 0
50 150 100 0
50 150 100 0
50 150 100 0
50 150 100 0
50 150 100 0
50 150 100 0
50 150 100 0
50 150 100 0
50 150 100 0
50 150 100 0
50 150 100 0
50 150 100 0
50 150 100 0
50 150 100 0
50 150 100 0
50 150 100 0
50 150 100 0
50 150 100 0
50 150 100 0
50 150 100 0
50 150 100 0
50 150 100 0
50 150 100 0
 68 106 83 0
 82 124 104 0
 44 68 52 0
 52 88 69 0
 47 76 61 0
 55 90 71 0
 92 103 87 0
 83 88 73 0
 51 68 57 0
 50 73 61 0
 42 60 49 0
 52 75 63 0
 65 89 74 0
 62 75 66 0
 60 86 77 0
 48 63 55 0
 57 79 67 0
 50 71 62 0
 59 80 72 0
 68 87 77 0
 64 84 77 0
 64 75 77 0
 73 91 93 0
 67 75 71 0
50 150 100 0
50 150 100 0
50 150 100 0
50 150 100 0
50 150 100 0
50 150 100 0
50 150 100 0
50 150 100 0
50 150 100 0
50 150 100 0
50 150 100 0
50 150 100 0
50 150 100 0
50 150 100 0
50 150 100 0
50 150 100 0
50 150 100 0
50 150 100 0
50 150 100 0
50 150 100 0
50 150 100 0
50 150 100 0
50 150 100 0
50 150 100 0
50 150 100 0
50 150 100 0
50 150 100 0
50 150 100 0
50 150 100 0
50 150 100 0
50 150 100 0
50 150 100 0
50 150 100 0
50 150 100 0
50 150 100 0
50 150 100 0
50 150 100 0
 51 83 65 0
 42 66 52 0
 51 82 64 0
 49 80 63 0
 36 57 44 0
 80 83 72 0
 73 86 70 0
 54 70 56 0
 73 98 90 0
 44 59 50 0
 47 63 54 0
 52 75 62 0
 55 72 61 0
 45 65 55 0
 59 71 62 0
 59 78 69 0
 45 62 56 0
 49 69 62 0
 59 75 67 0
 59 80 73 0
 69 83 90 0
 56 65 61 0
 65 70 64 0
50 150 100 0
50 150 100 0
50 150 100 0
50 150 100 0
50 150 100 0
50 150 100 0
50 150 100 0
50 150 100 0
50 150 100 0
50 150 100 0
50 150 100 0
50 150 100 0
50 150 100 0
50 150 100 0
50 150 100 0
50 150 100 0
50 150 100 0
50 150 100 0
50 150 100 0
50 150 100 0
50 150 100 0
50 150 100 0
50 150 100 0
50 150 100 0
50 150 100 0
50 150 100 0
50 150 100 0
50 150 100 0
50 150 100 0
50 150 100 0
50 150 100 0
50 150 100 0
50 150 100 0
50 150 100 0
50 150 100 0
50 150 100 0
50 150 100 0
 51 87 68 0
 36 60 45 0
 49 79 61 0
 35 65 48 0
 47 69 55 0
 132 125 115 1
 71 88 69 0
 59 79 67 0
 51 73 61 0
 39 57 48 0
 46 66 54 0
 44 63 55 0
 36 53 44 0
 52 67 59 0
 87 106 102 0
 50 62 57 0
 50 67 63 0
 55 72 68 0
 73 95 87 0
 64 76 77 0
 55 66 73 0
 71 86 81 0
50 150 100 0
50 150 100 0
50 150 100 0
50 150 100 0
50 150 100 0
50 150 100 0
50 150 100 0
50 150 100 0
50 150 100 0
50 150 100 0
50 150 100 0
50 150 100 0
50 150 100 0
50 150 100 0
50 150 100 0
50 150 100 0
50 150 100 0
50 150 100 0
50 150 100 0
50 150 100 0
50 150 100 0
50 150 100 0
50 150 100 0
50 150 100 0
50 150 100 0
50 150 100 0
50 150 100 0
50 150 100 0
50 150 100 0
50 150 100 0
50 150 100 0
50 150 100 0
50 150 100 0
50 150 100 0
50 150 100 0
50 150 100 0
50 150 100 0
50 150 100 0
50 150 100 0
 54 77 62 0
 48 69 55 0
 51 89 68 0
 68 94 78 0
 124 120 105 1
 39 54 39 0
 56 72 59 0
 51 73 61 0
 40 60 49 0
 63 86 78 0
 37 52 45 0
 53 65 60 0
 38 49 43 0
 52 66 59 0
 64 77 70 0
 57 65 62 0
 57 68 65 0
 60 70 67 0
 59 69 71 0
 67 77 77 0
 59 63 60 0
50 150 100 0
50 150 100 0
50 150 100 0
50 150 100 0
50 150 100 0
50 150 100 0
50 150 100 0
50 150 100 0
50 150 100 0
50 150 100 0
50 150 100 0
50 150 100 0
50 150 100 0
50 150 100 0
50 150 100 0
50 150 100 0
50 150 100 0
50 150 100 0
50 150 100 0
50 150 100 0
50 150 100 0
50 150 100 0
50 150 100 0
50 150 100 0
50 150 100 0
50 150 100 0
50 150 100 0
50 150 100 0
50 150 100 0
50 150 100 0
50 150 100 0
50 150 100 0
50 150 100 0
50 150 100 0
50 150 100 0
50 150 100 0
50 150 100 0
50 150 100 0
50 150 100 0
 50 81 61 0
 55 84 66 0
 42 61 50 0
 61 82 67 0
 110 101 87 1
 57 73 61 0
 44 60 50 0
 62 82 70 0
 69 89 86 0
 39 56 50 0
 42 58 52 0
 50 67 59 0
 43 51 46 0
 54 73 62 0
 61 76 66 0
 51 59 56 0
 61 74 69 0
 65 74 73 0
 61 67 67 0
 64 70 67 0
50 150 100 0
50 150 100 0
50 150 100 0
50 150 100 0
50 150 100 0
50 150 100 0
50 150 100 0
50 150 100 0
50 150 100 0
50 150 100 0
50 150 100 0
50 150 100 0
50 150 100 0
50 150 100 0
50 150 100 0
50 150 100 0
50 150 100 0
50 150 100 0
50 150 100 0
50 150 100 0
50 150 100 0
50 150 100 0
50 150 100 0
50 150 100 0
50 150 100 0
50 150 100 0
50 150 100 0
50 150 100 0
50 150 100 0
50 150 100 0
50 150 100 0
50 150 100 0
50 150 100 0
50 150 100 0
50 150 100 0
50 150 100 0
50 150 100 0
50 150 100 0
50 150 100 0
50 150 100 0
50 150 100 0
 35 55 41 0
 44 71 56 0
 65 79 66 0
 139 119 105 1
 66 81 66 0
 42 59 47 0
 57 73 62 0
 49 68 58 0
 44 61 55 0
 39 53 45 0
 79 99 102 0
 43 56 48 0
 43 62 52 0
 46 62 53 0
 45 59 53 0
 66 76 74 0
 54 61 59 0
 54 58 56 0
 64 71 68 0
50 150 100 0
50 150 100 0
50 150 100 0
50 150 100 0
50 150 100 0
50 150 100 0
50 150 100 0
50 150 100 0
50 150 100 0
50 150 100 0
50 150 100 0
50 150 100 0
50 150 100 0
50 150 100 0
50 150 100 0
50 150 100 0
50 150 100 0
50 150 100 0
50 150 100 0
50 150 100 0
50 150 100 0
50 150 100 0
50 150 100 0
50 150 100 0
50 150 100 0
50 150 100 0
50 150 100 0
50 150 100 0
50 150 100 0
50 150 100 0
50 150 100 0
50 150 100 0
50 150 100 0
50 150 100 0
50 150 100 0
50 150 100 0
50 150 100 0
50 150 100 0
50 150 100 0
50 150 100 0
50 150 100 0
 45 64 54 0
 45 72 59 0
 53 84 67 0
 168 133 119 1
 50 64 51 0
 65 85 71 0
 42 56 48 0
 49 70 61 0
 31 47 41 0
 38 57 46 0
 36 46 38 0
 39 54 48 0
 50 70 60 0
 51 67 60 0
 53 69 60 0
 51 60 57 0
 48 53 48 0
 59 66 64 0
 0 0 0 0
50 150 100 0
50 150 100 0
50 150 100 0
50 150 100 0
50 150 100 0
50 150 100 0
50 150 100 0
50 150 100 0
50 150 100 0
50 150 100 0
50 150 100 0
50 150 100 0
50 150 100 0
50 150 100 0
50 150 100 0
50 150 100 0
50 150 100 0
50 150 100 0
50 150 100 0
50 150 100 0
50 150 100 0
50 150 100 0
50 150 100 0
50 150 100 0
50 150 100 0
50 150 100 0
50 150 100 0
50 150 100 0
50 150 100 0
50 150 100 0
50 150 100 0
50 150 100 0
50 150 100 0
50 150 100 0
50 150 100 0
50 150 100 0
50 150 100 0
50 150 100 0
50 150 100 0
50 150 100 0
50 150 100 0
50 150 100 0
 52 79 67 0
 59 85 65 0
 143 131 113 1
 88 88 69 0
 53 72 58 0
 48 63 53 0
 41 63 56 0
 47 70 59 0
 35 51 40 0
 40 52 44 0
 45 61 52 0
 40 51 45 0
 50 64 57 0
 39 49 44 0
 46 51 50 0
 50 53 50 0
 60 64 63 0
50 150 100 0
50 150 100 0
50 150 100 0
50 150 100 0
50 150 100 0
50 150 100 0
50 150 100 0
50 150 100 0
50 150 100 0
50 150 100 0
50 150 100 0
50 150 100 0
50 150 100 0
50 150 100 0
50 150 100 0
50 150 100 0
50 150 100 0
50 150 100 0
50 150 100 0
50 150 100 0
50 150 100 0
50 150 100 0
50 150 100 0
50 150 100 0
50 150 100 0
50 150 100 0
50 150 100 0
50 150 100 0
50 150 100 0
50 150 100 0
50 150 100 0
50 150 100 0
50 150 100 0
50 150 100 0
50 150 100 0
50 150 100 0
50 150 100 0
50 150 100 0
50 150 100 0
50 150 100 0
50 150 100 0
50 150 100 0
50 150 100 0
 52 75 63 0
 42 60 47 0
 95 90 75 0
 60 76 61 0
 36 47 37 0
 35 51 42 0
 56 78 75 0
 36 49 44 0
 22 33 27 0
 43 57 49 0
 40 52 45 0
 50 63 55 0
 45 57 50 0
 41 45 44 0
 52 58 56 0
 54 58 56 0
50 150 100 0
50 150 100 0
50 150 100 0
50 150 100 0
50 150 100 0
50 150 100 0
50 150 100 0
50 150 100 0
50 150 100 0
50 150 100 0
50 150 100 0
50 150 100 0
50 150 100 0
50 150 100 0
50 150 100 0
50 150 100 0
50 150 100 0
50 150 100 0
50 150 100 0
50 150 100 0
50 150 100 0
50 150 100 0
50 150 100 0
50 150 100 0
50 150 100 0
50 150 100 0
50 150 100 0
50 150 100 0
50 150 100 0
50 150 100 0
50 150 100 0
50 150 100 0
50 150 100 0
50 150 100 0
50 150 100 0
50 150 100 0
50 150 100 0
50 150 100 0
50 150 100 0
50 150 100 0
50 150 100 0
50 150 100 0
50 150 100 0
50 150 100 0
 25 37 28 0
 70 89 72 0
 104 88 74 0
 47 67 51 0
 30 47 36 0
 45 65 52 0
 36 46 44 0
 32 42 37 0
 43 56 49 0
 34 43 39 0
 43 50 46 0
 43 59 50 0
 41 49 46 0
 48 53 49 0
 52 63 60 0
 55 61 60 0
50 150 100 0
50 150 100 0
50 150 100 0
50 150 100 0
50 150 100 0
50 150 100 0
50 150 100 0
50 150 100 0
50 150 100 0
50 150 100 0
50 150 100 0
50 150 100 0
50 150 100 0
50 150 100 0
50 150 100 0
50 150 100 0
50 150 100 0
50 150 100 0
50 150 100 0
50 150 100 0
50 150 100 0
50 150 100 0
50 150 100 0
50 150 100 0
50 150 100 0
50 150 100 0
50 150 100 0
50 150 100 0
50 150 100 0
50 150 100 0
50 150 100 0
50 150 100 0
50 150 100 0
50 150 100 0
50 150 100 0
50 150 100 0
50 150 100 0
50 150 100 0
50 150 100 0
50 150 100 0
50 150 100 0
50 150 100 0
50 150 100 0
50 150 100 0
50 150 100 0
 40 53 42 0
 168 136 124 1
 51 73 58 0
 15 23 18 0
 37 50 45 0
 42 55 48 0
 15 21 18 0
 34 44 38 0
 37 44 41 0
 14 17 16 0
 39 50 43 0
 43 47 45 0
 18 21 19 0
 44 48 47 0
50 150 100 0
50 150 100 0
50 150 100 0
50 150 100 0
50 150 100 0
50 150 100 0
50 150 100 0
50 150 100 0
50 150 100 0
50 150 100 0
50 150 100 0
50 150 100 0
50 150 100 0
50 150 100 0
50 150 100 0
50 150 100 0
50 150 100 0
50 150 100 0
50 150 100 0
50 150 100 0
50 150 100 0
50 150 100 0
50 150 100 0
50 150 100 0
50 150 100 0
50 150 100 0
50 150 100 0
50 150 100 0
50 150 100 0
50 150 100 0
50 150 100 0
50 150 100 0
50 150 100 0
50 150 100 0
50 150 100 0
50 150 100 0
50 150 100 0
50 150 100 0
50 150 100 0
50 150 100 0
50 150 100 0
50 150 100 0
50 150 100 0
50 150 100 0
50 150 100 0
50 150 100 0
50 150 100 0
50 150 100 0
50 150 100 0
50 150 100 0
50 150 100 0
50 150 100 0
50 150 100 0
50 150 100 0
50 150 100 0
50 150 100 0
50 150 100 0
50 150 100 0
50 150 100 0
50 150 100 0
50 150 100 0
50 150 100 0
50 150 100 0
50 150 100 0
50 150 100 0
50 150 100 0
50 150 100 0
50 150 100 0
50 150 100 0
50 150 100 0
50 150 100 0
50 150 100 0
50 150 100 0
50 150 100 0
50 150 100 0
50 150 100 0
50 150 100 0
50 150 100 0
50 150 100 0
50 150 100 0
50 150 100 0
50 150 100 0
50 150 100 0
50 150 100 0
50 150 100 0
50 150 100 0
50 150 100 0
50 150 100 0
50 150 100 0
50 150 100 0
50 150 100 0
50 150 100 0
50 150 100 0
50 150 100 0
50 150 100 0
50 150 100 0
50 150 100 0
50 150 100 0
50 150 100 0
50 150 100 0
50 150 100 0
50 150 100 0
50 150 100 0
50 150 100 0
50 150 100 0
50 150 100 0
50 150 100 0
50 150 100 0
50 150 100 0
50 150 100 0
50 150 100 0
50 150 100 0
50 150 100 0
50 150 100 0
50 150 100 0
50 150 100 0
50 150 100 0
50 150 100 0
50 150 100 0
50 150 100 0
50 150 100 0
50 150 100 0
50 150 100 0
50 150 100 0
50 150 100 0
50 150 100 0
50 150 100 0
50 150 100 0
50 150 100 0
50 150 100 0
50 150 100 0
50 150 100 0
50 150 100 0
50 150 100 0
50 150 100 0
50 150 100 0
50 150 100 0
50 150 100 0
50 150 100 0
50 150 100 0
50 150 100 0
50 150 100 0
50 150 100 0
50 150 100 0
50 150 100 0
50 150 100 0
50 150 100 0
50 150 100 0
50 150 100 0
50 150 100 0
50 150 100 0
50 150 100 0
50 150 100 0
50 150 100 0
50 150 100 0
50 150 100 0
50 150 100 0
50 150 100 0
50 150 100 0
50 150 100 0
50 150 100 0
50 150 100 0
50 150 100 0
50 150 100 0
50 150 100 0
50 150 100 0
50 150 100 0
50 150 100 0
50 150 100 0
50 150 100 0
50 150 100 0
50 150 100 0
50 150 100 0
50 150 100 0
50 150 100 0
50 150 100 0
50 150 100 0
50 150 100 0
50 150 100 0
50 150 100 0
50 150 100 0
50 150 100 0
50 150 100 0
50 150 100 0
50 150 100 0
50 150 100 0
50 150 100 0
50 150 100 0
50 150 100 0
50 150 100 0
50 150 100 0
50 150 100 0
50 150 100 0
50 150 100 0
50 150 100 0
50 150 100 0
50 150 100 0
50 150 100 0
50 150 100 0
50 150 100 0
50 150 100 0
50 150 100 0
50 150 100 0

