 97 139 111 0
 97 138 109 0
 86 127 99 0
 96 138 110 0
 89 136 107 0
 90 135 106 0
 86 130 101 0
 80 127 96 0
 84 129 98 0
 84 127 96 0
 88 135 106 0
 87 132 103 0
 82 127 98 0
 80 124 95 0
 93 134 104 0
 91 133 102 0
 90 132 102 0
 76 112 83 0
 76 111 84 0
 83 121 95 0
 86 127 100 0
 81 122 93 0
 79 119 91 0
 73 112 86 0
 76 116 89 0
 68 109 81 0
 60 104 75 0
 70 114 83 0
 63 105 77 0
 55 94 70 0
 60 98 78 0
 63 93 79 0
 59 91 77 0
 122 145 129 0
 188 186 173 1
 86 121 106 0
 79 115 100 0
 81 121 105 0
 73 116 100 0
 67 112 96 0
 77 122 107 0
 70 112 100 0
 47 85 71 0
 60 100 84 0
 67 112 97 0
 62 107 91 0
 50 92 77 0
 59 103 87 0
 59 102 87 0
 62 106 92 0
 65 107 97 0
 69 111 103 0
 72 116 110 0
 71 118 110 0
 72 115 108 0
 79 119 114 0
 81 120 118 0
 84 121 116 0
 102 128 123 0
 139 151 149 0
 100 140 113 0
 98 138 109 0
 86 126 97 0
 89 132 103 0
 89 135 107 0
 88 134 104 0
 83 125 96 0
 83 129 98 0
 80 126 95 0
 86 130 98 0
 89 134 105 0
 83 128 98 0
 78 122 93 0
 79 125 96 0
 93 132 102 0
 88 131 100 0
 96 137 107 0
 78 115 85 0
 81 116 90 0
 80 117 91 0
 83 126 98 0
 78 119 89 0
 85 124 95 0
 72 112 85 0
 75 118 90 0
 59 103 74 0
 66 110 80 0
 72 116 85 0
 60 99 72 0
 59 96 72 0
 54 88 71 0
 60 89 77 0
 86 121 102 0
 182 183 169 1
 125 142 129 0
 80 116 102 0
 78 115 101 0
 72 113 95 0
 72 114 98 0
 65 107 93 0
 75 119 106 0
 69 110 99 0
 51 87 75 0
 59 99 85 0
 64 108 95 0
 63 107 91 0
 60 104 91 0
 61 104 88 0
 60 103 89 0
 62 105 93 0
 65 107 98 0
 69 111 103 0
 70 114 107 0
 71 118 110 0
 71 113 106 0
 79 121 115 0
 78 118 112 0
 86 121 115 0
 98 125 120 0
 167 178 172 1
 99 138 110 0
 95 135 105 0
 93 131 101 0
 89 132 103 0
 85 131 103 0
 87 134 104 0
 76 117 87 0
 85 128 98 0
 86 130 99 0
 82 125 94 0
 88 132 102 0
 88 134 103 0
 73 115 85 0
 80 125 96 0
 88 129 99 0
 89 130 99 0
 90 133 103 0
 91 131 102 0
 85 121 93 0
 79 118 92 0
 81 124 96 0
 76 118 87 0
 81 122 91 0
 67 108 81 0
 71 112 85 0
 72 116 87 0
 64 109 80 0
 69 115 84 0
 61 98 73 0
 57 90 68 0
 58 89 74 0
 56 80 69 0
 94 123 107 0
 170 173 159 1
 106 135 120 0
 75 113 100 0
 76 115 100 0
 63 104 84 0
 71 111 95 0
 63 105 92 0
 73 117 104 0
 65 104 93 0
 51 85 74 0
 67 109 96 0
 62 106 91 0
 47 89 75 0
 66 110 97 0
 62 105 90 0
 58 101 88 0
 63 106 94 0
 68 109 101 0
 71 114 105 0
 75 122 114 0
 67 110 102 0
 79 121 114 0
 77 118 111 0
 75 114 108 0
 89 121 116 0
 118 139 132 0
 181 192 185 1
 97 132 103 0
 92 131 101 0
 89 127 96 0
 90 130 101 0
 85 130 101 0
 90 137 108 0
 77 120 89 0
 84 123 95 0
 89 133 102 0
 88 132 101 0
 83 126 96 0
 89 134 104 0
 70 110 79 0
 84 128 99 0
 81 124 94 0
 84 124 93 0
 90 134 104 0
 88 129 101 0
 84 122 93 0
 87 127 98 0
 77 119 91 0
 77 120 88 0
 72 115 83 0
 66 107 79 0
 61 103 75 0
 70 115 86 0
 62 107 78 0
 65 109 78 0
 64 101 75 0
 50 80 61 0
 56 85 72 0
 83 111 101 0
 99 131 116 0
 167 172 160 1
 95 125 111 0
 70 109 97 0
 77 116 102 0
 57 98 79 0
 62 101 85 0
 68 110 95 0
 73 116 102 0
 60 97 85 0
 53 87 75 0
 75 121 107 0
 65 111 96 0
 58 101 87 0
 65 108 97 0
 69 112 99 0
 63 104 93 0
 67 110 100 0
 61 103 95 0
 65 109 100 0
 72 119 111 0
 68 112 104 0
 76 117 110 0
 73 114 107 0
 83 119 113 0
 91 120 115 0
 131 149 142 0
 132 152 144 0
 101 132 102 0
 84 124 93 0
 83 123 91 0
 87 125 95 0
 90 130 102 0
 90 136 107 0
 82 127 96 0
 87 127 98 0
 90 134 104 0
 92 136 104 0
 83 126 96 0
 92 136 106 0
 71 111 81 0
 86 130 101 0
 83 127 97 0
 90 132 101 0
 85 129 98 0
 89 132 104 0
 78 117 88 0
 81 122 91 0
 73 116 86 0
 70 111 81 0
 60 104 73 0
 69 110 83 0
 65 106 79 0
 69 114 85 0
 59 104 75 0
 56 98 68 0
 64 102 76 0
 49 81 61 0
 63 96 80 0
 85 115 106 0
 97 131 116 0
 134 147 133 1
 84 121 108 0
 71 108 98 0
 71 110 96 0
 61 102 83 0
 56 91 77 0
 70 113 97 0
 57 96 83 0
 54 85 75 0
 63 103 88 0
 75 121 109 0
 63 110 97 0
 69 112 101 0
 72 115 103 0
 63 105 93 0
 65 105 95 0
 66 109 100 0
 59 102 93 0
 66 110 102 0
 69 114 106 0
 71 113 106 0
 70 110 103 0
 80 119 113 0
 86 119 114 0
 99 124 118 0
 177 189 181 1
 149 166 157 0
 105 134 105 0
 86 124 93 0
 84 126 95 0
 86 125 94 0
 97 136 107 0
 88 130 103 0
 88 135 105 0
 93 132 102 0
 93 136 105 0
 99 142 110 0
 85 128 97 0
 94 138 108 0
 85 128 97 0
 91 134 105 0
 89 132 103 0
 91 133 103 0
 87 130 99 0
 84 127 98 0
 64 103 77 0
 73 115 84 0
 75 119 88 0
 56 96 70 0
 55 99 70 0
 71 115 87 0
 69 111 84 0
 67 112 83 0
 62 108 79 0
 52 93 65 0
 62 100 74 0
 68 103 83 0
 65 98 81 0
 86 118 108 0
 97 129 115 0
 123 137 123 1
 80 118 105 0
 70 109 97 0
 67 106 91 0
 70 112 93 0
 56 89 77 0
 63 106 90 0
 51 87 74 0
 58 88 78 0
 60 99 87 0
 63 109 99 0
 68 118 105 0
 69 115 104 0
 69 112 100 0
 59 100 88 0
 63 103 94 0
 65 108 99 0
 66 109 100 0
 67 111 103 0
 68 112 103 0
 68 107 101 0
 70 108 102 0
 87 124 118 0
 90 120 113 0
 121 142 134 0
 166 177 167 1
 130 151 140 0
 109 140 111 0
 102 134 105 0
 88 130 99 0
 93 133 103 0
 98 136 107 0
 92 132 104 0
 91 138 108 0
 90 134 102 0
 98 138 108 0
 96 140 108 0
 86 130 98 0
 96 138 109 0
 95 138 107 0
 92 136 106 0
 90 133 103 0
 93 135 105 0
 88 130 99 0
 79 124 92 0
 81 122 95 0
 58 97 73 0
 73 117 86 0
 54 94 68 0
 63 109 80 0
 68 113 84 0
 64 107 80 0
 64 109 81 0
 62 109 80 0
 53 93 66 0
 61 99 73 0
 76 113 93 0
 71 103 89 0
 88 122 110 0
 146 156 143 1
 94 117 104 0
 76 116 104 0
 67 106 95 0
 65 107 91 0
 66 102 87 0
 59 96 82 0
 64 107 90 0
 57 90 78 0
 56 87 79 0
 72 116 108 0
 56 101 93 0
 70 121 109 0
 69 115 102 0
 66 109 96 0
 55 92 82 0
 65 105 97 0
 64 107 98 0
 65 107 99 0
 69 112 105 0
 69 110 104 0
 62 100 93 0
 80 119 111 0
 84 119 112 0
 91 118 112 0
 128 145 137 0
 148 160 151 1
 116 143 131 0
 103 134 107 0
 109 141 111 0
 98 137 107 0
 94 137 106 0
 95 134 104 0
 101 139 111 0
 97 142 113 0
 85 130 100 0
 94 134 104 0
 89 133 102 0
 87 132 99 0
 92 135 105 0
 97 139 109 0
 93 137 107 0
 89 131 101 0
 92 136 107 0
 83 127 96 0
 81 126 94 0
 75 118 89 0
 60 99 74 0
 71 116 85 0
 55 96 70 0
 69 118 87 0
 67 113 83 0
 57 99 72 0
 63 108 81 0
 49 93 67 0
 59 98 72 0
 65 103 78 0
 78 117 97 0
 73 106 92 0
 94 125 112 0
 0 0 0 0
 93 108 98 0
 76 114 102 0
 68 106 95 0
 69 113 96 0
 71 111 93 0
 59 96 81 0
 84 127 111 0
 54 89 76 0
 58 88 79 0
 69 113 104 0
 67 114 103 0
 66 114 102 0
 65 110 97 0
 59 102 87 0
 65 103 95 0
 67 109 100 0
 67 109 100 0
 64 106 98 0
 66 108 101 0
 69 109 102 0
 62 100 92 0
 79 117 110 0
 85 116 110 0
 108 127 121 0
 153 163 156 1
 127 148 137 0
 105 134 121 0
50 150 100 0
 106 137 109 0
 105 141 110 0
 92 133 103 0
 92 132 102 0
 99 137 108 0
 99 140 112 0
 83 128 98 0
 88 128 99 0
 86 129 100 0
 81 126 94 0
 84 127 96 0
 96 137 107 0
 94 136 106 0
 91 135 104 0
 86 129 99 0
 80 125 93 0
 79 123 91 0
 70 114 84 0
 69 112 84 0
 69 116 84 0
 56 100 72 0
 68 118 86 0
 63 107 78 0
 57 97 71 0
 52 92 67 0
 63 108 82 0
 54 93 69 0
 70 112 85 0
 71 109 89 0
 81 116 100 0
 90 121 108 0
 162 168 155 1
 62 87 79 0
 71 110 99 0
 74 112 101 0
 69 114 95 0
 61 97 83 0
 65 106 91 0
 70 111 95 0
 57 87 77 0
 77 117 109 0
 66 110 101 0
 66 114 104 0
 62 109 98 0
 60 102 88 0
 71 116 104 0
 75 114 106 0
 74 117 108 0
 56 97 89 0
 67 109 102 0
 72 114 107 0
 67 107 99 0
 80 119 112 0
 86 122 115 0
 84 112 106 0
 112 130 125 0
 162 172 165 1
 118 140 128 0
 101 132 119 0
50 150 100 0
 100 130 103 0
 104 138 108 0
 85 127 97 0
 91 133 103 0
 96 134 105 0
 96 136 108 0
 89 132 104 0
 72 113 84 0
 86 128 100 0
 85 130 99 0
 79 124 92 0
 98 139 108 0
 88 132 101 0
 84 127 96 0
 79 122 90 0
 78 123 90 0
 75 119 87 0
 71 115 85 0
 64 108 79 0
 70 117 86 0
 55 100 72 0
 68 119 88 0
 51 91 64 0
 62 99 75 0
 70 110 87 0
 61 104 82 0
 66 107 81 0
 72 118 91 0
 66 106 86 0
 80 118 101 0
 104 131 116 0
 130 144 128 1
 89 110 99 0
 72 109 99 0
 70 109 98 0
 70 115 97 0
 67 107 91 0
 65 105 90 0
 74 116 98 0
 63 96 84 0
 67 107 99 0
 64 108 99 0
 69 118 109 0
 61 109 97 0
 57 99 85 0
 71 114 103 0
 75 116 107 0
 65 108 99 0
 62 104 96 0
 67 110 101 0
 71 113 105 0
 69 109 100 0
 80 120 111 0
 86 119 112 0
 107 130 124 0
 171 180 173 1
 133 153 141 0
 107 133 121 0
 95 129 117 0
50 150 100 0
 100 131 104 0
 99 134 104 0
 91 129 101 0
 83 127 98 0
 97 137 107 0
 96 135 107 0
 94 135 108 0
 80 123 94 0
 86 128 101 0
 85 129 99 0
 73 115 84 0
 96 137 106 0
 97 138 106 0
 84 128 96 0
 85 128 96 0
 73 117 84 0
 69 114 81 0
 72 116 85 0
 66 111 82 0
 69 116 85 0
 56 101 73 0
 68 121 89 0
 61 110 79 0
 59 95 72 0
 75 114 91 0
 69 111 88 0
 54 88 71 0
 67 113 86 0
 71 113 93 0
 88 125 108 0
 137 151 133 1
 107 126 107 0
 87 112 100 0
 65 101 92 0
 71 110 100 0
 74 119 100 0
 67 108 91 0
 56 91 77 0
 65 105 89 0
 70 105 96 0
 56 94 87 0
 61 105 97 0
 68 118 107 0
 58 103 90 0
 65 108 94 0
 72 113 103 0
 68 109 101 0
 65 108 99 0
 75 119 110 0
 64 107 96 0
 71 113 103 0
 70 110 100 0
 81 120 112 0
 92 123 116 0
 116 138 130 0
 170 180 172 1
 121 144 132 0
 103 134 122 0
 12 17 14 0
50 150 100 0
50 150 100 0
 95 127 100 0
 89 126 98 0
 87 129 101 0
 86 128 98 0
 98 138 109 0
 93 134 107 0
 88 131 103 0
 93 137 108 0
 85 129 100 0
 91 135 103 0
 96 137 105 0
 78 118 86 0
 89 133 101 0
 82 126 93 0
 70 112 80 0
 62 108 75 0
 73 120 87 0
 66 112 80 0
 68 114 83 0
 61 107 78 0
 66 120 89 0
 60 107 78 0
 59 95 73 0
 68 107 85 0
 67 108 85 0
 61 98 76 0
 59 102 77 0
 73 114 96 0
 93 125 109 0
 175 180 160 1
 90 115 93 0
 85 115 102 0
 75 112 103 0
 80 120 110 0
 70 115 96 0
 69 106 90 0
 64 102 89 0
 41 75 65 0
 68 106 98 0
 49 83 76 0
 63 106 98 0
 66 114 100 0
 60 105 90 0
 65 108 93 0
 71 111 100 0
 68 110 101 0
 71 113 104 0
 56 98 87 0
 71 114 104 0
 70 111 100 0
 76 116 106 0
 91 125 117 0
 107 131 124 0
 168 178 170 1
 142 161 150 0
 114 138 125 0
 102 132 121 0
50 150 100 0
50 150 100 0
50 150 100 0
 94 125 99 0
 89 123 96 0
 94 133 105 0
 75 116 88 0
 96 136 108 0
 92 134 107 0
 69 112 85 0
 91 134 107 0
 86 129 101 0
 91 135 104 0
 79 120 89 0
 88 130 98 0
 87 130 99 0
 75 119 86 0
 68 110 78 0
 54 100 67 0
 72 119 86 0
 62 107 77 0
 80 128 95 0
 68 115 86 0
 65 119 89 0
 60 108 78 0
 59 96 74 0
 68 107 85 0
 67 108 84 0
 61 97 76 0
 54 89 71 0
 71 111 94 0
 93 126 108 0
 131 144 121 1
 83 114 86 0
 88 119 103 0
 96 134 125 0
 71 111 97 0
 64 107 89 0
 76 110 93 0
 53 84 72 0
 73 111 103 0
 68 104 97 0
 61 97 89 0
 56 101 91 0
 64 110 96 0
 64 108 92 0
 64 105 90 0
 66 105 94 0
 69 111 102 0
 66 108 100 0
 66 109 98 0
 67 109 98 0
 70 110 99 0
 80 121 110 0
 97 127 118 0
 112 131 123 0
 161 171 164 1
 134 152 142 0
 104 131 120 0
 98 128 117 0
50 150 100 0
50 150 100 0
50 150 100 0
50 150 100 0
 91 124 99 0
 93 130 104 0
 78 118 92 0
 93 134 106 0
 91 132 105 0
 85 127 100 0
 87 130 103 0
 84 127 100 0
 89 135 105 0
 76 119 88 0
 87 127 97 0
 66 105 75 0
 74 117 84 0
 65 107 75 0
 65 110 77 0
 78 124 92 0
 65 106 80 0
 81 130 99 0
 67 113 83 0
 67 118 90 0
 53 102 73 0
 64 102 79 0
 64 102 81 0
 62 102 80 0
 53 85 67 0
 50 76 63 0
 60 96 82 0
 86 121 102 0
 103 122 99 0
 86 116 91 0
 84 120 104 0
 78 117 107 0
 59 93 79 0
 66 106 89 0
 77 110 94 0
 64 98 87 0
 73 112 105 0
 66 101 92 0
 67 106 96 0
 51 94 82 0
 55 98 84 0
 65 108 92 0
 63 101 88 0
 60 100 89 0
 62 104 95 0
 71 114 104 0
 70 113 102 0
 62 102 90 0
 71 112 101 0
 85 122 112 0
 108 128 120 0
 175 180 174 1
 151 164 157 0
 122 142 132 0
 101 128 117 0
50 150 100 0
50 150 100 0
50 150 100 0
50 150 100 0
50 150 100 0
 86 116 94 0
 93 131 105 0
 79 118 93 0
 89 128 104 0
 84 125 97 0
 84 125 99 0
 87 130 103 0
 78 121 94 0
 87 133 104 0
 81 128 95 0
 88 130 99 0
 81 119 90 0
 80 122 90 0
 64 106 74 0
 66 109 78 0
 78 122 91 0
 71 110 86 0
 78 128 99 0
 66 115 85 0
 51 98 73 0
 58 103 75 0
 71 111 87 0
 60 95 77 0
 60 102 79 0
 60 93 74 0
 45 68 57 0
 66 101 88 0
 70 99 78 0
 85 108 86 0
 86 115 92 0
 79 113 98 0
 72 109 99 0
 67 103 90 0
 68 107 90 0
 71 103 88 0
 62 99 88 0
 58 92 84 0
 68 104 95 0
 67 108 98 0
 47 85 75 0
 65 109 96 0
 60 101 85 0
 57 93 81 0
 65 109 97 0
 60 101 91 0
 69 111 100 0
 65 107 96 0
 64 101 90 0
 72 112 103 0
 92 124 114 0
 114 132 122 0
 186 190 185 1
 116 137 127 0
 115 139 127 0
 83 105 97 0
50 150 100 0
50 150 100 0
50 150 100 0
50 150 100 0
50 150 100 0
50 150 100 0
 94 128 103 0
 94 133 107 0
 95 134 110 0
 79 119 93 0
 85 126 101 0
 90 133 108 0
 69 112 86 0
 82 127 100 0
 79 126 93 0
 82 127 95 0
 86 128 97 0
 82 123 91 0
 66 109 76 0
 71 116 84 0
 70 114 82 0
 80 121 94 0
 68 117 89 0
 61 111 81 0
 50 95 72 0
 58 103 78 0
 68 107 85 0
 62 92 79 0
 64 105 83 0
 64 100 79 0
 57 82 70 0
 87 123 107 0
 60 82 64 0
 97 120 97 0
 80 108 90 0
 86 122 109 0
 81 120 108 0
 63 99 85 0
 67 105 89 0
 59 87 74 0
 75 114 102 0
 69 107 99 0
 70 110 102 0
 52 91 79 0
 67 108 96 0
 56 98 83 0
 65 104 89 0
 55 94 81 0
 64 108 96 0
 62 104 93 0
 66 109 97 0
 58 94 83 0
 71 109 99 0
 78 116 107 0
 97 124 114 0
 135 151 140 0
 167 175 169 1
 113 134 125 0
 115 140 128 0
50 150 100 0
50 150 100 0
50 150 100 0
50 150 100 0
50 150 100 0
50 150 100 0
50 150 100 0
 92 122 100 0
 99 135 110 0
 83 121 99 0
 90 129 106 0
 89 129 104 0
 95 139 113 0
 85 130 104 0
 87 134 106 0
 74 120 90 0
 75 123 89 0
 84 128 97 0
 71 113 82 0
 61 105 73 0
 71 117 85 0
 61 106 76 0
 69 112 85 0
 66 106 84 0
 59 109 80 0
 59 107 80 0
 51 93 71 0
 61 100 78 0
 69 104 88 0
 55 94 74 0
 69 108 86 0
 74 103 91 0
 76 110 99 0
 114 135 116 1
 92 115 93 0
 87 116 100 0
 93 130 117 0
 76 115 101 0
 58 93 79 0
 67 105 89 0
 62 90 77 0
 69 108 98 0
 71 109 98 0
 78 121 114 0
 59 99 87 0
 69 111 98 0
 66 109 93 0
 60 98 83 0
 53 91 78 0
 62 108 95 0
 58 97 85 0
 61 103 89 0
 63 98 86 0
 72 109 101 0
 85 118 109 0
 119 140 129 0
 202 203 197 1
 121 138 131 0
 102 123 114 0
 95 118 108 0
50 150 100 0
50 150 100 0
50 150 100 0
50 150 100 0
50 150 100 0
50 150 100 0
50 150 100 0
50 150 100 0
 97 133 108 0
 85 123 101 0
 87 126 104 0
 94 135 112 0
 92 137 113 0
 87 133 107 0
 86 132 105 0
 79 124 95 0
 75 124 91 0
 80 129 97 0
 62 108 76 0
 67 112 79 0
 72 120 88 0
 65 113 84 0
 62 105 80 0
 62 102 80 0
 55 104 76 0
 59 106 80 0
 58 98 77 0
 52 90 71 0
 72 112 92 0
 62 103 81 0
 69 108 86 0
 77 109 96 0
 86 119 106 0
 138 148 130 1
 91 113 92 0
 92 121 103 0
 80 115 102 0
 69 108 94 0
 72 113 96 0
 57 87 73 0
 73 113 98 0
 47 84 75 0
 70 110 99 0
 59 98 90 0
 63 103 90 0
 60 102 89 0
 63 104 89 0
 57 92 78 0
 63 107 92 0
 55 98 85 0
 58 98 85 0
 54 95 81 0
 73 110 99 0
 75 112 104 0
 93 123 113 0
 124 141 130 0
 179 185 177 1
 112 130 121 0
 114 136 126 0
50 150 100 0
50 150 100 0
50 150 100 0
50 150 100 0
50 150 100 0
50 150 100 0
50 150 100 0
50 150 100 0
50 150 100 0
 81 113 93 0
 88 128 105 0
 83 122 100 0
 95 136 114 0
 87 132 108 0
 84 132 106 0
 83 129 101 0
 79 123 96 0
 74 123 92 0
 75 128 95 0
 51 97 65 0
 67 113 80 0
 68 114 84 0
 65 115 85 0
 55 98 74 0
 68 112 87 0
 58 105 80 0
 61 109 83 0
 57 96 77 0
 62 102 83 0
 70 116 93 0
 56 93 75 0
 68 106 87 0
 74 109 95 0
 98 123 111 0
 189 186 172 1
 93 118 99 0
 91 124 110 0
 79 113 101 0
 68 104 91 0
 71 115 96 0
 73 109 92 0
 68 109 93 0
 61 102 88 0
 73 115 105 0
 55 92 83 0
 61 100 88 0
 62 106 91 0
 56 94 79 0
 58 95 81 0
 61 108 93 0
 59 98 86 0
 55 93 81 0
 71 110 99 0
 75 113 103 0
 85 121 111 0
 106 131 120 0
 160 168 158 1
 126 140 132 0
 116 138 128 0
 111 134 124 0
50 150 100 0
50 150 100 0
50 150 100 0
50 150 100 0
50 150 100 0
50 150 100 0
50 150 100 0
50 150 100 0
50 150 100 0
50 150 100 0
 89 130 109 0
 80 119 98 0
 96 136 113 0
 87 131 106 0
 81 128 102 0
 84 131 103 0
 74 119 92 0
 71 119 90 0
 69 122 90 0
 60 112 79 0
 64 108 77 0
 63 111 82 0
 67 116 86 0
 70 117 88 0
 68 116 89 0
 59 107 81 0
 57 105 79 0
 61 102 81 0
 71 116 94 0
 69 115 92 0
 58 100 79 0
 64 104 85 0
 83 115 100 0
 140 149 135 0
 91 111 92 0
 94 119 101 0
 84 113 98 0
 71 103 93 0
 71 112 98 0
 64 104 86 0
 76 117 101 0
 58 100 85 0
 70 112 100 0
 77 119 108 0
 62 100 89 0
 65 107 93 0
 69 114 98 0
 58 95 81 0
 59 101 88 0
 55 97 82 0
 70 109 97 0
 58 95 83 0
 74 113 104 0
 77 116 105 0
 92 125 114 0
 111 132 121 0
 151 158 149 1
 153 179 167 0
 120 144 133 0
50 150 100 0
50 150 100 0
50 150 100 0
50 150 100 0
50 150 100 0
50 150 100 0
50 150 100 0
50 150 100 0
50 150 100 0
50 150 100 0
50 150 100 0
 88 128 110 0
 77 122 100 0
 76 116 95 0
 93 134 111 0
 85 130 106 0
 91 138 110 0
 69 117 88 0
 67 117 89 0
 70 123 92 0
 66 117 86 0
 59 103 75 0
 62 108 81 0
 64 112 82 0
 67 113 84 0
 66 115 88 0
 54 104 78 0
 57 103 78 0
 55 95 75 0
 69 119 95 0
 56 103 77 0
 60 100 79 0
 63 104 85 0
 101 127 111 0
 153 158 146 1
 101 119 101 0
 86 112 93 0
 75 102 87 0
 68 97 89 0
 68 108 97 0
 63 104 89 0
 81 124 107 0
 59 100 86 0
 66 109 95 0
 63 104 93 0
 69 109 94 0
 64 108 91 0
 50 91 75 0
 61 99 85 0
 64 105 93 0
 55 96 82 0
 73 114 99 0
 68 106 93 0
 72 111 101 0
 86 122 112 0
 101 126 116 0
 133 144 135 0
 168 170 164 1
 123 144 132 0
 113 135 124 0
50 150 100 0
50 150 100 0
50 150 100 0
50 150 100 0
50 150 100 0
50 150 100 0
50 150 100 0
50 150 100 0
50 150 100 0
50 150 100 0
50 150 100 0
50 150 100 0
 78 126 105 0
 74 116 94 0
 89 130 109 0
 98 140 117 0
 88 135 107 0
 62 111 81 0
 70 123 95 0
 77 129 100 0
 63 111 82 0
 68 115 86 0
 62 106 81 0
 70 114 86 0
 51 91 63 0
 58 105 79 0
 46 94 69 0
 58 104 78 0
 54 93 74 0
 63 113 89 0
 47 92 67 0
 56 96 74 0
 66 109 89 0
 75 109 91 0
 124 137 121 1
 89 109 92 0
 77 104 85 0
 66 92 82 0
 78 112 102 0
 54 91 82 0
 73 116 100 0
 62 101 89 0
 56 95 83 0
 72 114 102 0
 51 90 79 0
 63 104 89 0
 68 112 96 0
 57 99 82 0
 62 102 87 0
 56 98 84 0
 65 109 92 0
 64 106 89 0
 67 105 91 0
 72 109 98 0
 90 123 113 0
 114 135 125 0
 216 213 208 1
 139 156 145 0
 126 150 137 0
50 150 100 0
50 150 100 0
50 150 100 0
50 150 100 0
50 150 100 0
50 150 100 0
50 150 100 0
50 150 100 0
50 150 100 0
50 150 100 0
50 150 100 0
50 150 100 0
50 150 100 0
 82 129 109 0
 67 114 90 0
 80 122 100 0
 98 141 118 0
 74 123 93 0
 57 106 76 0
 68 128 98 0
 65 118 88 0
 56 102 74 0
 65 114 85 0
 64 106 82 0
 78 121 93 0
 68 113 84 0
 60 106 81 0
 46 91 68 0
 64 112 86 0
 51 93 71 0
 59 102 81 0
 53 96 74 0
 52 90 71 0
 70 113 92 0
 104 125 110 0
 140 147 132 1
 82 103 87 0
 73 101 86 0
 73 100 88 0
 75 107 99 0
 71 108 102 0
 77 120 105 0
 63 104 92 0
 57 96 85 0
 50 92 80 0
 55 93 80 0
 77 123 107 0
 61 108 88 0
 64 106 90 0
 62 104 88 0
 61 103 88 0
 60 103 87 0
 57 97 80 0
 68 107 92 0
 82 119 108 0
 101 132 122 0
 117 135 125 0
 198 199 194 1
 128 149 136 0
 102 120 109 0
50 150 100 0
50 150 100 0
50 150 100 0
50 150 100 0
50 150 100 0
50 150 100 0
50 150 100 0
50 150 100 0
50 150 100 0
50 150 100 0
50 150 100 0
50 150 100 0
50 150 100 0
50 150 100 0
 67 117 92 0
 77 122 98 0
 84 128 106 0
 67 113 86 0
 54 100 74 0
 69 130 101 0
 58 113 84 0
 46 94 65 0
 61 107 79 0
 75 117 93 0
 76 121 93 0
 74 125 94 0
 57 103 78 0
 58 106 81 0
 68 115 90 0
 55 97 75 0
 55 99 78 0
 48 90 68 0
 56 93 74 0
 64 98 82 0
 99 123 107 0
 129 137 121 1
 74 100 85 0
 57 83 69 0
 67 95 84 0
 84 121 113 0
 76 113 107 0
 70 111 96 0
 62 102 92 0
 59 98 87 0
 57 99 86 0
 50 89 76 0
 68 114 97 0
 58 103 84 0
 58 98 82 0
 57 98 83 0
 68 111 96 0
 62 105 87 0
 60 98 83 0
 73 112 98 0
 87 123 111 0
 108 130 119 0
 156 166 160 0
 130 147 135 0
 109 124 113 0
50 150 100 0
50 150 100 0
50 150 100 0
50 150 100 0
50 150 100 0
50 150 100 0
50 150 100 0
50 150 100 0
50 150 100 0
50 150 100 0
50 150 100 0
50 150 100 0
50 150 100 0
50 150 100 0
50 150 100 0
 72 117 97 0
 70 119 93 0
 78 123 101 0
 68 115 90 0
 69 118 91 0
 69 128 99 0
 50 105 77 0
 53 104 75 0
 70 117 88 0
 60 101 75 0
 78 122 97 0
 67 116 86 0
 64 116 87 0
 58 102 80 0
 68 114 92 0
 54 95 74 0
 55 96 77 0
 63 110 87 0
 51 90 72 0
 70 115 92 0
 135 142 126 1
 94 108 90 0
 64 83 70 0
 68 98 81 0
 75 107 95 0
 76 115 106 0
 73 110 103 0
 57 94 81 0
 59 101 91 0
 55 96 85 0
 70 114 97 0
 56 97 81 0
 53 95 80 0
 62 106 88 0
 54 90 74 0
 61 102 85 0
 64 107 91 0
 61 101 85 0
 74 115 100 0
 76 115 101 0
 94 126 114 0
 115 134 124 0
 203 204 199 1
 135 147 135 0
 120 137 125 0
50 150 100 0
50 150 100 0
50 150 100 0
50 150 100 0
50 150 100 0
50 150 100 0
50 150 100 0
50 150 100 0
50 150 100 0
50 150 100 0
50 150 100 0
50 150 100 0
50 150 100 0
50 150 100 0
50 150 100 0
50 150 100 0
 79 125 102 0
 77 122 99 0
 64 108 86 0
 68 115 90 0
 70 123 96 0
 55 116 86 0
 61 115 86 0
 74 122 92 0
 79 123 97 0
 72 118 91 0
 61 108 80 0
 62 114 86 0
 59 105 83 0
 68 116 92 0
 64 107 88 0
 49 87 71 0
 64 113 94 0
 54 96 77 0
 80 120 101 0
 149 152 136 1
 85 105 85 0
 70 100 83 0
 77 109 92 0
 76 109 97 0
 63 101 93 0
 73 112 104 0
 59 96 82 0
 48 86 75 0
 71 117 102 0
 54 97 78 0
 71 112 96 0
 44 82 68 0
 63 108 91 0
 61 102 85 0
 63 106 89 0
 62 104 88 0
 62 101 85 0
 75 118 102 0
 85 124 108 0
 107 133 120 0
 134 149 141 0
 201 202 197 1
 130 145 132 0
50 150 100 0
50 150 100 0
50 150 100 0
50 150 100 0
50 150 100 0
50 150 100 0
50 150 100 0
50 150 100 0
50 150 100 0
50 150 100 0
50 150 100 0
50 150 100 0
50 150 100 0
50 150 100 0
50 150 100 0
50 150 100 0
50 150 100 0
 69 113 90 0
 75 118 95 0
 57 92 78 0
 63 111 88 0
 67 118 92 0
 60 118 89 0
 72 126 98 0
 75 124 95 0
 82 127 100 0
 62 104 78 0
 50 86 61 0
 64 117 90 0
 68 116 95 0
 61 108 84 0
 52 90 70 0
 55 94 77 0
 58 101 83 0
 70 112 91 0
 102 123 111 0
 146 152 137 1
 82 111 89 0
 64 89 75 0
 71 102 86 0
 81 119 104 0
 62 102 93 0
 61 99 87 0
 42 76 64 0
 50 87 76 0
 59 105 88 0
 55 94 77 0
 64 104 87 0
 49 87 74 0
 53 96 79 0
 62 107 88 0
 58 102 85 0
 68 110 93 0
 75 118 102 0
 78 119 102 0
 89 123 108 0
 126 145 134 0
 191 192 186 0
 141 151 140 0
 125 140 129 0
50 150 100 0
50 150 100 0
50 150 100 0
50 150 100 0
50 150 100 0
50 150 100 0
50 150 100 0
50 150 100 0
50 150 100 0
50 150 100 0
50 150 100 0
50 150 100 0
50 150 100 0
50 150 100 0
50 150 100 0
50 150 100 0
50 150 100 0
 77 120 97 0
 63 95 75 0
 72 111 94 0
 73 118 101 0
 70 121 96 0
 79 134 107 0
 70 126 98 0
 81 127 99 0
 78 123 96 0
 61 100 75 0
 53 93 68 0
 52 102 75 0
 63 113 89 0
 51 95 74 0
 54 92 72 0
 65 111 90 0
 51 92 75 0
 96 136 118 0
 143 143 129 1
 95 121 98 0
 67 94 73 0
 75 104 88 0
 70 100 84 0
 74 112 97 0
 55 94 84 0
 51 85 78 0
 52 90 76 0
 63 104 91 0
 57 106 86 0
 61 105 87 0
 56 96 80 0
 72 119 105 0
 53 97 79 0
 56 101 82 0
 57 104 87 0
 63 105 87 0
 71 112 94 0
 75 110 94 0
 112 136 124 0
 127 143 133 0
 161 163 155 0
 133 147 135 0
 12 16 13 0
50 150 100 0
50 150 100 0
50 150 100 0
50 150 100 0
50 150 100 0
50 150 100 0
50 150 100 0
50 150 100 0
50 150 100 0
50 150 100 0
50 150 100 0
50 150 100 0
50 150 100 0
50 150 100 0
50 150 100 0
50 150 100 0
50 150 100 0
50 150 100 0
 67 106 87 0
 71 106 90 0
 79 128 109 0
 72 123 100 0
 76 128 105 0
 58 108 83 0
 77 123 97 0
 78 118 93 0
 71 113 86 0
 62 109 82 0
 67 118 90 0
 56 103 79 0
 54 97 76 0
 61 102 81 0
 49 93 73 0
 51 89 73 0
 82 107 90 0
 211 198 189 1
 83 112 91 0
 65 92 74 0
 76 112 94 0
 67 95 81 0
 69 104 90 0
 51 85 79 0
 72 115 101 0
 49 90 76 0
 57 103 87 0
 62 113 91 0
 58 103 85 0
 40 79 62 0
 60 106 91 0
 52 97 77 0
 53 98 80 0
 60 108 90 0
 59 101 83 0
 69 104 88 0
 90 120 106 0
 115 135 124 0
 139 149 139 0
 169 167 158 0
 122 133 122 0
50 150 100 0
50 150 100 0
50 150 100 0
50 150 100 0
50 150 100 0
50 150 100 0
50 150 100 0
50 150 100 0
50 150 100 0
50 150 100 0
50 150 100 0
50 150 100 0
50 150 100 0
50 150 100 0
50 150 100 0
50 150 100 0
50 150 100 0
50 150 100 0
50 150 100 0
 74 114 98 0
 47 75 61 0
 77 130 110 0
 65 114 93 0
 60 102 82 0
 78 126 104 0
 69 115 91 0
 67 101 77 0
 76 114 90 0
 58 108 81 0
 55 105 78 0
 45 87 64 0
 64 112 86 0
 53 95 74 0
 53 91 75 0
 53 89 73 0
 113 136 118 0
 171 163 149 1
 103 109 93 0
 58 81 68 0
 50 76 66 0
 77 107 94 0
 71 105 93 0
 49 84 78 0
 44 77 66 0
 60 102 90 0
 56 103 86 0
 56 106 86 0
 51 90 74 0
 51 91 75 0
 61 108 91 0
 56 101 81 0
 46 89 74 0
 58 103 86 0
 59 95 78 0
 75 106 90 0
 111 131 120 0
 135 141 133 0
 199 188 181 0
 136 142 131 0
50 150 100 0
50 150 100 0
50 150 100 0
50 150 100 0
50 150 100 0
50 150 100 0
50 150 100 0
50 150 100 0
50 150 100 0
50 150 100 0
50 150 100 0
50 150 100 0
50 150 100 0
50 150 100 0
50 150 100 0
50 150 100 0
50 150 100 0
50 150 100 0
50 150 100 0
50 150 100 0
50 150 100 0
 69 105 90 0
 76 122 103 0
 79 128 108 0
 76 116 97 0
 62 107 86 0
 76 123 98 0
 66 101 77 0
 56 92 73 0
 60 110 84 0
 37 81 59 0
 38 76 56 0
 58 105 81 0
 59 100 80 0
 52 89 74 0
 54 89 74 0
 87 120 101 0
 164 167 151 1
 87 102 85 0
 76 105 88 0
 69 100 86 0
 67 95 84 0
 69 105 97 0
 64 102 95 0
 48 81 72 0
 62 101 93 0
 45 87 71 0
 59 104 86 0
 61 106 87 0
 56 101 84 0
 59 107 88 0
 56 102 82 0
 55 98 82 0
 51 94 76 0
 65 98 82 0
 83 109 95 0
 134 140 132 0
 199 164 164 0
 221 190 189 0
 144 133 127 0
50 150 100 0
50 150 100 0
50 150 100 0
50 150 100 0
50 150 100 0
50 150 100 0
50 150 100 0
50 150 100 0
50 150 100 0
50 150 100 0
50 150 100 0
50 150 100 0
50 150 100 0
50 150 100 0
50 150 100 0
50 150 100 0
50 150 100 0
50 150 100 0
50 150 100 0
50 150 100 0
50 150 100 0
 82 119 103 0
 82 118 100 0
 86 130 111 0
 67 108 88 0
 66 110 92 0
 69 121 99 0
 64 112 84 0
 67 105 83 0
 54 100 76 0
 54 98 77 0
 46 87 65 0
 56 101 81 0
 47 90 72 0
 58 97 80 0
 60 97 83 0
 88 120 103 0
 115 126 108 0
 74 96 77 0
 73 107 91 0
 78 110 98 0
 62 90 82 0
 72 107 101 0
 65 104 97 0
 50 80 74 0
 52 92 82 0
 52 92 78 0
 69 115 98 0
 54 99 80 0
 56 102 85 0
 52 100 82 0
 54 95 79 0
 55 97 80 0
 57 97 78 0
 81 107 92 0
 119 135 123 0
 237 197 197 0
 253 231 226 0
 234 203 206 0
50 150 100 0
50 150 100 0
50 150 100 0
50 150 100 0
50 150 100 0
50 150 100 0
50 150 100 0
50 150 100 0
50 150 100 0
50 150 100 0
50 150 100 0
50 150 100 0
50 150 100 0
50 150 100 0
50 150 100 0
50 150 100 0
50 150 100 0
50 150 100 0
50 150 100 0
50 150 100 0
50 150 100 0
50 150 100 0
50 150 100 0
 79 111 97 0
 97 135 116 0
 74 115 96 0
 57 101 81 0
 64 117 92 0
 51 102 74 0
 64 114 87 0
 52 95 75 0
 48 91 72 0
 62 110 86 0
 55 96 79 0
 45 85 73 0
 55 94 79 0
 43 76 62 0
 76 117 100 0
 128 134 116 1
 73 98 80 0
 59 93 81 0
 83 121 112 0
 69 100 95 0
 66 104 98 0
 67 101 94 0
 68 109 101 0
 57 93 83 0
 64 107 95 0
 71 115 99 0
 54 97 80 0
 54 100 84 0
 51 98 80 0
 62 106 89 0
 57 98 80 0
 55 87 71 0
 88 113 98 0
 145 144 134 0
 247 225 221 0
 253 243 231 0
 250 239 233 0
50 150 100 0
50 150 100 0
50 150 100 0
50 150 100 0
50 150 100 0
50 150 100 0
50 150 100 0
50 150 100 0
50 150 100 0
50 150 100 0
50 150 100 0
50 150 100 0
50 150 100 0
50 150 100 0
50 150 100 0
50 150 100 0
50 150 100 0
50 150 100 0
50 150 100 0
50 150 100 0
50 150 100 0
50 150 100 0
50 150 100 0
 68 99 87 0
 82 123 106 0
 67 108 89 0
 62 103 81 0
 61 108 86 0
 50 102 74 0
 60 113 85 0
 48 94 72 0
 56 101 82 0
 57 106 86 0
 64 107 93 0
 56 97 84 0
 52 85 73 0
 62 101 84 0
 118 134 116 1
 97 123 100 0
 73 97 81 0
 67 102 88 0
 69 108 98 0
 72 107 100 0
 63 108 98 0
 52 83 77 0
 66 101 98 0
 47 80 75 0
 56 90 80 0
 61 105 89 0
 47 89 75 0
 44 86 73 0
 61 107 90 0
 51 92 75 0
 59 94 77 0
 68 94 80 0
 104 122 110 0
 247 234 231 0
 251 237 227 0
 253 251 239 0
 34 31 29 0
50 150 100 0
50 150 100 0
50 150 100 0
50 150 100 0
50 150 100 0
50 150 100 0
50 150 100 0
50 150 100 0
50 150 100 0
50 150 100 0
50 150 100 0
50 150 100 0
50 150 100 0
50 150 100 0
50 150 100 0
50 150 100 0
50 150 100 0
50 150 100 0
50 150 100 0
50 150 100 0
50 150 100 0
50 150 100 0
50 150 100 0
50 150 100 0
 62 98 83 0
 69 113 94 0
 57 100 76 0
 44 84 62 0
 51 99 74 0
 39 83 58 0
 54 107 82 0
 56 103 82 0
 44 88 71 0
 66 110 97 0
 50 89 79 0
 59 93 82 0
 77 120 102 0
 134 148 133 1
 84 114 92 0
 67 95 79 0
 69 105 90 0
 70 111 101 0
 53 87 81 0
 60 106 96 0
 57 95 87 0
 67 102 98 0
 56 90 81 0
 63 106 94 0
 58 105 87 0
 57 99 84 0
 53 94 81 0
 55 100 83 0
 59 100 83 0
 65 98 82 0
 87 108 95 0
 147 146 135 0
 251 244 240 0
 251 245 231 0
 246 246 233 0
50 150 100 0
50 150 100 0
50 150 100 0
50 150 100 0
50 150 100 0
50 150 100 0
50 150 100 0
50 150 100 0
50 150 100 0
50 150 100 0
50 150 100 0
50 150 100 0
50 150 100 0
50 150 100 0
50 150 100 0
50 150 100 0
50 150 100 0
50 150 100 0
50 150 100 0
50 150 100 0
50 150 100 0
50 150 100 0
50 150 100 0
50 150 100 0
50 150 100 0
 71 111 95 0
 70 116 96 0
 42 80 57 0
 57 94 71 0
 61 113 89 0
 64 116 90 0
 36 73 55 0
 59 107 85 0
 59 104 87 0
 41 80 67 0
 47 81 74 0
 50 82 74 0
 71 111 98 0
 125 145 130 1
 56 81 64 0
 63 94 77 0
 74 103 91 0
 69 114 103 0
 61 95 84 0
 61 103 96 0
 59 102 94 0
 52 88 81 0
 60 106 94 0
 60 100 88 0
 58 109 90 0
 56 99 81 0
 58 103 87 0
 50 88 72 0
 52 88 72 0
 72 105 89 0
 107 119 106 0
 250 250 247 0
 249 242 233 0
 250 250 233 0
 0 0 0 0
50 150 100 0
50 150 100 0
50 150 100 0
50 150 100 0
50 150 100 0
50 150 100 0
50 150 100 0
50 150 100 0
50 150 100 0
50 150 100 0
50 150 100 0
50 150 100 0
50 150 100 0
50 150 100 0
50 150 100 0
50 150 100 0
50 150 100 0
50 150 100 0
50 150 100 0
50 150 100 0
50 150 100 0
50 150 100 0
50 150 100 0
50 150 100 0
50 150 100 0
50 150 100 0
 72 111 94 0
 67 112 90 0
 62 102 77 0
 68 122 97 0
 56 108 82 0
 67 118 94 0
 48 91 73 0
 63 120 99 0
 58 100 87 0
 50 80 74 0
 55 86 79 0
 79 119 104 0
 159 166 153 1
 73 111 90 0
 57 89 72 0
 82 114 99 0
 73 116 105 0
 60 103 86 0
 48 81 74 0
 45 84 77 0
 52 83 77 0
 49 89 78 0
 58 100 87 0
 58 109 90 0
 48 90 73 0
 56 99 83 0
 51 88 72 0
 64 101 84 0
 77 105 90 0
 123 130 116 0
 251 251 248 0
 249 243 238 0
 245 243 227 0
50 150 100 0
50 150 100 0
50 150 100 0
50 150 100 0
50 150 100 0
50 150 100 0
50 150 100 0
50 150 100 0
50 150 100 0
50 150 100 0
50 150 100 0
50 150 100 0
50 150 100 0
50 150 100 0
50 150 100 0
50 150 100 0
50 150 100 0
50 150 100 0
50 150 100 0
50 150 100 0
50 150 100 0
50 150 100 0
50 150 100 0
50 150 100 0
50 150 100 0
50 150 100 0
50 150 100 0
 62 98 80 0
 64 108 89 0
 57 98 75 0
 55 108 84 0
 55 96 73 0
 63 118 94 0
 42 78 62 0
 56 114 93 0
 58 95 84 0
 55 81 76 0
 49 81 75 0
 62 102 89 0
 96 125 109 0
 48 85 68 0
 74 109 91 0
 61 98 84 0
 43 76 69 0
 50 86 73 0
 51 75 70 0
 61 101 95 0
 49 82 74 0
 63 107 94 0
 45 88 74 0
 48 91 76 0
 55 95 79 0
 47 85 69 0
 59 98 81 0
 64 97 80 0
 83 108 91 0
 251 250 246 0
 254 254 252 0
 249 245 240 0
 0 0 0 0
50 150 100 0
50 150 100 0
50 150 100 0
50 150 100 0
50 150 100 0
50 150 100 0
50 150 100 0
50 150 100 0
50 150 100 0
50 150 100 0
50 150 100 0
50 150 100 0
50 150 100 0
50 150 100 0
50 150 100 0
50 150 100 0
50 150 100 0
50 150 100 0
50 150 100 0
50 150 100 0
50 150 100 0
50 150 100 0
50 150 100 0
50 150 100 0
50 150 100 0
50 150 100 0
50 150 100 0
50 150 100 0
 60 98 79 0
 64 108 88 0
 64 128 103 0
 43 85 60 0
 57 103 81 0
 41 74 60 0
 56 102 87 0
 34 79 65 0
 36 60 52 0
 51 79 73 0
 75 108 100 0
 138 149 136 1
 69 108 91 0
 59 89 75 0
 80 118 103 0
 64 102 92 0
 59 95 82 0
 58 83 82 0
 60 96 89 0
 60 96 86 0
 54 92 83 0
 51 94 79 0
 60 104 89 0
 50 87 73 0
 59 101 83 0
 55 85 70 0
 75 105 87 0
 118 130 115 0
 252 252 249 0
 254 255 253 1
 249 249 246 0
50 150 100 0
50 150 100 0
50 150 100 0
50 150 100 0
50 150 100 0
50 150 100 0
50 150 100 0
50 150 100 0
50 150 100 0
50 150 100 0
50 150 100 0
50 150 100 0
50 150 100 0
50 150 100 0
50 150 100 0
50 150 100 0
50 150 100 0
50 150 100 0
50 150 100 0
50 150 100 0
50 150 100 0
50 150 100 0
50 150 100 0
50 150 100 0
50 150 100 0
50 150 100 0
50 150 100 0
50 150 100 0
50 150 100 0
 63 106 84 0
 60 105 87 0
 65 122 102 0
 40 85 60 0
 52 93 70 0
 49 88 71 0
 56 100 83 0
 36 67 56 0
 56 93 79 0
 71 104 95 0
 176 172 164 1
 84 107 93 0
 45 72 61 0
 67 102 89 0
 56 90 83 0
 61 100 93 0
 45 75 67 0
 66 109 103 0
 64 101 93 0
 47 77 70 0
 61 103 91 0
 61 106 91 0
 55 97 82 0
 61 106 89 0
 52 86 69 0
 59 85 70 0
 107 125 110 0
 249 249 244 0
 254 255 252 1
 253 253 252 0
50 150 100 0
50 150 100 0
50 150 100 0
50 150 100 0
50 150 100 0
50 150 100 0
50 150 100 0
50 150 100 0
50 150 100 0
50 150 100 0
50 150 100 0
50 150 100 0
50 150 100 0
50 150 100 0
50 150 100 0
50 150 100 0
50 150 100 0
50 150 100 0
50 150 100 0
50 150 100 0
50 150 100 0
50 150 100 0
50 150 100 0
50 150 100 0
50 150 100 0
50 150 100 0
50 150 100 0
50 150 100 0
50 150 100 0
50 150 100 0
50 150 100 0
 51 94 74 0
 63 117 100 0
 45 97 80 0
 46 83 63 0
 48 87 69 0
 46 87 71 0
 45 83 69 0
 68 114 99 0
 51 82 71 0
 132 138 128 1
 90 121 105 0
 69 98 88 0
 57 83 79 0
 53 87 82 0
 41 70 63 0
 50 79 72 0
 53 83 76 0
 46 82 72 0
 52 87 78 0
 61 103 92 0
 48 88 74 0
 50 93 80 0
 56 101 84 0
 56 82 68 0
 68 90 76 0
 114 116 104 0
 251 252 248 0
 254 255 253 1
 248 248 246 0
50 150 100 0
50 150 100 0
50 150 100 0
50 150 100 0
50 150 100 0
50 150 100 0
50 150 100 0
50 150 100 0
50 150 100 0
50 150 100 0
50 150 100 0
50 150 100 0
50 150 100 0
50 150 100 0
50 150 100 0
50 150 100 0
50 150 100 0
50 150 100 0
50 150 100 0
50 150 100 0
50 150 100 0
50 150 100 0
50 150 100 0
50 150 100 0
50 150 100 0
50 150 100 0
50 150 100 0
50 150 100 0
50 150 100 0
50 150 100 0
50 150 100 0
 64 106 86 0
 53 96 81 0
 55 106 88 0
 41 88 67 0
 60 105 84 0
 41 76 59 0
 59 99 87 0
 51 93 80 0
 65 103 87 0
 181 175 166 1
 81 108 95 0
 52 76 68 0
 69 101 95 0
 45 74 69 0
 61 91 85 0
 58 93 86 0
 55 88 77 0
 50 87 75 0
 63 109 98 0
 45 82 70 0
 48 84 71 0
 60 105 91 0
 50 84 67 0
 57 78 66 0
 90 101 89 0
 249 248 244 0
 254 255 252 1
 252 252 251 0
 0 0 0 0
50 150 100 0
50 150 100 0
50 150 100 0
50 150 100 0
50 150 100 0
50 150 100 0
50 150 100 0
50 150 100 0
50 150 100 0
50 150 100 0
50 150 100 0
50 150 100 0
50 150 100 0
50 150 100 0
50 150 100 0
50 150 100 0
50 150 100 0
50 150 100 0
50 150 100 0
50 150 100 0
50 150 100 0
50 150 100 0
50 150 100 0
50 150 100 0
50 150 100 0
50 150 100 0
50 150 100 0
50 150 100 0
50 150 100 0
50 150 100 0
50 150 100 0
 8 16 10 0
 46 80 64 0
 69 114 97 0
 46 90 70 0
 62 112 90 0
 49 86 76 0
 64 108 98 0
 45 82 71 0
 50 85 72 0
 126 135 124 1
 114 122 111 0
 64 93 85 0
 67 101 94 0
 49 76 72 0
 64 96 89 0
 55 88 80 0
 52 82 72 0
 49 82 73 0
 52 100 94 0
 49 83 72 0
 50 85 72 0
 52 95 85 0
 57 79 67 0
 80 97 84 0
 119 101 90 0
 251 250 247 0
 253 254 253 0
 251 251 249 0
50 150 100 0
50 150 100 0
50 150 100 0
50 150 100 0
50 150 100 0
50 150 100 0
50 150 100 0
50 150 100 0
50 150 100 0
50 150 100 0
50 150 100 0
50 150 100 0
50 150 100 0
50 150 100 0
50 150 100 0
50 150 100 0
50 150 100 0
50 150 100 0
50 150 100 0
50 150 100 0
50 150 100 0
50 150 100 0
50 150 100 0
50 150 100 0
50 150 100 0
50 150 100 0
50 150 100 0
50 150 100 0
50 150 100 0
50 150 100 0
50 150 100 0
50 150 100 0
50 150 100 0
 68 112 93 0
 51 84 69 0
 57 100 80 0
 59 101 83 0
 67 112 95 0
 57 110 95 0
 55 110 93 0
 69 100 88 0
 148 145 137 1
 75 108 97 0
 52 77 71 0
 48 76 73 0
 66 102 97 0
 46 73 65 0
 65 93 85 0
 46 75 66 0
 41 71 66 0
 41 82 74 0
 47 81 70 0
 61 105 90 0
 49 86 74 0
 57 78 66 0
 95 108 94 0
 234 195 172 0
 253 253 250 0
 252 252 250 0
 0 0 0 0
50 150 100 0
50 150 100 0
50 150 100 0
50 150 100 0
50 150 100 0
50 150 100 0
50 150 100 0
50 150 100 0
50 150 100 0
50 150 100 0
50 150 100 0
50 150 100 0
50 150 100 0
50 150 100 0
50 150 100 0
50 150 100 0
50 150 100 0
50 150 100 0
50 150 100 0
50 150 100 0
50 150 100 0
50 150 100 0
50 150 100 0
50 150 100 0
50 150 100 0
50 150 100 0
50 150 100 0
50 150 100 0
50 150 100 0
50 150 100 0
50 150 100 0
50 150 100 0
50 150 100 0
 73 118 100 0
 65 103 86 0
 47 80 64 0
 70 113 94 0
 43 80 68 0
 58 112 94 0
 47 95 77 0
 51 84 71 0
 88 113 99 0
 56 80 67 0
 59 84 78 0
 63 96 95 0
 60 99 95 0
 51 75 68 0
 57 91 82 0
 63 100 91 0
 46 74 67 0
 54 95 85 0
 40 72 63 0
 52 94 80 0
 50 74 64 0
 66 86 75 0
 208 122 113 0
 253 253 250 0
 254 255 253 1
 249 246 244 0
50 150 100 0
50 150 100 0
50 150 100 0
50 150 100 0
50 150 100 0
50 150 100 0
50 150 100 0
50 150 100 0
50 150 100 0
50 150 100 0
50 150 100 0
50 150 100 0
50 150 100 0
50 150 100 0
50 150 100 0
50 150 100 0
50 150 100 0
50 150 100 0
50 150 100 0
50 150 100 0
50 150 100 0
50 150 100 0
50 150 100 0
50 150 100 0
50 150 100 0
50 150 100 0
50 150 100 0
50 150 100 0
50 150 100 0
50 150 100 0
50 150 100 0
50 150 100 0
50 150 100 0
50 150 100 0
50 150 100 0
 68 110 92 0
 77 115 97 0
 61 99 78 0
 44 75 64 0
 55 98 90 0
 40 88 72 0
 52 61 54 0
 85 109 96 0
 64 85 75 0
 55 78 78 0
 38 58 55 0
 54 90 90 0
 63 90 82 0
 50 80 75 0
 50 88 81 0
 52 86 74 0
 58 90 80 0
 49 75 68 0
 57 102 86 0
 59 82 72 0
 79 79 75 0
 253 249 243 0
 253 254 252 0
 251 250 247 0
 0 0 0 0
50 150 100 0
50 150 100 0
50 150 100 0
50 150 100 0
50 150 100 0
50 150 100 0
50 150 100 0
50 150 100 0
50 150 100 0
50 150 100 0
50 150 100 0
50 150 100 0
50 150 100 0
50 150 100 0
50 150 100 0
50 150 100 0
50 150 100 0
50 150 100 0
50 150 100 0
50 150 100 0
50 150 100 0
50 150 100 0
50 150 100 0
50 150 100 0
50 150 100 0
50 150 100 0
50 150 100 0
50 150 100 0
50 150 100 0
50 150 100 0
50 150 100 0
50 150 100 0
50 150 100 0
50 150 100 0
50 150 100 0
 64 102 86 0
 71 115 98 0
 63 105 83 0
 64 104 87 0
 56 88 77 0
 55 97 87 0
 45 75 66 0
 185 168 162 1
 48 68 58 0
 68 104 102 0
 46 74 73 0
 47 76 76 0
 42 60 55 0
 57 94 90 0
 40 72 65 0
 58 100 87 0
 49 81 68 0
 58 96 84 0
 45 78 65 0
 61 81 74 0
 216 159 152 0
 253 251 247 0
 254 254 252 0
 248 240 237 0
 21 15 15 0
50 150 100 0
50 150 100 0
50 150 100 0
50 150 100 0
50 150 100 0
50 150 100 0
50 150 100 0
50 150 100 0
50 150 100 0
50 150 100 0
50 150 100 0
50 150 100 0
50 150 100 0
50 150 100 0
50 150 100 0
50 150 100 0
50 150 100 0
50 150 100 0
50 150 100 0
50 150 100 0
50 150 100 0
50 150 100 0
50 150 100 0
50 150 100 0
50 150 100 0
50 150 100 0
50 150 100 0
50 150 100 0
50 150 100 0
50 150 100 0
50 150 100 0
50 150 100 0
50 150 100 0
50 150 100 0
50 150 100 0
50 150 100 0
 58 102 88 0
 47 85 68 0
 57 101 80 0
 56 97 80 0
 54 91 81 0
 110 114 105 1
 45 57 48 0
 58 79 73 0
 51 81 79 0
 64 100 97 0
 46 69 69 0
 64 97 94 0
 46 67 63 0
 49 82 78 0
 47 79 68 0
 52 82 72 0
 54 92 79 0
 48 82 69 0
 106 103 95 0
 249 229 211 0
 253 254 252 0
 252 249 247 0
 231 200 195 0
50 150 100 0
50 150 100 0
50 150 100 0
50 150 100 0
50 150 100 0
50 150 100 0
50 150 100 0
50 150 100 0
50 150 100 0
50 150 100 0
50 150 100 0
50 150 100 0
50 150 100 0
50 150 100 0
50 150 100 0
50 150 100 0
50 150 100 0
50 150 100 0
50 150 100 0
50 150 100 0
50 150 100 0
50 150 100 0
50 150 100 0
50 150 100 0
50 150 100 0
50 150 100 0
50 150 100 0
50 150 100 0
50 150 100 0
50 150 100 0
50 150 100 0
50 150 100 0
50 150 100 0
50 150 100 0
50 150 100 0
50 150 100 0
50 150 100 0
 40 73 63 0
 59 99 88 0
 45 83 67 0
 43 80 68 0
 55 96 84 0
 88 95 82 0
 61 94 81 0
 47 69 63 0
 60 102 97 0
 41 64 60 0
 62 87 82 0
 59 82 79 0
 59 95 90 0
 49 84 74 0
 54 98 84 0
 41 68 57 0
 46 76 65 0
 51 86 74 0
 56 75 69 0
 233 189 174 0
 253 250 245 0
 247 228 224 0
 25 18 17 0
50 150 100 0
50 150 100 0
50 150 100 0
50 150 100 0
50 150 100 0
50 150 100 0
50 150 100 0
50 150 100 0
50 150 100 0
50 150 100 0
50 150 100 0
50 150 100 0
50 150 100 0
50 150 100 0
50 150 100 0
50 150 100 0
50 150 100 0
50 150 100 0
50 150 100 0
50 150 100 0
50 150 100 0
50 150 100 0
50 150 100 0
50 150 100 0
50 150 100 0
50 150 100 0
50 150 100 0
50 150 100 0
50 150 100 0
50 150 100 0
50 150 100 0
50 150 100 0
50 150 100 0
50 150 100 0
50 150 100 0
50 150 100 0
50 150 100 0
50 150 100 0
 37 66 58 0
 55 102 89 0
 50 81 71 0
 53 73 66 0
 152 139 132 1
 85 112 101 0
 43 65 55 0
 48 82 72 0
 54 78 73 0
 70 102 94 0
 50 73 68 0
 37 66 59 0
 47 86 76 0
 43 72 60 0
 54 87 75 0
 47 71 63 0
 45 70 62 0
 79 94 86 0
 172 127 122 0
 248 214 207 0
 232 167 158 0
50 150 100 0
50 150 100 0
50 150 100 0
50 150 100 0
50 150 100 0
50 150 100 0
50 150 100 0
50 150 100 0
50 150 100 0
50 150 100 0
50 150 100 0
50 150 100 0
50 150 100 0
50 150 100 0
50 150 100 0
50 150 100 0
50 150 100 0
50 150 100 0
50 150 100 0
50 150 100 0
50 150 100 0
50 150 100 0
50 150 100 0
50 150 100 0
50 150 100 0
50 150 100 0
50 150 100 0
50 150 100 0
50 150 100 0
50 150 100 0
50 150 100 0
50 150 100 0
50 150 100 0
50 150 100 0
50 150 100 0
50 150 100 0
50 150 100 0
50 150 100 0
50 150 100 0
 49 81 70 0
 35 67 58 0
 54 90 78 0
 62 90 82 0
 155 141 134 1
 65 92 79 0
 58 86 80 0
 33 58 51 0
 39 59 51 0
 64 99 92 0
 51 78 74 0
 29 56 51 0
 46 75 66 0
 42 69 61 0
 49 82 70 0
 42 70 58 0
 46 67 61 0
 61 85 76 0
 91 97 89 0
 108 80 78 0
50 150 100 0
50 150 100 0
50 150 100 0
50 150 100 0
50 150 100 0
50 150 100 0
50 150 100 0
50 150 100 0
50 150 100 0
50 150 100 0
50 150 100 0
50 150 100 0
50 150 100 0
50 150 100 0
50 150 100 0
50 150 100 0
50 150 100 0
50 150 100 0
50 150 100 0
50 150 100 0
50 150 100 0
50 150 100 0
50 150 100 0
50 150 100 0
50 150 100 0
50 150 100 0
50 150 100 0
50 150 100 0
50 150 100 0
50 150 100 0
50 150 100 0
50 150 100 0
50 150 100 0
50 150 100 0
50 150 100 0
50 150 100 0
50 150 100 0
50 150 100 0
50 150 100 0
50 150 100 0
50 150 100 0
 51 87 78 0
 42 75 63 0
 62 108 95 0
 131 128 114 1
 64 83 70 0
 42 64 54 0
 57 90 78 0
 43 68 60 0
 47 80 67 0
 40 60 51 0
 52 80 73 0
 34 56 47 0
 48 81 68 0
 48 76 64 0
 40 61 56 0
 54 82 75 0
 67 94 83 0
 75 92 83 0
 90 97 93 0
50 150 100 0
50 150 100 0
50 150 100 0
50 150 100 0
50 150 100 0
50 150 100 0
50 150 100 0
50 150 100 0
50 150 100 0
50 150 100 0
50 150 100 0
50 150 100 0
50 150 100 0
50 150 100 0
50 150 100 0
50 150 100 0
50 150 100 0
50 150 100 0
50 150 100 0
50 150 100 0
50 150 100 0
50 150 100 0
50 150 100 0
50 150 100 0
50 150 100 0
50 150 100 0
50 150 100 0
50 150 100 0
50 150 100 0
50 150 100 0
50 150 100 0
50 150 100 0
50 150 100 0
50 150 100 0
50 150 100 0
50 150 100 0
50 150 100 0
50 150 100 0
50 150 100 0
50 150 100 0
50 150 100 0
 49 88 77 0
 39 61 52 0
 29 55 45 0
 134 127 115 1
 47 66 57 0
 76 109 96 0
 41 67 59 0
 35 62 53 0
 57 98 86 0
 43 69 57 0
 40 62 56 0
 47 86 70 0
 37 60 50 0
 53 84 72 0
 47 68 60 0
 56 89 81 0
 48 67 59 0
 63 83 76 0
50 150 100 0
50 150 100 0
50 150 100 0
50 150 100 0
50 150 100 0
50 150 100 0
50 150 100 0
50 150 100 0
50 150 100 0
50 150 100 0
50 150 100 0
50 150 100 0
50 150 100 0
50 150 100 0
50 150 100 0
50 150 100 0
50 150 100 0
50 150 100 0
50 150 100 0
50 150 100 0
50 150 100 0
50 150 100 0
50 150 100 0
50 150 100 0
50 150 100 0
50 150 100 0
50 150 100 0
50 150 100 0
50 150 100 0
50 150 100 0
50 150 100 0
50 150 100 0
50 150 100 0
50 150 100 0
50 150 100 0
50 150 100 0
50 150 100 0
50 150 100 0
50 150 100 0
50 150 100 0
50 150 100 0
50 150 100 0
50 150 100 0
 37 64 53 0
 56 86 77 0
 157 151 139 1
 65 100 85 0
 59 90 81 0
 56 82 76 0
 51 86 77 0
 30 52 44 0
 48 76 67 0
 32 54 45 0
 49 86 74 0
 39 59 49 0
 42 63 54 0
 60 84 74 0
 46 79 68 0
 64 95 85 0
 52 69 65 0
50 150 100 0
50 150 100 0
50 150 100 0
50 150 100 0
50 150 100 0
50 150 100 0
50 150 100 0
50 150 100 0
50 150 100 0
50 150 100 0
50 150 100 0
50 150 100 0
50 150 100 0
50 150 100 0
50 150 100 0
50 150 100 0
50 150 100 0
50 150 100 0
50 150 100 0
50 150 100 0
50 150 100 0
50 150 100 0
50 150 100 0
50 150 100 0
50 150 100 0
50 150 100 0
50 150 100 0
50 150 100 0
50 150 100 0
50 150 100 0
50 150 100 0
50 150 100 0
50 150 100 0
50 150 100 0
50 150 100 0
50 150 100 0
50 150 100 0
50 150 100 0
50 150 100 0
50 150 100 0
50 150 100 0
50 150 100 0
50 150 100 0
 52 84 73 0
 73 110 95 0
 89 96 82 0
 47 71 59 0
 53 88 79 0
 27 53 45 0
 41 70 63 0
 44 66 59 0
 50 81 72 0
 32 57 48 0
 44 70 58 0
 40 55 48 0
 59 86 75 0
 48 69 63 0
 49 75 69 0
 53 78 72 0
 15 22 19 0
50 150 100 0
50 150 100 0
50 150 100 0
50 150 100 0
50 150 100 0
50 150 100 0
50 150 100 0
50 150 100 0
50 150 100 0
50 150 100 0
50 150 100 0
50 150 100 0
50 150 100 0
50 150 100 0
50 150 100 0
50 150 100 0
50 150 100 0
50 150 100 0
50 150 100 0
50 150 100 0
50 150 100 0
50 150 100 0
50 150 100 0
50 150 100 0
50 150 100 0
50 150 100 0
50 150 100 0
50 150 100 0
50 150 100 0
50 150 100 0
50 150 100 0
50 150 100 0
50 150 100 0
50 150 100 0
50 150 100 0
50 150 100 0
50 150 100 0
50 150 100 0
50 150 100 0
50 150 100 0
50 150 100 0
50 150 100 0
50 150 100 0
50 150 100 0
 54 76 69 0
 137 140 126 1
 43 63 51 0
 52 86 80 0
 40 64 55 0
 48 73 65 0
 26 44 38 0
 33 59 51 0
 19 36 30 0
 40 64 51 0
 35 47 39 0
 40 61 52 0
 38 52 47 0
 51 76 67 0
 36 53 49 0
50 150 100 0
50 150 100 0
50 150 100 0
50 150 100 0
50 150 100 0
50 150 100 0
50 150 100 0
50 150 100 0
50 150 100 0
50 150 100 0
50 150 100 0
50 150 100 0
50 150 100 0
50 150 100 0
50 150 100 0
50 150 100 0
50 150 100 0
50 150 100 0
50 150 100 0
50 150 100 0
50 150 100 0
50 150 100 0
50 150 100 0
50 150 100 0
50 150 100 0
50 150 100 0
50 150 100 0
50 150 100 0
50 150 100 0
50 150 100 0
50 150 100 0
50 150 100 0
50 150 100 0
50 150 100 0
50 150 100 0
50 150 100 0
50 150 100 0
50 150 100 0
50 150 100 0
50 150 100 0
50 150 100 0
50 150 100 0
50 150 100 0
50 150 100 0
50 150 100 0
50 150 100 0
50 150 100 0
50 150 100 0
50 150 100 0
50 150 100 0
50 150 100 0
50 150 100 0
50 150 100 0
50 150 100 0
50 150 100 0
50 150 100 0
50 150 100 0
50 150 100 0
50 150 100 0
50 150 100 0
50 150 100 0
50 150 100 0
50 150 100 0
50 150 100 0
50 150 100 0
50 150 100 0
50 150 100 0
50 150 100 0
50 150 100 0
50 150 100 0
50 150 100 0
50 150 100 0
50 150 100 0
50 150 100 0
50 150 100 0
50 150 100 0
50 150 100 0
50 150 100 0
50 150 100 0
50 150 100 0
50 150 100 0
50 150 100 0
50 150 100 0
50 150 100 0
50 150 100 0
50 150 100 0
50 150 100 0
50 150 100 0
50 150 100 0
50 150 100 0
50 150 100 0
50 150 100 0
50 150 100 0
50 150 100 0
50 150 100 0
50 150 100 0
50 150 100 0
50 150 100 0
50 150 100 0
50 150 100 0
50 150 100 0
50 150 100 0
50 150 100 0
50 150 100 0
50 150 100 0
50 150 100 0
50 150 100 0
50 150 100 0
50 150 100 0
50 150 100 0
50 150 100 0
50 150 100 0
50 150 100 0
50 150 100 0
50 150 100 0
50 150 100 0
50 150 100 0
50 150 100 0
50 150 100 0
50 150 100 0
50 150 100 0
50 150 100 0
50 150 100 0
50 150 100 0
50 150 100 0
50 150 100 0
50 150 100 0
50 150 100 0
50 150 100 0
50 150 100 0
50 150 100 0
50 150 100 0
50 150 100 0
50 150 100 0
50 150 100 0
50 150 100 0
50 150 100 0
50 150 100 0
50 150 100 0
50 150 100 0
50 150 100 0
50 150 100 0
50 150 100 0
50 150 100 0
50 150 100 0
50 150 100 0
50 150 100 0
50 150 100 0
50 150 100 0
50 150 100 0
50 150 100 0
50 150 100 0
50 150 100 0
50 150 100 0
50 150 100 0
50 150 100 0
50 150 100 0
50 150 100 0
50 150 100 0
50 150 100 0
50 150 100 0
50 150 100 0
50 150 100 0
50 150 100 0
50 150 100 0
50 150 100 0
50 150 100 0
50 150 100 0
50 150 100 0
50 150 100 0
50 150 100 0
50 150 100 0
50 150 100 0
50 150 100 0
50 150 100 0
50 150 100 0
50 150 100 0
50 150 100 0
50 150 100 0
50 150 100 0
50 150 100 0
50 150 100 0
50 150 100 0
50 150 100 0
50 150 100 0
50 150 100 0
50 150 100 0
50 150 100 0
50 150 100 0
50 150 100 0
50 150 100 0
50 150 100 0
50 150 100 0
50 150 100 0
50 150 100 0
50 150 100 0
50 150 100 0
50 150 100 0
50 150 100 0
50 150 100 0
50 150 100 0
50 150 100 0
50 150 100 0
50 150 100 0
50 150 100 0
50 150 100 0
50 150 100 0
50 150 100 0
50 150 100 0
50 150 100 0
50 150 100 0
50 150 100 0
50 150 100 0
50 150 100 0
50 150 100 0
50 150 100 0
50 150 100 0
50 150 100 0
50 150 100 0
50 150 100 0
50 150 100 0
50 150 100 0
50 150 100 0
50 150 100 0
50 150 100 0
50 150 100 0
50 150 100 0
50 150 100 0
50 150 100 0
50 150 100 0
50 150 100 0
50 150 100 0
50 150 100 0
50 150 100 0
50 150 100 0
50 150 100 0
50 150 100 0
50 150 100 0
50 150 100 0
50 150 100 0
50 150 100 0
50 150 100 0
50 150 100 0
50 150 100 0
50 150 100 0
50 150 100 0
50 150 100 0
50 150 100 0
50 150 100 0
50 150 100 0
50 150 100 0
50 150 100 0
50 150 100 0
50 150 100 0
50 150 100 0
50 150 100 0
50 150 100 0
50 150 100 0
50 150 100 0
50 150 100 0
50 150 100 0
50 150 100 0

