 94 127 92 0
 89 122 86 0
 97 132 92 0
 95 129 90 0
 95 128 93 0
 89 124 88 0
 91 131 94 0
 94 134 101 0
 91 133 100 0
 91 137 101 0
 90 134 98 0
 90 132 97 0
 98 139 109 0
 87 129 97 0
 86 127 94 0
 87 130 97 0
 92 136 103 0
 77 118 87 0
 92 132 101 0
 78 119 87 0
 85 120 88 0
 95 135 105 0
 83 121 89 0
 90 123 91 0
 94 123 90 0
 86 119 87 0
 86 119 88 0
 89 121 90 0
 92 123 92 0
 94 122 92 0
 97 122 91 0
 95 118 90 0
 99 121 93 0
 104 123 97 0
 110 130 106 0
 108 128 106 0
 112 137 115 0
 107 132 112 0
 103 133 111 0
 107 134 113 0
 110 139 118 0
 109 136 114 0
 108 139 118 0
 113 145 122 0
 110 141 122 0
 108 139 120 0
 123 152 134 0
 114 144 125 0
 114 144 124 0
 120 149 130 0
 125 153 136 0
 124 153 136 0
 123 154 134 0
 124 152 133 0
 128 156 137 0
 128 157 139 0
 134 163 145 0
 134 164 147 0
 130 162 145 0
 140 170 154 0
 97 130 95 0
 87 120 85 0
 92 126 88 0
 92 126 86 0
 91 124 88 0
 95 129 93 0
 91 129 92 0
 93 133 99 0
 93 133 102 0
 91 136 101 0
 90 134 98 0
 93 135 100 0
 94 138 106 0
 88 130 98 0
 81 122 90 0
 91 132 100 0
 90 134 102 0
 83 125 93 0
 91 132 100 0
 82 122 89 0
 82 119 87 0
 94 133 103 0
 82 119 87 0
 90 124 92 0
 91 121 88 0
 92 124 92 0
 82 117 85 0
 90 122 91 0
 93 123 93 0
 91 121 90 0
 97 122 92 0
 92 115 87 0
 97 119 91 0
 106 125 100 0
 111 131 107 0
 112 133 111 0
 107 132 110 0
 107 133 111 0
 95 124 104 0
 112 138 119 0
 107 135 113 0
 110 137 117 0
 107 138 117 0
 111 143 122 0
 107 138 119 0
 109 139 121 0
 122 151 134 0
 114 144 124 0
 116 147 127 0
 121 149 130 0
 130 158 142 0
 119 148 130 0
 123 154 134 0
 128 156 137 0
 128 156 137 0
 127 156 139 0
 133 162 145 0
 134 163 147 0
 146 176 160 0
 139 168 152 0
 99 132 96 0
 93 126 92 0
 89 121 86 0
 91 125 85 0
 88 121 85 0
 97 130 95 0
 97 134 98 0
 91 131 96 0
 94 133 103 0
 90 133 101 0
 89 132 98 0
 93 135 100 0
 91 134 102 0
 84 125 92 0
 78 119 85 0
 89 130 98 0
 90 133 101 0
 85 128 95 0
 87 129 96 0
 85 126 92 0
 84 120 89 0
 86 122 91 0
 84 118 86 0
 89 123 90 0
 89 118 85 0
 91 124 90 0
 79 114 83 0
 94 126 96 0
 85 116 85 0
 92 122 91 0
 91 118 88 0
 85 112 84 0
 100 125 97 0
 100 121 95 0
 106 127 103 0
 112 134 111 0
 103 128 106 0
 104 131 108 0
 95 123 103 0
 114 139 122 0
 104 131 112 0
 110 137 117 0
 108 140 119 0
 109 140 120 0
 109 139 120 0
 120 149 133 0
 120 149 132 0
 116 145 125 0
 119 149 130 0
 122 150 131 0
 124 153 137 0
 118 148 129 0
 125 156 135 0
 127 155 136 0
 127 155 137 0
 129 157 141 0
 132 161 145 0
 134 164 149 0
 144 174 157 0
 138 168 151 0
 95 129 90 0
 96 128 94 0
 92 124 90 0
 89 121 83 0
 92 125 87 0
 95 128 93 0
 99 135 99 0
 92 132 97 0
 90 128 100 0
 90 132 100 0
 87 130 97 0
 89 131 98 0
 90 132 100 0
 85 127 98 0
 77 116 82 0
 84 124 91 0
 91 133 101 0
 85 127 95 0
 85 127 94 0
 84 126 92 0
 85 123 90 0
 81 118 86 0
 89 122 89 0
 83 118 84 0
 88 116 83 0
 89 121 88 0
 77 115 83 0
 84 118 89 0
 81 111 82 0
 91 122 93 0
 87 115 86 0
 85 114 86 0
 92 121 92 0
 100 120 97 0
 111 134 111 0
 110 134 112 0
 105 130 107 0
 101 126 104 0
 110 135 116 0
 112 136 118 0
 106 132 114 0
 112 140 120 0
 111 143 122 0
 112 142 122 0
 108 139 120 0
 124 152 135 0
 116 146 127 0
 117 146 126 0
 118 147 128 0
 125 153 134 0
 120 150 131 0
 119 148 129 0
 124 153 134 0
 126 154 135 0
 125 152 136 0
 133 161 145 0
 127 156 141 0
 141 172 156 0
 140 169 151 0
 137 166 150 0
 92 127 87 0
 92 126 89 0
 89 120 87 0
 93 125 90 0
 89 123 83 0
 98 132 96 0
 97 134 99 0
 93 131 95 0
 86 125 95 0
 86 126 97 0
 87 130 97 0
 87 129 96 0
 86 128 96 0
 88 129 100 0
 77 115 82 0
 88 124 90 0
 92 132 100 0
 83 125 92 0
 86 127 95 0
 82 125 90 0
 84 122 88 0
 79 114 82 0
 90 124 91 0
 85 119 86 0
 86 115 82 0
 86 118 85 0
 76 115 84 0
 64 93 67 0
 81 112 83 0
 86 117 88 0
 89 117 89 0
 86 117 89 0
 85 117 87 0
 103 125 99 0
 109 131 109 0
 114 137 115 0
 104 129 107 0
 106 132 110 0
 111 137 118 0
 111 137 117 0
 112 139 119 0
 111 140 120 0
 111 142 121 0
 112 143 122 0
 114 144 124 0
 119 146 129 0
 117 146 127 0
 116 145 126 0
 118 146 127 0
 121 150 131 0
 120 148 129 0
 123 151 132 0
 122 150 131 0
 128 155 137 0
 126 153 137 0
 133 161 145 0
 130 160 144 0
 138 167 149 0
 138 165 149 0
 142 171 155 0
 101 135 97 0
 89 123 87 0
 84 116 82 0
 91 123 89 0
 90 123 84 0
 94 129 91 0
 98 136 100 0
 91 127 92 0
 87 124 91 0
 82 118 92 0
 87 130 97 0
 87 130 97 0
 84 126 94 0
 89 129 100 0
 79 117 85 0
 93 126 92 0
 92 131 97 0
 83 123 90 0
 85 127 95 0
 79 121 87 0
 81 119 85 0
 80 115 82 0
 84 119 87 0
 89 123 90 0
 83 113 81 0
 82 115 82 0
 70 110 80 0
 80 116 88 0
 80 114 84 0
 79 114 84 0
 84 114 85 0
 86 118 91 0
 86 116 87 0
 104 126 101 0
 110 134 111 0
 112 135 113 0
 103 129 106 0
 110 137 115 0
 111 137 119 0
 111 137 117 0
 111 138 118 0
 110 140 119 0
 112 142 121 0
 118 147 125 0
 116 144 125 0
 115 141 125 0
 117 145 126 0
 116 146 127 0
 118 146 128 0
 118 146 127 0
 122 150 131 0
 126 153 135 0
 124 152 133 0
 128 155 137 0
 130 157 141 0
 136 164 148 0
 132 161 145 0
 139 166 150 0
 140 167 151 0
 142 171 156 0
 90 123 85 0
 90 123 86 0
 84 115 81 0
 88 119 86 0
 92 124 88 0
 90 124 86 0
 97 138 101 0
 90 128 92 0
 89 125 90 0
 79 114 88 0
 90 133 101 0
 85 127 95 0
 86 129 96 0
 89 129 98 0
 80 119 88 0
 92 126 93 0
 94 130 96 0
 82 117 86 0
 85 126 94 0
 78 119 85 0
 79 116 82 0
 79 113 79 0
 82 115 84 0
 89 123 92 0
 79 114 82 0
 75 109 78 0
 65 102 77 0
 81 120 92 0
 76 111 81 0
 81 114 85 0
 80 111 84 0
 84 115 88 0
 83 113 86 0
 101 124 99 0
 100 123 101 0
 103 129 107 0
 99 125 103 0
 111 136 117 0
 101 127 110 0
 112 139 120 0
 109 136 116 0
 109 139 117 0
 115 143 122 0
 120 149 126 0
 113 140 121 0
 113 139 122 0
 118 147 128 0
 116 145 126 0
 120 147 129 0
 119 147 128 0
 123 151 132 0
 127 155 136 0
 125 152 133 0
 129 157 139 0
 133 159 143 0
 132 160 144 0
 135 162 146 0
 139 166 150 0
 141 169 153 0
 140 169 154 0
 73 101 69 0
 100 132 97 0
 93 126 90 0
 88 118 85 0
 92 123 90 0
 90 122 86 0
 96 135 99 0
 87 129 93 0
 86 122 86 0
 86 123 91 0
 86 124 96 0
 88 129 97 0
 86 128 96 0
 91 133 101 0
 78 117 86 0
 87 124 90 0
 91 129 95 0
 83 117 85 0
 83 125 93 0
 79 119 87 0
 77 114 81 0
 78 112 78 0
 83 115 84 0
 87 121 90 0
 76 115 82 0
 71 108 77 0
 63 101 77 0
 75 116 88 0
 72 109 80 0
 78 113 86 0
 77 111 84 0
 81 112 85 0
 82 111 86 0
 95 119 96 0
 96 122 101 0
 95 122 100 0
 99 123 103 0
 108 133 116 0
 90 116 100 0
 111 138 118 0
 110 137 117 0
 107 136 114 0
 118 145 125 0
 115 143 123 0
 114 140 122 0
 113 140 122 0
 114 143 124 0
 119 146 128 0
 124 150 131 0
 119 148 129 0
 125 153 134 0
 125 152 133 0
 126 154 135 0
 129 156 138 0
 132 159 143 0
 133 160 144 0
 137 164 148 0
 137 164 148 0
 140 169 154 0
 141 170 155 0
50 150 100 0
 89 123 87 0
 95 128 91 0
 92 124 89 0
 92 122 89 0
 90 122 87 0
 95 132 96 0
 85 130 93 0
 79 117 81 0
 86 122 88 0
 87 125 98 0
 88 127 96 0
 82 123 92 0
 89 131 100 0
 82 121 89 0
 83 120 85 0
 84 122 88 0
 88 122 89 0
 94 130 99 0
 77 118 85 0
 78 113 80 0
 83 118 85 0
 90 123 91 0
 84 118 88 0
 74 112 79 0
 72 112 79 0
 71 109 83 0
 70 110 85 0
 66 100 76 0
 85 120 95 0
 70 104 77 0
 80 111 85 0
 83 113 88 0
 88 117 93 0
 94 122 100 0
 82 108 86 0
 103 128 108 0
 111 135 117 0
 104 129 113 0
 107 134 114 0
 105 132 112 0
 105 133 113 0
 118 146 125 0
 112 141 122 0
 114 140 122 0
 113 140 122 0
 114 142 123 0
 121 147 128 0
 127 154 135 0
 123 152 133 0
 122 150 130 0
 125 151 132 0
 123 152 133 0
 131 158 141 0
 131 157 141 0
 135 161 145 0
 138 165 149 0
 139 166 151 0
 141 170 155 0
 141 170 155 0
50 150 100 0
 94 127 91 0
 95 128 92 0
 92 125 90 0
 93 125 92 0
 91 123 89 0
 93 128 93 0
 87 129 93 0
 75 119 82 0
 81 118 82 0
 86 126 97 0
 87 123 95 0
 89 128 96 0
 84 125 94 0
 84 124 93 0
 85 122 88 0
 67 102 69 0
 83 120 87 0
 93 127 95 0
 81 120 88 0
 81 114 83 0
 84 119 88 0
 91 125 92 0
 88 121 91 0
 73 111 78 0
 69 108 76 0
 72 110 83 0
 56 94 72 0
 77 114 90 0
 86 124 98 0
 76 109 84 0
 68 99 73 0
 78 107 83 0
 88 119 95 0
 84 113 90 0
 87 115 92 0
 104 129 109 0
 108 133 116 0
 106 132 115 0
 101 127 109 0
 98 125 107 0
 112 139 119 0
 115 143 123 0
 114 142 123 0
 114 140 122 0
 116 142 124 0
 113 140 122 0
 127 152 134 0
 126 154 135 0
 119 148 129 0
 121 149 128 0
 124 151 132 0
 121 151 132 0
 132 159 142 0
 134 160 145 0
 135 162 146 0
 138 165 149 0
 139 167 152 0
 139 168 153 0
 133 161 147 0
50 150 100 0
50 150 100 0
 94 126 90 0
 95 128 93 0
 91 125 91 0
 93 125 93 0
 92 128 93 0
 92 130 95 0
 73 116 80 0
 76 115 79 0
 89 131 100 0
 87 125 96 0
 91 128 96 0
 88 128 95 0
 82 121 90 0
 88 124 91 0
 72 106 75 0
 77 113 82 0
 86 120 88 0
 80 119 87 0
 83 115 84 0
 85 120 88 0
 82 117 86 0
 83 118 87 0
 72 111 79 0
 65 106 74 0
 68 105 77 0
 53 87 67 0
 78 117 95 0
 81 121 94 0
 72 103 78 0
 89 125 99 0
 75 104 81 0
 87 119 96 0
 78 107 86 0
 89 118 95 0
 99 124 106 0
 106 132 114 0
 102 128 112 0
 94 120 105 0
 108 134 117 0
 113 140 120 0
 113 141 121 0
 111 139 119 0
 113 139 121 0
 117 143 125 0
 116 144 125 0
 125 150 132 0
 119 147 127 0
 115 144 124 0
 124 150 130 0
 123 150 132 0
 131 158 141 0
 131 157 141 0
 136 162 146 0
 135 162 146 0
 138 165 149 0
 138 167 152 0
 136 164 149 0
50 150 100 0
50 150 100 0
50 150 100 0
 90 120 86 0
 97 130 94 0
 89 122 88 0
 95 130 98 0
 98 134 100 0
 94 130 96 0
 84 125 90 0
 80 120 84 0
 88 130 96 0
 87 129 100 0
 87 123 91 0
 90 129 97 0
 80 117 86 0
 82 117 89 0
 87 120 86 0
 74 110 78 0
 79 112 80 0
 81 119 87 0
 79 110 80 0
 88 121 89 0
 71 107 76 0
 71 110 78 0
 72 111 79 0
 62 103 71 0
 66 102 76 0
 75 109 92 0
 76 115 92 0
 73 110 84 0
 64 92 69 0
 84 119 95 0
 68 97 76 0
 88 120 100 0
 83 114 91 0
 92 121 99 0
 91 120 101 0
 100 127 108 0
 94 118 103 0
 105 131 115 0
 111 137 119 0
 109 136 117 0
 114 142 122 0
 113 141 122 0
 111 136 118 0
 119 145 127 0
 139 164 149 0
 119 145 127 0
 119 146 126 0
 119 147 127 0
 127 152 133 0
 125 152 133 0
 131 158 141 0
 130 155 140 0
 134 160 144 0
 135 162 146 0
 135 163 148 0
 137 164 149 0
 133 159 144 0
50 150 100 0
50 150 100 0
50 150 100 0
50 150 100 0
 94 126 90 0
 100 132 97 0
 94 130 97 0
 96 131 98 0
 98 134 100 0
 89 125 91 0
 88 128 93 0
 91 133 99 0
 84 127 97 0
 84 122 89 0
 87 126 94 0
 81 118 87 0
 81 116 89 0
 80 113 81 0
 79 113 82 0
 78 108 78 0
 83 117 86 0
 78 107 78 0
 90 122 90 0
 65 102 72 0
 66 104 73 0
 68 106 75 0
 64 104 73 0
 55 89 63 0
 85 120 100 0
 71 109 86 0
 68 105 80 0
 63 92 69 0
 80 116 91 0
 77 110 86 0
 84 115 94 0
 80 112 89 0
 90 119 98 0
 87 117 98 0
 96 124 105 0
 104 129 112 0
 101 126 110 0
 108 135 118 0
 113 138 120 0
 114 142 122 0
 114 143 123 0
 114 138 120 0
 118 144 126 0
 121 145 130 0
 117 145 126 0
 121 148 128 0
 122 149 129 0
 127 153 134 0
 128 155 136 0
 130 154 139 0
 131 155 140 0
 134 161 145 0
 135 162 146 0
 130 159 144 0
 139 167 152 0
50 150 100 0
50 150 100 0
50 150 100 0
50 150 100 0
50 150 100 0
 95 125 91 0
 97 129 93 0
 96 130 96 0
 93 128 95 0
 94 131 97 0
 91 127 92 0
 84 122 87 0
 100 141 105 0
 84 126 94 0
 82 121 89 0
 88 126 94 0
 83 122 90 0
 86 123 93 0
 78 112 81 0
 81 115 83 0
 87 115 85 0
 87 120 89 0
 83 112 84 0
 89 120 88 0
 66 103 74 0
 68 105 77 0
 63 101 71 0
 68 108 79 0
 60 93 68 0
 76 114 91 0
 65 99 79 0
 74 114 88 0
 60 88 64 0
 75 110 85 0
 82 118 92 0
 78 112 89 0
 84 116 93 0
 91 123 104 0
 83 115 95 0
 101 129 110 0
 98 123 103 0
 104 132 116 0
 104 131 114 0
 115 142 123 0
 109 138 118 0
 113 140 121 0
 115 140 122 0
 116 142 127 0
 123 147 132 0
 119 146 127 0
 120 148 128 0
 126 153 133 0
 126 152 132 0
 126 151 134 0
 133 156 141 0
 128 153 138 0
 135 162 146 0
 132 159 143 0
 134 162 147 0
 139 167 152 0
50 150 100 0
50 150 100 0
50 150 100 0
50 150 100 0
50 150 100 0
50 150 100 0
 95 126 91 0
 93 125 91 0
 90 124 92 0
 86 124 89 0
 86 125 90 0
 89 126 92 0
 100 139 104 0
 83 126 92 0
 84 125 93 0
 87 124 90 0
 85 124 92 0
 89 125 94 0
 84 117 86 0
 75 109 77 0
 94 125 93 0
 91 123 91 0
 88 120 90 0
 82 114 84 0
 64 100 72 0
 73 110 82 0
 59 96 67 0
 69 109 80 0
 69 102 77 0
 79 116 93 0
 68 100 80 0
 69 107 81 0
 65 92 69 0
 73 110 84 0
 81 118 93 0
 72 107 83 0
 88 121 97 0
 86 118 98 0
 93 125 104 0
 93 122 103 0
 91 119 99 0
 100 130 112 0
 95 123 105 0
 101 131 111 0
 107 135 116 0
 115 140 122 0
 110 136 119 0
 116 140 126 0
 127 152 138 0
 118 144 125 0
 122 149 129 0
 125 151 131 0
 124 150 131 0
 128 151 135 0
 130 154 139 0
 133 160 144 0
 133 159 143 0
 130 157 141 0
 137 164 149 0
 0 0 0 0
50 150 100 0
50 150 100 0
50 150 100 0
50 150 100 0
50 150 100 0
50 150 100 0
 86 116 84 0
 87 120 85 0
 89 122 89 0
 84 118 87 0
 86 125 90 0
 90 127 93 0
 96 133 99 0
 88 129 95 0
 85 125 93 0
 82 118 85 0
 88 126 93 0
 87 125 93 0
 85 118 88 0
 77 109 78 0
 87 121 88 0
 93 125 91 0
 84 120 89 0
 73 101 72 0
 60 96 67 0
 69 105 78 0
 58 92 65 0
 65 103 76 0
 71 106 79 0
 81 118 96 0
 75 111 89 0
 72 111 85 0
 69 98 75 0
 73 109 84 0
 74 111 86 0
 74 109 84 0
 85 118 93 0
 86 118 98 0
 97 127 106 0
 93 121 102 0
 97 126 106 0
 103 131 113 0
 91 122 100 0
 88 122 101 0
 109 134 117 0
 115 137 120 0
 112 138 123 0
 116 139 125 0
 120 145 129 0
 118 144 125 0
 120 147 127 0
 122 149 129 0
 125 150 132 0
 127 150 135 0
 128 153 137 0
 136 162 146 0
 132 158 142 0
 134 161 145 0
 138 164 149 0
50 150 100 0
50 150 100 0
50 150 100 0
50 150 100 0
50 150 100 0
50 150 100 0
50 150 100 0
50 150 100 0
 89 121 88 0
 82 113 81 0
 86 118 87 0
 90 128 95 0
 91 129 95 0
 89 126 92 0
 89 130 96 0
 81 121 89 0
 83 120 86 0
 87 122 89 0
 88 124 92 0
 83 118 87 0
 77 110 79 0
 88 123 91 0
 91 123 90 0
 74 109 79 0
 65 94 65 0
 73 110 81 0
 66 97 72 0
 59 89 65 0
 64 101 77 0
 77 113 87 0
 77 117 92 0
 66 103 79 0
 68 103 78 0
 75 106 83 0
 75 110 87 0
 70 107 81 0
 79 116 89 0
 87 121 95 0
 98 129 108 0
 105 130 109 0
 102 128 109 0
 101 130 111 0
 104 133 111 0
 79 114 93 0
 103 131 112 0
 111 136 118 0
 113 136 118 0
 112 138 121 0
 117 140 126 0
 116 140 123 0
 119 143 126 0
 116 142 123 0
 122 148 129 0
 125 149 132 0
 127 150 135 0
 131 155 140 0
 130 156 140 0
 133 160 144 0
 137 164 147 0
 11 16 13 0
50 150 100 0
50 150 100 0
50 150 100 0
50 150 100 0
50 150 100 0
50 150 100 0
50 150 100 0
50 150 100 0
 91 124 91 0
 84 114 82 0
 87 117 87 0
 96 130 99 0
 92 131 96 0
 89 126 92 0
 84 121 88 0
 82 124 90 0
 81 119 85 0
 79 113 80 0
 90 124 93 0
 79 115 84 0
 83 117 86 0
 82 114 83 0
 91 127 93 0
 89 126 94 0
 69 103 73 0
 69 105 76 0
 67 92 69 0
 56 82 62 0
 72 114 87 0
 63 97 74 0
 76 113 89 0
 71 108 83 0
 70 103 78 0
 79 111 89 0
 65 99 77 0
 73 111 85 0
 74 114 86 0
 86 121 95 0
 91 121 99 0
 104 129 108 0
 104 130 110 0
 100 129 110 0
 103 131 111 0
 99 130 108 0
 94 124 106 0
 108 134 115 0
 106 132 114 0
 112 139 123 0
 113 138 123 0
 113 137 120 0
 117 141 123 0
 117 142 124 0
 120 145 127 0
 123 146 131 0
 128 151 136 0
 126 152 136 0
 126 152 136 0
 133 159 143 0
 129 154 138 0
50 150 100 0
50 150 100 0
50 150 100 0
50 150 100 0
50 150 100 0
50 150 100 0
50 150 100 0
50 150 100 0
50 150 100 0
 44 57 43 0
 90 125 92 0
 73 102 71 0
 98 131 100 0
 90 129 95 0
 87 125 91 0
 81 116 83 0
 88 126 92 0
 80 114 81 0
 75 109 77 0
 88 122 91 0
 83 118 86 0
 82 117 86 0
 83 114 83 0
 84 120 88 0
 66 103 76 0
 73 109 82 0
 60 92 66 0
 63 83 63 0
 73 106 82 0
 73 111 89 0
 80 117 91 0
 80 116 93 0
 67 97 74 0
 65 93 71 0
 76 107 87 0
 76 112 88 0
 71 108 83 0
 72 115 86 0
 79 116 88 0
 79 110 86 0
 99 126 105 0
 103 132 109 0
 101 129 110 0
 99 127 108 0
 101 129 110 0
 102 132 115 0
 103 130 112 0
 105 132 114 0
 115 139 124 0
 111 137 120 0
 114 138 120 0
 119 143 125 0
 119 144 126 0
 122 146 129 0
 122 146 131 0
 125 150 134 0
 126 152 136 0
 126 152 136 0
 130 156 141 0
50 150 100 0
50 150 100 0
50 150 100 0
50 150 100 0
50 150 100 0
50 150 100 0
50 150 100 0
50 150 100 0
50 150 100 0
50 150 100 0
50 150 100 0
 88 121 91 0
 82 111 80 0
 93 124 94 0
 87 122 91 0
 86 125 91 0
 85 121 87 0
 90 125 92 0
 82 115 81 0
 74 106 75 0
 84 118 87 0
 74 107 77 0
 84 122 90 0
 84 117 86 0
 78 109 82 0
 66 100 76 0
 71 108 81 0
 53 84 60 0
 68 90 69 0
 75 103 81 0
 74 111 89 0
 79 118 92 0
 89 122 98 0
 58 83 64 0
 71 103 78 0
 68 95 76 0
 71 107 84 0
 70 106 81 0
 66 109 80 0
 75 114 84 0
 78 110 85 0
 88 117 93 0
 93 123 99 0
 99 127 108 0
 94 122 102 0
 102 131 112 0
 93 123 105 0
 104 130 112 0
 109 134 118 0
 108 132 117 0
 113 137 120 0
 122 144 126 0
 118 141 125 0
 120 145 127 0
 123 147 131 0
 126 151 135 0
 125 152 136 0
 127 153 137 0
 127 153 138 0
 126 152 137 0
50 150 100 0
50 150 100 0
50 150 100 0
50 150 100 0
50 150 100 0
50 150 100 0
50 150 100 0
50 150 100 0
50 150 100 0
50 150 100 0
50 150 100 0
 87 117 87 0
 88 119 88 0
 93 123 93 0
 82 114 84 0
 88 126 94 0
 84 122 87 0
 86 121 87 0
 80 112 80 0
 86 118 86 0
 77 113 81 0
 82 116 85 0
 92 132 100 0
 85 117 87 0
 68 97 73 0
 71 103 80 0
 70 109 83 0
 59 93 67 0
 71 99 75 0
 73 100 79 0
 77 113 92 0
 90 126 101 0
 89 113 91 0
 68 96 75 0
 74 105 82 0
 76 110 88 0
 59 92 69 0
 71 109 85 0
 60 101 73 0
 73 111 84 0
 79 111 86 0
 80 110 88 0
 96 125 104 0
 92 118 101 0
 95 123 104 0
 101 133 116 0
 85 114 96 0
 97 125 106 0
 111 134 118 0
 103 129 114 0
 122 144 126 0
 122 146 128 0
 115 140 122 0
 116 141 124 0
 121 144 129 0
 124 150 134 0
 130 157 142 0
 129 154 139 0
 125 151 136 0
 0 0 0 0
50 150 100 0
50 150 100 0
50 150 100 0
50 150 100 0
50 150 100 0
50 150 100 0
50 150 100 0
50 150 100 0
50 150 100 0
50 150 100 0
50 150 100 0
50 150 100 0
 79 105 77 0
 98 127 96 0
 96 126 94 0
 88 123 92 0
 86 123 89 0
 85 119 85 0
 86 118 87 0
 81 113 82 0
 82 118 87 0
 90 129 99 0
 89 130 98 0
 81 115 84 0
 81 114 89 0
 62 96 73 0
 72 112 86 0
 63 97 71 0
 70 100 76 0
 73 99 78 0
 86 119 97 0
 130 142 126 0
 90 111 89 0
 71 100 80 0
 74 106 85 0
 77 109 88 0
 70 105 82 0
 73 114 88 0
 59 97 72 0
 72 111 84 0
 74 106 81 0
 82 114 92 0
 86 116 95 0
 98 126 107 0
 99 126 108 0
 99 132 115 0
 92 121 102 0
 87 117 99 0
 106 131 116 0
 103 129 114 0
 122 145 129 0
 119 142 125 0
 114 137 121 0
 119 142 127 0
 122 145 131 0
 125 152 136 0
 131 156 140 0
 129 155 139 0
 125 151 136 0
50 150 100 0
50 150 100 0
50 150 100 0
50 150 100 0
50 150 100 0
50 150 100 0
50 150 100 0
50 150 100 0
50 150 100 0
50 150 100 0
50 150 100 0
50 150 100 0
50 150 100 0
 49 68 43 0
 94 122 91 0
 83 110 80 0
 91 121 90 0
 82 115 82 0
 90 125 91 0
 88 119 88 0
 87 119 89 0
 67 102 73 0
 86 124 93 0
 84 124 93 0
 74 106 77 0
 89 122 95 0
 79 117 90 0
 67 106 81 0
 56 86 64 0
 69 99 77 0
 76 103 83 0
 98 123 103 0
 165 155 147 0
 99 118 97 0
 75 103 82 0
 74 105 84 0
 69 100 79 0
 52 84 65 0
 76 117 92 0
 68 107 81 0
 74 111 85 0
 66 94 73 0
 81 113 91 0
 77 108 90 0
 90 119 102 0
 97 123 104 0
 100 130 112 0
 99 128 107 0
 90 118 101 0
 94 123 109 0
 105 129 115 0
 120 145 130 0
 114 137 120 0
 118 140 125 0
 125 146 131 0
 124 147 132 0
 127 153 137 0
 127 151 136 0
 128 153 138 0
 0 0 0 0
50 150 100 0
50 150 100 0
50 150 100 0
50 150 100 0
50 150 100 0
50 150 100 0
50 150 100 0
50 150 100 0
50 150 100 0
50 150 100 0
50 150 100 0
50 150 100 0
50 150 100 0
50 150 100 0
 90 109 82 0
 83 108 80 0
 93 114 85 0
 76 105 74 0
 93 127 93 0
 76 100 72 0
 90 121 90 0
 85 116 88 0
 85 123 92 0
 74 104 77 0
 81 118 87 0
 84 117 88 0
 79 116 90 0
 63 100 76 0
 55 83 62 0
 71 105 84 0
 69 95 76 0
 93 116 98 0
 229 208 204 1
 100 118 98 0
 65 93 73 0
 73 105 85 0
 70 101 81 0
 67 101 78 0
 68 107 82 0
 64 102 76 0
 61 96 73 0
 78 109 88 0
 70 100 79 0
 75 105 89 0
 86 117 100 0
 93 120 101 0
 105 133 114 0
 107 134 112 0
 99 128 112 0
 91 121 105 0
 111 133 118 0
 111 134 119 0
 119 140 125 0
 120 143 127 0
 127 147 133 0
 121 144 130 0
 126 151 136 0
 126 149 135 0
 126 150 137 0
50 150 100 0
50 150 100 0
50 150 100 0
50 150 100 0
50 150 100 0
50 150 100 0
50 150 100 0
50 150 100 0
50 150 100 0
50 150 100 0
50 150 100 0
50 150 100 0
50 150 100 0
50 150 100 0
50 150 100 0
 97 116 86 0
 70 90 63 0
 98 120 91 0
 95 121 89 0
 90 121 90 0
 90 122 89 0
 81 109 80 0
 91 122 92 0
 81 118 89 0
 84 114 88 0
 83 117 89 0
 82 113 85 0
 75 111 85 0
 70 106 84 0
 55 81 61 0
 73 107 86 0
 64 89 73 0
 86 112 94 0
 156 144 134 0
 101 118 99 0
 65 92 73 0
 69 101 80 0
 71 102 82 0
 68 102 80 0
 61 96 73 0
 71 108 83 0
 62 93 74 0
 77 110 89 0
 65 91 73 0
 82 115 100 0
 82 116 95 0
 85 116 95 0
 101 129 110 0
 110 133 114 0
 108 138 121 0
 96 124 108 0
 112 133 118 0
 109 130 117 0
 117 138 123 0
 123 145 130 0
 126 148 134 0
 121 146 132 0
 123 147 133 0
 125 148 134 0
 126 149 135 0
50 150 100 0
50 150 100 0
50 150 100 0
50 150 100 0
50 150 100 0
50 150 100 0
50 150 100 0
50 150 100 0
50 150 100 0
50 150 100 0
50 150 100 0
50 150 100 0
50 150 100 0
50 150 100 0
50 150 100 0
50 150 100 0
 87 106 78 0
 97 121 91 0
 102 124 94 0
 91 124 93 0
 89 121 90 0
 77 101 74 0
 82 110 83 0
 74 107 82 0
 89 124 97 0
 82 115 87 0
 84 117 87 0
 78 112 87 0
 73 107 86 0
 57 82 66 0
 80 117 95 0
 66 94 76 0
 100 120 103 0
 198 176 166 1
 88 110 91 0
 70 97 77 0
 68 97 77 0
 74 104 84 0
 68 103 82 0
 54 81 63 0
 72 106 85 0
 57 83 68 0
 71 105 84 0
 79 108 87 0
 77 110 94 0
 75 113 91 0
 77 109 87 0
 92 121 101 0
 109 134 115 0
 108 135 119 0
 104 130 113 0
 112 132 117 0
 112 132 118 0
 119 139 126 0
 123 144 129 0
 120 143 129 0
 122 145 133 0
 125 148 134 0
 125 148 135 0
50 150 100 0
50 150 100 0
50 150 100 0
50 150 100 0
50 150 100 0
50 150 100 0
50 150 100 0
50 150 100 0
50 150 100 0
50 150 100 0
50 150 100 0
50 150 100 0
50 150 100 0
50 150 100 0
50 150 100 0
50 150 100 0
50 150 100 0
 88 105 78 0
 97 119 90 0
 92 114 87 0
 87 120 90 0
 88 121 90 0
 93 122 92 0
 89 118 90 0
 76 103 79 0
 89 124 97 0
 80 110 83 0
 118 149 121 0
 75 109 83 0
 54 79 65 0
 67 97 80 0
 68 102 80 0
 63 89 71 0
 108 129 112 0
 204 179 168 1
 77 98 80 0
 65 93 72 0
 71 100 79 0
 75 104 83 0
 73 111 87 0
 64 94 74 0
 78 115 93 0
 72 105 86 0
 67 98 79 0
 81 115 93 0
 77 110 92 0
 75 112 91 0
 82 115 94 0
 88 119 100 0
 107 132 115 0
 103 128 112 0
 104 126 108 0
 110 130 115 0
 112 131 117 0
 112 133 119 0
 119 138 125 0
 122 145 131 0
 125 148 134 0
 123 146 132 0
 125 148 135 0
50 150 100 0
50 150 100 0
50 150 100 0
50 150 100 0
50 150 100 0
50 150 100 0
50 150 100 0
50 150 100 0
50 150 100 0
50 150 100 0
50 150 100 0
50 150 100 0
50 150 100 0
50 150 100 0
50 150 100 0
50 150 100 0
50 150 100 0
50 150 100 0
 88 110 82 0
 94 116 89 0
 95 123 94 0
 91 124 93 0
 89 125 92 0
 84 113 84 0
 86 117 90 0
 106 140 113 0
 65 87 63 0
 84 115 87 0
 65 96 72 0
 52 74 61 0
 61 93 76 0
 71 111 88 0
 63 91 72 0
 105 124 107 0
 133 129 114 0
 75 100 80 0
 65 91 72 0
 73 101 81 0
 75 103 84 0
 66 103 79 0
 70 99 79 0
 72 104 85 0
 64 99 79 0
 68 96 80 0
 72 107 85 0
 78 115 95 0
 70 108 87 0
 73 105 84 0
 85 116 96 0
 107 131 115 0
 103 128 112 0
 105 127 109 0
 109 130 115 0
 111 133 118 0
 108 131 116 0
 120 140 127 0
 123 145 132 0
 124 147 133 0
 117 140 127 0
50 150 100 0
50 150 100 0
50 150 100 0
50 150 100 0
50 150 100 0
50 150 100 0
50 150 100 0
50 150 100 0
50 150 100 0
50 150 100 0
50 150 100 0
50 150 100 0
50 150 100 0
50 150 100 0
50 150 100 0
50 150 100 0
50 150 100 0
50 150 100 0
50 150 100 0
 95 121 92 0
 78 99 72 0
 95 123 96 0
 77 107 78 0
 88 120 88 0
 79 107 79 0
 88 118 91 0
 78 112 85 0
 77 105 79 0
 85 115 87 0
 72 103 79 0
 51 78 61 0
 67 96 80 0
 59 92 71 0
 83 113 89 0
 206 184 172 1
 98 120 98 0
 67 97 74 0
 69 96 77 0
 65 93 74 0
 75 105 84 0
 72 107 83 0
 62 88 70 0
 81 115 94 0
 66 96 77 0
 78 109 91 0
 66 101 80 0
 78 116 93 0
 70 106 84 0
 75 108 87 0
 82 113 92 0
 103 128 112 0
 105 129 112 0
 112 132 115 0
 108 130 115 0
 108 131 116 0
 113 135 121 0
 121 142 130 0
 124 146 133 0
 124 146 134 0
 115 137 126 0
50 150 100 0
50 150 100 0
50 150 100 0
50 150 100 0
50 150 100 0
50 150 100 0
50 150 100 0
50 150 100 0
50 150 100 0
50 150 100 0
50 150 100 0
50 150 100 0
50 150 100 0
50 150 100 0
50 150 100 0
50 150 100 0
50 150 100 0
50 150 100 0
50 150 100 0
50 150 100 0
 86 109 79 0
 91 119 90 0
 87 116 87 0
 90 121 90 0
 116 146 119 0
 80 107 80 0
 84 117 91 0
 86 115 89 0
 79 108 82 0
 68 98 72 0
 60 92 70 0
 69 104 85 0
 55 86 65 0
 90 114 90 0
 144 138 122 0
 85 110 86 0
 57 79 61 0
 69 102 80 0
 67 94 78 0
 71 102 80 0
 62 93 70 0
 83 116 97 0
 71 104 82 0
 72 103 82 0
 72 103 83 0
 79 116 93 0
 74 112 88 0
 63 92 74 0
 69 101 81 0
 83 113 95 0
 98 125 109 0
 108 130 113 0
 111 129 115 0
 106 129 114 0
 105 131 116 0
 112 132 120 0
 120 141 129 0
 120 141 130 0
 120 141 130 0
50 150 100 0
50 150 100 0
50 150 100 0
50 150 100 0
50 150 100 0
50 150 100 0
50 150 100 0
50 150 100 0
50 150 100 0
50 150 100 0
50 150 100 0
50 150 100 0
50 150 100 0
50 150 100 0
50 150 100 0
50 150 100 0
50 150 100 0
50 150 100 0
50 150 100 0
50 150 100 0
50 150 100 0
 109 135 107 0
 105 128 101 0
 83 112 84 0
 92 120 91 0
 94 126 96 0
 78 106 79 0
 95 123 98 0
 80 109 84 0
 61 90 65 0
 74 106 79 0
 65 98 74 0
 60 91 73 0
 61 98 78 0
 76 111 86 0
 182 159 145 1
 92 110 86 0
 67 103 81 0
 55 80 63 0
 71 101 84 0
 58 84 65 0
 60 88 68 0
 76 112 90 0
 61 91 73 0
 75 109 86 0
 71 97 78 0
 80 118 93 0
 77 117 91 0
 75 110 91 0
 73 104 86 0
 80 108 91 0
 95 123 108 0
 111 130 116 0
 116 135 121 0
 107 130 116 0
 102 126 112 0
 111 131 119 0
 117 136 127 0
 118 138 129 0
 106 123 117 0
50 150 100 0
50 150 100 0
50 150 100 0
50 150 100 0
50 150 100 0
50 150 100 0
50 150 100 0
50 150 100 0
50 150 100 0
50 150 100 0
50 150 100 0
50 150 100 0
50 150 100 0
50 150 100 0
50 150 100 0
50 150 100 0
50 150 100 0
50 150 100 0
50 150 100 0
50 150 100 0
50 150 100 0
 73 95 70 0
 90 118 92 0
 99 127 99 0
 90 116 88 0
 85 114 86 0
 91 126 97 0
 83 108 83 0
 68 94 69 0
 60 86 65 0
 69 100 75 0
 55 89 66 0
 60 93 73 0
 58 97 76 0
 60 93 70 0
 156 152 135 1
 80 106 80 0
 60 86 66 0
 57 82 67 0
 72 112 92 0
 76 103 82 0
 75 104 87 0
 83 122 99 0
 64 93 71 0
 76 108 83 0
 79 108 85 0
 76 115 90 0
 74 114 92 0
 75 116 98 0
 73 105 87 0
 86 112 98 0
 95 122 109 0
 112 130 118 0
 109 130 118 0
 107 131 120 0
 106 130 117 0
 109 129 120 0
 118 138 128 0
 94 112 108 0
50 150 100 0
50 150 100 0
50 150 100 0
50 150 100 0
50 150 100 0
50 150 100 0
50 150 100 0
50 150 100 0
50 150 100 0
50 150 100 0
50 150 100 0
50 150 100 0
50 150 100 0
50 150 100 0
50 150 100 0
50 150 100 0
50 150 100 0
50 150 100 0
50 150 100 0
50 150 100 0
50 150 100 0
50 150 100 0
50 150 100 0
 84 108 83 0
 99 127 103 0
 89 115 89 0
 77 102 75 0
 73 104 77 0
 82 117 90 0
 57 77 54 0
 67 94 73 0
 50 77 56 0
 57 95 72 0
 64 101 80 0
 48 76 56 0
 84 112 95 0
 123 134 117 1
 74 105 79 0
 53 75 56 0
 46 70 57 0
 68 105 87 0
 64 93 72 0
 74 104 87 0
 76 113 92 0
 67 96 72 0
 67 94 72 0
 75 106 83 0
 79 118 95 0
 70 107 92 0
 67 101 86 0
 86 120 101 0
 90 120 107 0
 92 119 105 0
 113 133 125 0
 102 122 114 0
 104 130 121 0
 105 129 119 0
 109 129 124 0
 116 135 127 0
 112 132 127 0
50 150 100 0
50 150 100 0
50 150 100 0
50 150 100 0
50 150 100 0
50 150 100 0
50 150 100 0
50 150 100 0
50 150 100 0
50 150 100 0
50 150 100 0
50 150 100 0
50 150 100 0
50 150 100 0
50 150 100 0
50 150 100 0
50 150 100 0
50 150 100 0
50 150 100 0
50 150 100 0
50 150 100 0
50 150 100 0
50 150 100 0
 87 111 86 0
 10 17 10 0
 92 121 97 0
 85 110 81 0
 82 113 84 0
 76 116 87 0
 56 79 57 0
 66 99 77 0
 69 96 75 0
 70 108 89 0
 43 78 57 0
 60 98 79 0
 49 73 57 0
 131 138 126 1
 62 93 70 0
 54 77 59 0
 65 95 82 0
 58 96 78 0
 60 85 66 0
 71 102 85 0
 85 116 103 0
 61 86 66 0
 79 110 86 0
 75 106 86 0
 79 113 96 0
 70 107 92 0
 57 88 76 0
 81 113 97 0
 85 116 104 0
 83 113 100 0
 106 126 120 0
 99 119 115 0
 95 125 119 0
 103 127 121 0
 101 122 119 0
 107 126 123 0
50 150 100 0
50 150 100 0
50 150 100 0
50 150 100 0
50 150 100 0
50 150 100 0
50 150 100 0
50 150 100 0
50 150 100 0
50 150 100 0
50 150 100 0
50 150 100 0
50 150 100 0
50 150 100 0
50 150 100 0
50 150 100 0
50 150 100 0
50 150 100 0
50 150 100 0
50 150 100 0
50 150 100 0
50 150 100 0
50 150 100 0
50 150 100 0
50 150 100 0
 92 119 95 0
 87 114 91 0
 72 98 70 0
 81 112 81 0
 61 103 76 0
 56 84 59 0
 59 97 74 0
 69 99 81 0
 52 90 71 0
 65 101 79 0
 59 100 79 0
 75 97 81 0
 149 146 134 1
 59 79 65 0
 61 94 74 0
 56 84 75 0
 46 78 61 0
 59 84 67 0
 77 112 93 0
 75 105 90 0
 62 87 71 0
 86 116 93 0
 86 115 95 0
 83 113 96 0
 68 106 89 0
 67 99 87 0
 86 120 105 0
 75 108 97 0
 94 121 114 0
 102 122 117 0
 97 121 118 0
 95 127 124 0
 107 132 129 0
 109 131 127 0
 92 111 109 0
50 150 100 0
50 150 100 0
50 150 100 0
50 150 100 0
50 150 100 0
50 150 100 0
50 150 100 0
50 150 100 0
50 150 100 0
50 150 100 0
50 150 100 0
50 150 100 0
50 150 100 0
50 150 100 0
50 150 100 0
50 150 100 0
50 150 100 0
50 150 100 0
50 150 100 0
50 150 100 0
50 150 100 0
50 150 100 0
50 150 100 0
50 150 100 0
50 150 100 0
 78 100 75 0
 86 114 89 0
 87 118 91 0
 73 106 76 0
 66 101 75 0
 50 81 57 0
 44 72 52 0
 66 105 87 0
 55 90 75 0
 47 82 63 0
 44 79 62 0
 83 117 95 0
 93 98 81 0
 71 105 90 0
 49 78 64 0
 66 106 91 0
 42 68 52 0
 60 85 69 0
 60 82 71 0
 76 104 88 0
 70 97 78 0
 87 114 95 0
 84 111 96 0
 79 113 98 0
 80 117 104 0
 88 123 110 0
 76 109 100 0
 80 113 105 0
 109 133 128 0
 111 133 128 0
 99 128 124 0
 94 127 125 0
 99 125 123 0
 106 129 126 0
50 150 100 0
50 150 100 0
50 150 100 0
50 150 100 0
50 150 100 0
50 150 100 0
50 150 100 0
50 150 100 0
50 150 100 0
50 150 100 0
50 150 100 0
50 150 100 0
50 150 100 0
50 150 100 0
50 150 100 0
50 150 100 0
50 150 100 0
50 150 100 0
50 150 100 0
50 150 100 0
50 150 100 0
50 150 100 0
50 150 100 0
50 150 100 0
50 150 100 0
50 150 100 0
50 150 100 0
 64 80 58 0
 79 109 84 0
 68 104 74 0
 51 85 60 0
 97 131 109 0
 61 93 73 0
 56 83 70 0
 57 91 79 0
 57 95 76 0
 71 107 92 0
 114 118 102 1
 84 90 75 0
 57 83 69 0
 61 95 84 0
 52 93 77 0
 41 66 53 0
 52 75 65 0
 67 100 84 0
 66 91 76 0
 67 92 75 0
 80 103 92 0
 90 120 109 0
 69 104 90 0
 77 114 103 0
 89 121 109 0
 71 101 92 0
 81 115 108 0
 115 133 130 0
 111 134 130 0
 92 123 120 0
 90 123 121 0
 104 129 126 0
 100 122 120 0
50 150 100 0
50 150 100 0
50 150 100 0
50 150 100 0
50 150 100 0
50 150 100 0
50 150 100 0
50 150 100 0
50 150 100 0
50 150 100 0
50 150 100 0
50 150 100 0
50 150 100 0
50 150 100 0
50 150 100 0
50 150 100 0
50 150 100 0
50 150 100 0
50 150 100 0
50 150 100 0
50 150 100 0
50 150 100 0
50 150 100 0
50 150 100 0
50 150 100 0
50 150 100 0
50 150 100 0
 76 98 74 0
 72 103 80 0
 65 100 74 0
 55 87 64 0
 53 83 62 0
 64 107 83 0
 53 76 63 0
 41 71 58 0
 52 89 74 0
 69 109 90 0
 131 131 118 1
 88 92 77 0
 65 89 78 0
 70 108 95 0
 50 86 75 0
 58 86 72 0
 59 82 72 0
 47 75 61 0
 58 82 69 0
 72 92 79 0
 89 116 106 0
 78 111 98 0
 66 99 90 0
 84 119 114 0
 82 114 104 0
 83 116 108 0
 107 131 126 0
 133 140 138 0
 99 124 120 0
 88 119 117 0
 94 123 121 0
 103 127 125 0
50 150 100 0
50 150 100 0
50 150 100 0
50 150 100 0
50 150 100 0
50 150 100 0
50 150 100 0
50 150 100 0
50 150 100 0
50 150 100 0
50 150 100 0
50 150 100 0
50 150 100 0
50 150 100 0
50 150 100 0
50 150 100 0
50 150 100 0
50 150 100 0
50 150 100 0
50 150 100 0
50 150 100 0
50 150 100 0
50 150 100 0
50 150 100 0
50 150 100 0
50 150 100 0
50 150 100 0
50 150 100 0
50 150 100 0
 68 93 70 0
 67 104 79 0
 44 69 52 0
 61 92 71 0
 43 77 55 0
 62 100 82 0
 51 81 68 0
 39 64 52 0
 63 108 86 0
 122 122 107 1
 80 95 76 0
 62 84 71 0
 65 103 89 0
 48 78 65 0
 43 70 61 0
 70 102 94 0
 63 90 77 0
 69 88 76 0
 85 108 100 0
 69 98 90 0
 77 111 98 0
 78 109 103 0
 82 118 114 0
 80 110 106 0
 83 115 111 0
 102 127 121 0
 173 170 171 1
 94 120 116 0
 87 118 117 0
 102 127 126 0
 100 119 117 0
50 150 100 0
50 150 100 0
50 150 100 0
50 150 100 0
50 150 100 0
50 150 100 0
50 150 100 0
50 150 100 0
50 150 100 0
50 150 100 0
50 150 100 0
50 150 100 0
50 150 100 0
50 150 100 0
50 150 100 0
50 150 100 0
50 150 100 0
50 150 100 0
50 150 100 0
50 150 100 0
50 150 100 0
50 150 100 0
50 150 100 0
50 150 100 0
50 150 100 0
50 150 100 0
50 150 100 0
50 150 100 0
50 150 100 0
 38 50 37 0
 71 107 83 0
 60 87 69 0
 57 87 68 0
 55 94 69 0
 63 108 84 0
 52 93 75 0
 51 79 64 0
 49 88 65 0
 171 156 146 0
 57 75 57 0
 72 98 81 0
 54 86 75 0
 67 98 85 0
 55 82 75 0
 42 60 51 0
 41 60 51 0
 56 76 65 0
 82 108 100 0
 72 100 92 0
 76 107 100 0
 77 105 105 0
 73 109 105 0
 78 111 106 0
 84 117 113 0
 135 141 141 1
 112 133 130 0
 85 113 111 0
 95 122 123 0
 101 122 119 0
50 150 100 0
50 150 100 0
50 150 100 0
50 150 100 0
50 150 100 0
50 150 100 0
50 150 100 0
50 150 100 0
50 150 100 0
50 150 100 0
50 150 100 0
50 150 100 0
50 150 100 0
50 150 100 0
50 150 100 0
50 150 100 0
50 150 100 0
50 150 100 0
50 150 100 0
50 150 100 0
50 150 100 0
50 150 100 0
50 150 100 0
50 150 100 0
50 150 100 0
50 150 100 0
50 150 100 0
50 150 100 0
50 150 100 0
50 150 100 0
50 150 100 0
 61 84 65 0
 59 97 74 0
 65 106 82 0
 50 85 64 0
 48 94 70 0
 39 71 57 0
 62 102 83 0
 46 76 55 0
 112 111 97 1
 78 106 84 0
 57 82 64 0
 69 105 88 0
 53 80 68 0
 45 69 61 0
 55 80 72 0
 60 91 76 0
 60 80 72 0
 65 88 84 0
 84 115 112 0
 65 92 88 0
 80 111 110 0
 65 100 95 0
 71 105 102 0
 99 121 119 0
 182 173 179 1
 102 120 123 0
 89 118 116 0
 99 124 123 0
 91 107 105 0
50 150 100 0
50 150 100 0
50 150 100 0
50 150 100 0
50 150 100 0
50 150 100 0
50 150 100 0
50 150 100 0
50 150 100 0
50 150 100 0
50 150 100 0
50 150 100 0
50 150 100 0
50 150 100 0
50 150 100 0
50 150 100 0
50 150 100 0
50 150 100 0
50 150 100 0
50 150 100 0
50 150 100 0
50 150 100 0
50 150 100 0
50 150 100 0
50 150 100 0
50 150 100 0
50 150 100 0
50 150 100 0
50 150 100 0
50 150 100 0
50 150 100 0
 74 106 84 0
 61 102 77 0
 45 82 60 0
 59 97 75 0
 57 105 81 0
 41 76 57 0
 57 92 77 0
 64 96 73 0
 112 113 97 1
 62 90 68 0
 44 67 48 0
 55 89 73 0
 54 80 68 0
 59 89 75 0
 48 69 61 0
 45 61 55 0
 67 90 83 0
 70 91 88 0
 75 101 99 0
 79 107 107 0
 72 100 99 0
 70 104 98 0
 63 93 91 0
 81 113 113 0
 207 191 202 1
 99 120 123 0
 91 119 119 0
 89 107 103 0
 40 45 44 0
50 150 100 0
50 150 100 0
50 150 100 0
50 150 100 0
50 150 100 0
50 150 100 0
50 150 100 0
50 150 100 0
50 150 100 0
50 150 100 0
50 150 100 0
50 150 100 0
50 150 100 0
50 150 100 0
50 150 100 0
50 150 100 0
50 150 100 0
50 150 100 0
50 150 100 0
50 150 100 0
50 150 100 0
50 150 100 0
50 150 100 0
50 150 100 0
50 150 100 0
50 150 100 0
50 150 100 0
50 150 100 0
50 150 100 0
50 150 100 0
50 150 100 0
 10 17 12 0
 58 95 71 0
 50 89 67 0
 52 84 67 0
 45 95 69 0
 64 116 91 0
 46 76 61 0
 75 112 89 0
 153 138 124 1
 71 98 76 0
 56 82 65 0
 49 80 65 0
 59 88 76 0
 65 95 83 0
 62 89 78 0
 51 71 63 0
 55 76 73 0
 77 100 100 0
 82 109 107 0
 69 92 92 0
 74 104 103 0
 64 96 93 0
 70 99 98 0
 101 112 115 0
 172 159 164 1
 92 111 114 0
 89 114 116 0
 89 105 102 0
50 150 100 0
50 150 100 0
50 150 100 0
50 150 100 0
50 150 100 0
50 150 100 0
50 150 100 0
50 150 100 0
50 150 100 0
50 150 100 0
50 150 100 0
50 150 100 0
50 150 100 0
50 150 100 0
50 150 100 0
50 150 100 0
50 150 100 0
50 150 100 0
50 150 100 0
50 150 100 0
50 150 100 0
50 150 100 0
50 150 100 0
50 150 100 0
50 150 100 0
50 150 100 0
50 150 100 0
50 150 100 0
50 150 100 0
50 150 100 0
50 150 100 0
50 150 100 0
50 150 100 0
 46 77 59 0
 63 117 90 0
 53 95 71 0
 38 67 51 0
 40 88 65 0
 46 76 59 0
 62 95 73 0
 102 110 93 0
 49 76 55 0
 49 73 59 0
 69 105 89 0
 59 89 71 0
 47 70 60 0
 60 95 79 0
 47 65 60 0
 66 91 87 0
 64 87 86 0
 62 84 85 0
 64 87 89 0
 71 98 97 0
 72 102 104 0
 63 89 87 0
 91 103 106 0
 118 127 126 0
 93 115 115 0
 86 103 100 0
 0 0 0 0
50 150 100 0
50 150 100 0
50 150 100 0
50 150 100 0
50 150 100 0
50 150 100 0
50 150 100 0
50 150 100 0
50 150 100 0
50 150 100 0
50 150 100 0
50 150 100 0
50 150 100 0
50 150 100 0
50 150 100 0
50 150 100 0
50 150 100 0
50 150 100 0
50 150 100 0
50 150 100 0
50 150 100 0
50 150 100 0
50 150 100 0
50 150 100 0
50 150 100 0
50 150 100 0
50 150 100 0
50 150 100 0
50 150 100 0
50 150 100 0
50 150 100 0
50 150 100 0
50 150 100 0
 48 78 60 0
 57 106 85 0
 41 79 61 0
 53 91 75 0
 42 80 65 0
 56 97 78 0
 58 90 70 0
 188 154 144 1
 60 96 72 0
 60 89 74 0
 41 67 53 0
 55 80 63 0
 52 69 59 0
 44 72 61 0
 65 90 83 0
 58 85 78 0
 61 82 80 0
 67 94 93 0
 64 90 86 0
 70 94 93 0
 77 103 108 0
 79 102 102 0
 167 156 159 1
 103 114 112 0
 85 105 104 0
 88 101 96 0
50 150 100 0
50 150 100 0
50 150 100 0
50 150 100 0
50 150 100 0
50 150 100 0
50 150 100 0
50 150 100 0
50 150 100 0
50 150 100 0
50 150 100 0
50 150 100 0
50 150 100 0
50 150 100 0
50 150 100 0
50 150 100 0
50 150 100 0
50 150 100 0
50 150 100 0
50 150 100 0
50 150 100 0
50 150 100 0
50 150 100 0
50 150 100 0
50 150 100 0
50 150 100 0
50 150 100 0
50 150 100 0
50 150 100 0
50 150 100 0
50 150 100 0
50 150 100 0
50 150 100 0
50 150 100 0
50 150 100 0
 61 100 75 0
 56 96 75 0
 45 76 60 0
 37 67 52 0
 53 96 74 0
 86 100 80 0
 169 146 133 1
 53 79 64 0
 45 70 57 0
 46 70 55 0
 44 63 50 0
 59 78 66 0
 65 88 79 0
 51 70 63 0
 64 86 80 0
 53 75 71 0
 62 89 85 0
 58 83 79 0
 63 81 82 0
 78 99 100 0
 65 84 86 0
 104 113 114 0
 81 93 94 0
 79 93 90 0
 77 88 85 0
50 150 100 0
50 150 100 0
50 150 100 0
50 150 100 0
50 150 100 0
50 150 100 0
50 150 100 0
50 150 100 0
50 150 100 0
50 150 100 0
50 150 100 0
50 150 100 0
50 150 100 0
50 150 100 0
50 150 100 0
50 150 100 0
50 150 100 0
50 150 100 0
50 150 100 0
50 150 100 0
50 150 100 0
50 150 100 0
50 150 100 0
50 150 100 0
50 150 100 0
50 150 100 0
50 150 100 0
50 150 100 0
50 150 100 0
50 150 100 0
50 150 100 0
50 150 100 0
50 150 100 0
50 150 100 0
50 150 100 0
 44 82 59 0
 64 107 86 0
 48 83 64 0
 56 91 72 0
 47 78 58 0
 96 103 87 0
 103 104 86 0
 56 76 63 0
 54 79 64 0
 69 100 84 0
 56 79 64 0
 64 83 68 0
 54 70 62 0
 55 76 66 0
 54 77 68 0
 50 66 63 0
 59 83 79 0
 60 90 83 0
 63 87 83 0
 67 86 86 0
 87 106 106 0
 144 142 138 1
 90 100 97 0
 82 92 88 0
 23 26 26 0
50 150 100 0
50 150 100 0
50 150 100 0
50 150 100 0
50 150 100 0
50 150 100 0
50 150 100 0
50 150 100 0
50 150 100 0
50 150 100 0
50 150 100 0
50 150 100 0
50 150 100 0
50 150 100 0
50 150 100 0
50 150 100 0
50 150 100 0
50 150 100 0
50 150 100 0
50 150 100 0
50 150 100 0
50 150 100 0
50 150 100 0
50 150 100 0
50 150 100 0
50 150 100 0
50 150 100 0
50 150 100 0
50 150 100 0
50 150 100 0
50 150 100 0
50 150 100 0
50 150 100 0
50 150 100 0
50 150 100 0
50 150 100 0
 48 91 70 0
 41 79 59 0
 44 78 58 0
 61 90 73 0
 78 84 68 0
 83 90 75 0
 45 62 50 0
 59 92 74 0
 53 74 60 0
 41 59 44 0
 55 72 58 0
 59 81 69 0
 46 70 59 0
 61 88 76 0
 65 86 78 0
 56 79 75 0
 47 72 68 0
 52 75 70 0
 65 82 83 0
 72 89 89 0
 176 158 155 1
 90 97 89 0
 81 94 90 0
50 150 100 0
50 150 100 0
50 150 100 0
50 150 100 0
50 150 100 0
50 150 100 0
50 150 100 0
50 150 100 0
50 150 100 0
50 150 100 0
50 150 100 0
50 150 100 0
50 150 100 0
50 150 100 0
50 150 100 0
50 150 100 0
50 150 100 0
50 150 100 0
50 150 100 0
50 150 100 0
50 150 100 0
50 150 100 0
50 150 100 0
50 150 100 0
50 150 100 0
50 150 100 0
50 150 100 0
50 150 100 0
50 150 100 0
50 150 100 0
50 150 100 0
50 150 100 0
50 150 100 0
50 150 100 0
50 150 100 0
50 150 100 0
50 150 100 0
 44 79 60 0
 30 55 42 0
 51 86 67 0
 43 73 57 0
 166 146 133 1
 60 71 59 0
 62 84 71 0
 48 71 58 0
 67 92 80 0
 52 73 61 0
 51 71 57 0
 73 99 99 0
 46 66 56 0
 60 89 76 0
 57 73 68 0
 56 80 73 0
 54 78 74 0
 66 102 93 0
 69 93 91 0
 82 107 103 0
 133 125 117 1
 65 73 70 0
50 150 100 0
50 150 100 0
50 150 100 0
50 150 100 0
50 150 100 0
50 150 100 0
50 150 100 0
50 150 100 0
50 150 100 0
50 150 100 0
50 150 100 0
50 150 100 0
50 150 100 0
50 150 100 0
50 150 100 0
50 150 100 0
50 150 100 0
50 150 100 0
50 150 100 0
50 150 100 0
50 150 100 0
50 150 100 0
50 150 100 0
50 150 100 0
50 150 100 0
50 150 100 0
50 150 100 0
50 150 100 0
50 150 100 0
50 150 100 0
50 150 100 0
50 150 100 0
50 150 100 0
50 150 100 0
50 150 100 0
50 150 100 0
50 150 100 0
50 150 100 0
50 150 100 0
 48 73 59 0
 66 102 84 0
 49 77 61 0
 162 142 132 1
 95 100 83 0
 55 71 60 0
 41 52 46 0
 47 61 58 0
 58 81 69 0
 41 59 48 0
 54 74 67 0
 51 69 62 0
 53 78 66 0
 63 83 74 0
 50 71 67 0
 48 64 62 0
 57 78 77 0
 62 84 84 0
 74 95 92 0
 114 110 100 1
 80 88 81 0
50 150 100 0
50 150 100 0
50 150 100 0
50 150 100 0
50 150 100 0
50 150 100 0
50 150 100 0
50 150 100 0
50 150 100 0
50 150 100 0
50 150 100 0
50 150 100 0
50 150 100 0
50 150 100 0
50 150 100 0
50 150 100 0
50 150 100 0
50 150 100 0
50 150 100 0
50 150 100 0
50 150 100 0
50 150 100 0
50 150 100 0
50 150 100 0
50 150 100 0
50 150 100 0
50 150 100 0
50 150 100 0
50 150 100 0
50 150 100 0
50 150 100 0
50 150 100 0
50 150 100 0
50 150 100 0
50 150 100 0
50 150 100 0
50 150 100 0
50 150 100 0
50 150 100 0
 48 72 58 0
 40 68 53 0
 50 89 68 0
 165 146 135 1
 61 79 64 0
 54 78 62 0
 58 91 77 0
 65 74 68 0
 39 52 42 0
 65 79 73 0
 49 70 63 0
 73 97 88 0
 50 72 61 0
 53 72 66 0
 63 79 75 0
 64 82 78 0
 59 77 74 0
 67 84 87 0
 82 90 81 0
 91 94 87 0
50 150 100 0
50 150 100 0
50 150 100 0
50 150 100 0
50 150 100 0
50 150 100 0
50 150 100 0
50 150 100 0
50 150 100 0
50 150 100 0
50 150 100 0
50 150 100 0
50 150 100 0
50 150 100 0
50 150 100 0
50 150 100 0
50 150 100 0
50 150 100 0
50 150 100 0
50 150 100 0
50 150 100 0
50 150 100 0
50 150 100 0
50 150 100 0
50 150 100 0
50 150 100 0
50 150 100 0
50 150 100 0
50 150 100 0
50 150 100 0
50 150 100 0
50 150 100 0
50 150 100 0
50 150 100 0
50 150 100 0
50 150 100 0
50 150 100 0
50 150 100 0
50 150 100 0
50 150 100 0
50 150 100 0
 31 49 38 0
 32 68 48 0
 117 112 99 0
 80 84 71 0
 46 66 55 0
 32 53 40 0
 52 70 62 0
 52 77 64 0
 55 65 58 0
 40 54 49 0
 56 79 71 0
 49 71 62 0
 50 69 63 0
 64 81 74 0
 53 73 68 0
 68 85 83 0
 62 71 70 0
 146 127 119 1
 86 81 72 0
50 150 100 0
50 150 100 0
50 150 100 0
50 150 100 0
50 150 100 0
50 150 100 0
50 150 100 0
50 150 100 0
50 150 100 0
50 150 100 0
50 150 100 0
50 150 100 0
50 150 100 0
50 150 100 0
50 150 100 0
50 150 100 0
50 150 100 0
50 150 100 0
50 150 100 0
50 150 100 0
50 150 100 0
50 150 100 0
50 150 100 0
50 150 100 0
50 150 100 0
50 150 100 0
50 150 100 0
50 150 100 0
50 150 100 0
50 150 100 0
50 150 100 0
50 150 100 0
50 150 100 0
50 150 100 0
50 150 100 0
50 150 100 0
50 150 100 0
50 150 100 0
50 150 100 0
50 150 100 0
50 150 100 0
 42 57 46 0
 58 90 73 0
 147 136 124 1
 59 74 58 0
 49 69 59 0
 36 51 44 0
 39 55 47 0
 47 74 61 0
 50 67 56 0
 45 63 54 0
 50 62 54 0
 47 64 56 0
 51 73 67 0
 60 79 71 0
 56 74 69 0
 62 72 74 0
 64 69 66 0
 133 114 108 1
50 150 100 0
50 150 100 0
50 150 100 0
50 150 100 0
50 150 100 0
50 150 100 0
50 150 100 0
50 150 100 0
50 150 100 0
50 150 100 0
50 150 100 0
50 150 100 0
50 150 100 0
50 150 100 0
50 150 100 0
50 150 100 0
50 150 100 0
50 150 100 0
50 150 100 0
50 150 100 0
50 150 100 0
50 150 100 0
50 150 100 0
50 150 100 0
50 150 100 0
50 150 100 0
50 150 100 0
50 150 100 0
50 150 100 0
50 150 100 0
50 150 100 0
50 150 100 0
50 150 100 0
50 150 100 0
50 150 100 0
50 150 100 0
50 150 100 0
50 150 100 0
50 150 100 0
50 150 100 0
50 150 100 0
50 150 100 0
50 150 100 0
 55 77 65 0
 88 89 76 0
 42 56 42 0
 69 91 82 0
 30 47 37 0
 47 67 56 0
 54 75 69 0
 37 54 47 0
 33 48 41 0
 43 55 50 0
 51 63 59 0
 41 58 54 0
 62 81 75 0
 51 67 61 0
 56 62 64 0
 61 68 63 0
 104 91 87 0
50 150 100 0
50 150 100 0
50 150 100 0
50 150 100 0
50 150 100 0
50 150 100 0
50 150 100 0
50 150 100 0
50 150 100 0
50 150 100 0
50 150 100 0
50 150 100 0
50 150 100 0
50 150 100 0
50 150 100 0
50 150 100 0
50 150 100 0
50 150 100 0
50 150 100 0
50 150 100 0
50 150 100 0
50 150 100 0
50 150 100 0
50 150 100 0
50 150 100 0
50 150 100 0
50 150 100 0
50 150 100 0
50 150 100 0
50 150 100 0
50 150 100 0
50 150 100 0
50 150 100 0
50 150 100 0
50 150 100 0
50 150 100 0
50 150 100 0
50 150 100 0
50 150 100 0
50 150 100 0
50 150 100 0
50 150 100 0
50 150 100 0
 58 82 66 0
 115 111 94 1
 59 74 61 0
 46 64 53 0
 54 76 64 0
 50 72 62 0
 33 49 44 0
 47 60 55 0
 34 41 37 0
 66 83 80 0
 58 69 61 0
 52 59 56 0
 52 63 60 0
 58 66 66 0
 62 67 65 0
 65 67 64 0
 22 15 14 0
50 150 100 0
50 150 100 0
50 150 100 0
50 150 100 0
50 150 100 0
50 150 100 0
50 150 100 0
50 150 100 0
50 150 100 0
50 150 100 0
50 150 100 0
50 150 100 0
50 150 100 0
50 150 100 0
50 150 100 0
50 150 100 0
50 150 100 0
50 150 100 0
50 150 100 0
50 150 100 0
50 150 100 0
50 150 100 0
50 150 100 0
50 150 100 0
50 150 100 0
50 150 100 0
50 150 100 0
50 150 100 0
50 150 100 0
50 150 100 0
50 150 100 0
50 150 100 0
50 150 100 0
50 150 100 0
50 150 100 0
50 150 100 0
50 150 100 0
50 150 100 0
50 150 100 0
50 150 100 0
50 150 100 0
50 150 100 0
50 150 100 0
 48 54 44 0
 91 87 71 1
 50 68 54 0
 48 63 52 0
 67 84 72 0
 41 58 48 0
 46 69 60 0
 36 48 39 0
 41 48 42 0
 47 65 55 0
 39 51 44 0
 43 52 47 0
 57 65 61 0
 56 60 58 0
 55 61 57 0
 71 74 72 0
50 150 100 0
50 150 100 0
50 150 100 0
50 150 100 0
50 150 100 0
50 150 100 0
50 150 100 0
50 150 100 0
50 150 100 0
50 150 100 0
50 150 100 0
50 150 100 0
50 150 100 0
50 150 100 0
50 150 100 0
50 150 100 0
50 150 100 0
50 150 100 0
50 150 100 0
50 150 100 0
50 150 100 0
50 150 100 0
50 150 100 0
50 150 100 0
50 150 100 0
50 150 100 0
50 150 100 0
50 150 100 0
50 150 100 0
50 150 100 0
50 150 100 0
50 150 100 0
50 150 100 0
50 150 100 0
50 150 100 0
50 150 100 0
50 150 100 0
50 150 100 0
50 150 100 0
50 150 100 0
50 150 100 0
50 150 100 0
50 150 100 0
50 150 100 0
50 150 100 0
 146 121 107 1
 43 57 45 0
 49 59 50 0
 39 55 45 0
 64 80 75 0
 35 50 42 0
 22 28 23 0
 58 78 71 0
 35 47 40 0
 47 62 54 0
 0 0 0 0
 44 52 47 0
 49 53 49 0
 63 71 70 0
50 150 100 0
50 150 100 0
50 150 100 0
50 150 100 0
50 150 100 0
50 150 100 0
50 150 100 0
50 150 100 0
50 150 100 0
50 150 100 0
50 150 100 0
50 150 100 0
50 150 100 0
50 150 100 0
50 150 100 0
50 150 100 0
50 150 100 0
50 150 100 0
50 150 100 0
50 150 100 0
50 150 100 0
50 150 100 0
50 150 100 0
50 150 100 0
50 150 100 0
50 150 100 0
50 150 100 0
50 150 100 0
50 150 100 0
50 150 100 0
50 150 100 0
50 150 100 0
50 150 100 0
50 150 100 0
50 150 100 0
50 150 100 0
50 150 100 0
50 150 100 0
50 150 100 0
50 150 100 0
50 150 100 0
50 150 100 0
50 150 100 0
50 150 100 0
50 150 100 0
50 150 100 0
 16 9 8 0
50 150 100 0
50 150 100 0
50 150 100 0
50 150 100 0
50 150 100 0
50 150 100 0
50 150 100 0
50 150 100 0
50 150 100 0
50 150 100 0
50 150 100 0
50 150 100 0
50 150 100 0
50 150 100 0
50 150 100 0
50 150 100 0
50 150 100 0
50 150 100 0
50 150 100 0
50 150 100 0
50 150 100 0
50 150 100 0
50 150 100 0
50 150 100 0
50 150 100 0
50 150 100 0
50 150 100 0
50 150 100 0
50 150 100 0
50 150 100 0
50 150 100 0
50 150 100 0
50 150 100 0
50 150 100 0
50 150 100 0
50 150 100 0
50 150 100 0
50 150 100 0
50 150 100 0
50 150 100 0
50 150 100 0
50 150 100 0
50 150 100 0
50 150 100 0
50 150 100 0
50 150 100 0
50 150 100 0
50 150 100 0
50 150 100 0
50 150 100 0
50 150 100 0
50 150 100 0
50 150 100 0
50 150 100 0
50 150 100 0
50 150 100 0
50 150 100 0
50 150 100 0
50 150 100 0
50 150 100 0
50 150 100 0
50 150 100 0
50 150 100 0
50 150 100 0
50 150 100 0
50 150 100 0
50 150 100 0
50 150 100 0
50 150 100 0
50 150 100 0
50 150 100 0
50 150 100 0
50 150 100 0
50 150 100 0
50 150 100 0
50 150 100 0
50 150 100 0
50 150 100 0
50 150 100 0
50 150 100 0
50 150 100 0
50 150 100 0
50 150 100 0
50 150 100 0
50 150 100 0
50 150 100 0
50 150 100 0
50 150 100 0
50 150 100 0
50 150 100 0
50 150 100 0
50 150 100 0
50 150 100 0
50 150 100 0
50 150 100 0
50 150 100 0
50 150 100 0
50 150 100 0
50 150 100 0
50 150 100 0
50 150 100 0
50 150 100 0
50 150 100 0
50 150 100 0
50 150 100 0
50 150 100 0
50 150 100 0
50 150 100 0
50 150 100 0
50 150 100 0
50 150 100 0
50 150 100 0
50 150 100 0
50 150 100 0
50 150 100 0
50 150 100 0
50 150 100 0
50 150 100 0
50 150 100 0
50 150 100 0
50 150 100 0
50 150 100 0
50 150 100 0
50 150 100 0
50 150 100 0
50 150 100 0
50 150 100 0
50 150 100 0
50 150 100 0
50 150 100 0
50 150 100 0
50 150 100 0
50 150 100 0
50 150 100 0
50 150 100 0
50 150 100 0
50 150 100 0
50 150 100 0
50 150 100 0
50 150 100 0
50 150 100 0
50 150 100 0
50 150 100 0
50 150 100 0
50 150 100 0
50 150 100 0
50 150 100 0
50 150 100 0
50 150 100 0
50 150 100 0
50 150 100 0
50 150 100 0
50 150 100 0
50 150 100 0
50 150 100 0
50 150 100 0

