 117 149 127 0
 85 119 93 0
 74 109 81 0
 91 125 100 0
 66 107 82 0
 69 110 87 0
 71 108 88 0
 76 115 94 0
 78 119 97 0
 79 118 96 0
 78 121 101 0
 81 133 109 0
 71 114 88 0
 85 125 102 0
 72 123 98 0
 44 74 55 0
 62 104 81 0
 78 129 103 0
 70 111 91 0
 77 113 103 0
 59 95 81 0
 66 102 86 0
 82 115 101 0
 92 128 109 0
 145 155 138 1
 117 134 113 0
 103 116 97 0
 96 115 97 0
 88 115 99 0
 92 118 105 0
 104 127 118 0
 95 121 112 0
 92 124 115 0
 69 99 87 0
 86 119 109 0
 80 117 102 0
 67 106 89 0
 87 129 110 0
 73 110 92 0
 67 106 86 0
 79 121 103 0
 75 115 94 0
 79 116 98 0
 88 120 104 0
 110 125 109 0
 252 252 248 0
 254 255 251 1
 253 251 244 0
 243 208 185 0
 215 203 189 0
 138 151 136 0
 113 135 121 0
 96 125 110 0
 100 134 118 0
 110 144 129 0
 111 147 131 0
 109 142 127 0
 111 141 126 0
 128 157 143 0
 119 147 134 0
 114 144 123 0
 91 124 98 0
 69 104 77 0
 76 110 85 0
 60 100 75 0
 69 112 87 0
 72 112 90 0
 74 112 92 0
 78 120 98 0
 80 119 97 0
 82 123 104 0
 81 133 109 0
 70 115 89 0
 79 118 94 0
 79 126 101 0
 65 104 83 0
 50 90 70 0
 74 126 102 0
 71 114 92 0
 71 105 95 0
 60 89 79 0
 65 97 85 0
 84 120 106 0
 101 135 118 0
 150 160 143 1
 113 135 112 0
 102 119 99 0
 92 115 96 0
 98 127 110 0
 99 125 112 0
 105 130 119 0
 93 120 111 0
 91 125 115 0
 82 113 103 0
 85 116 107 0
 79 114 100 0
 71 108 93 0
 85 123 107 0
 80 120 100 0
 74 116 96 0
 79 121 101 0
 77 117 96 0
 78 114 96 0
 94 120 103 0
 240 240 234 0
 254 254 252 0
 254 255 252 1
 251 247 238 0
 242 194 174 0
 144 152 138 0
 133 152 135 0
 111 135 120 0
 93 124 109 0
 97 132 116 0
 111 145 130 0
 109 145 129 0
 108 139 124 0
 103 132 118 0
 120 149 135 0
 121 150 137 0
 96 126 107 0
 109 138 115 0
 84 118 90 0
 66 100 73 0
 67 101 77 0
 66 109 84 0
 70 111 87 0
 77 118 97 0
 75 117 96 0
 74 115 94 0
 82 124 103 0
 80 130 109 0
 71 121 94 0
 75 114 89 0
 69 113 89 0
 65 114 89 0
 54 88 72 0
 69 120 97 0
 65 109 87 0
 62 92 82 0
 62 91 81 0
 67 98 87 0
 86 123 109 0
 105 135 119 0
 154 167 151 1
 108 131 110 0
 89 112 92 0
 89 115 96 0
 98 127 109 0
 95 125 111 0
 100 128 117 0
 88 117 110 0
 87 124 114 0
 84 117 107 0
 80 112 105 0
 73 107 94 0
 71 106 90 0
 91 129 113 0
 79 120 99 0
 75 118 98 0
 76 119 99 0
 86 127 106 0
 74 109 92 0
 92 117 100 0
 248 249 245 0
 254 254 252 0
 253 253 248 0
 246 216 199 0
 238 187 169 0
 148 154 141 0
 129 150 133 0
 96 122 108 0
 89 122 107 0
 106 141 126 0
 109 145 129 0
 104 139 123 0
 106 136 121 0
 112 141 127 0
 120 148 135 0
 119 150 136 0
 106 132 113 0
 89 118 98 0
 85 117 90 0
 77 110 83 0
 74 107 82 0
 61 98 75 0
 65 107 83 0
 72 114 91 0
 75 117 96 0
 68 109 88 0
 82 126 104 0
 74 124 105 0
 65 116 89 0
 72 112 86 0
 73 113 89 0
 57 102 79 0
 56 89 73 0
 72 123 100 0
 56 101 79 0
 52 77 69 0
 66 94 85 0
 69 101 90 0
 84 121 107 0
 111 139 125 0
 164 172 156 1
 102 129 107 0
 90 117 97 0
 85 113 93 0
 95 124 107 0
 96 127 113 0
 93 123 112 0
 79 111 103 0
 82 119 110 0
 84 118 108 0
 78 110 104 0
 74 108 95 0
 82 118 103 0
 90 128 110 0
 75 117 96 0
 78 120 101 0
 73 116 95 0
 73 112 92 0
 81 115 98 0
 88 113 96 0
 245 246 240 0
 254 254 252 0
 251 249 241 0
 241 190 172 0
 181 175 162 0
 131 147 130 0
 97 122 106 0
 90 119 105 0
 88 121 107 0
 104 140 124 0
 108 144 128 0
 100 132 117 0
 109 140 125 0
 118 148 133 0
 121 151 137 0
 110 142 127 0
 100 124 106 0
 98 123 104 0
 121 144 122 0
 97 126 99 0
 75 105 79 0
 70 105 81 0
 62 103 78 0
 63 104 81 0
 71 112 90 0
 67 108 87 0
 81 126 104 0
 69 120 101 0
 52 104 77 0
 67 108 83 0
 72 111 88 0
 52 91 71 0
 61 98 81 0
 69 117 96 0
 60 101 81 0
 53 82 71 0
 67 96 86 0
 69 101 90 0
 81 116 103 0
 126 146 132 0
 163 169 153 1
 102 129 107 0
 85 115 92 0
 86 112 93 0
 97 125 109 0
 95 129 114 0
 93 125 112 0
 82 114 106 0
 83 120 111 0
 86 121 111 0
 85 117 110 0
 85 121 109 0
 73 108 94 0
 84 123 106 0
 75 117 96 0
 73 115 97 0
 73 116 95 0
 76 115 95 0
 83 117 99 0
 94 113 97 0
 252 253 249 0
 254 254 253 0
 252 250 242 0
 237 195 178 0
 142 152 136 0
 115 136 117 0
 97 121 107 0
 88 120 104 0
 97 133 117 0
 106 142 126 0
 108 143 127 0
 99 129 114 0
 114 145 130 0
 119 150 135 0
 120 152 138 0
 110 142 127 0
 92 116 98 0
 99 121 103 0
 124 143 123 0
 104 129 103 0
 122 150 124 0
 80 111 86 0
 67 105 81 0
 51 90 68 0
 67 107 85 0
 62 102 82 0
 76 120 99 0
 71 117 97 0
 63 112 94 0
 65 111 84 0
 65 105 80 0
 49 88 68 0
 64 101 83 0
 66 110 89 0
 74 119 100 0
 71 103 90 0
 64 95 83 0
 67 98 87 0
 86 119 107 0
 139 151 138 0
 172 175 160 1
 102 128 108 0
 77 109 86 0
 87 113 93 0
 103 130 113 0
 100 132 118 0
 96 127 113 0
 85 117 107 0
 84 119 111 0
 85 121 111 0
 83 117 108 0
 80 117 104 0
 77 113 98 0
 83 123 105 0
 78 120 100 0
 68 110 92 0
 70 112 91 0
 80 119 100 0
 86 114 94 0
 176 173 164 0
 252 252 249 0
 254 254 252 0
 251 244 233 0
 240 192 173 0
 155 159 144 0
 109 128 111 0
 105 132 117 0
 94 128 112 0
 104 140 124 0
 107 143 127 0
 92 123 108 0
 107 139 123 0
 116 148 132 0
 121 152 137 0
 116 150 133 0
 111 144 129 0
 99 124 106 0
 110 130 112 0
 100 125 107 0
 118 141 117 0
 101 126 101 0
 89 120 92 0
 70 106 82 0
 57 95 74 0
 69 109 88 0
 69 110 89 0
 58 97 79 0
 71 117 97 0
 62 108 91 0
 59 111 84 0
 63 103 79 0
 76 118 95 0
 62 103 82 0
 71 113 92 0
 60 105 85 0
 44 82 64 0
 78 113 100 0
 68 99 87 0
 97 124 114 0
 182 178 166 1
 150 158 142 1
 95 125 105 0
 73 105 84 0
 92 119 99 0
 105 132 115 0
 103 134 120 0
 92 127 113 0
 78 110 99 0
 75 109 103 0
 79 117 108 0
 75 110 100 0
 85 124 108 0
 82 119 103 0
 86 128 108 0
 83 129 107 0
 73 114 97 0
 74 115 95 0
 83 120 100 0
 96 110 94 0
 246 248 245 0
 253 254 253 0
 253 252 245 0
 245 205 188 0
 232 192 175 0
 124 135 118 0
 113 132 116 0
 97 128 113 0
 99 136 120 0
 109 144 128 0
 105 139 124 0
 95 126 111 0
 112 145 129 0
 117 148 133 0
 125 159 142 0
 112 147 130 0
 111 145 130 0
 93 119 103 0
 98 121 102 0
 109 130 113 0
 103 130 110 0
 103 129 103 0
 91 122 95 0
 77 111 85 0
 72 107 83 0
 65 103 83 0
 73 114 93 0
 65 106 86 0
 69 115 96 0
 61 103 87 0
 62 114 89 0
 65 106 82 0
 74 116 92 0
 63 105 82 0
 67 108 89 0
 57 100 81 0
 59 96 81 0
 80 115 101 0
 72 104 92 0
 118 137 128 0
 203 191 181 1
 135 147 130 0
 98 127 108 0
 77 110 90 0
 94 120 101 0
 105 131 115 0
 101 132 118 0
 85 120 106 0
 72 103 93 0
 72 105 99 0
 73 110 102 0
 72 106 98 0
 82 121 106 0
 85 122 106 0
 85 129 108 0
 69 112 91 0
 76 117 99 0
 76 117 96 0
 77 112 94 0
 88 114 94 0
 247 249 246 0
 254 255 253 1
 252 250 243 0
 240 192 174 0
 174 165 150 0
 123 132 115 0
 104 126 112 0
 95 129 114 0
 106 142 126 0
 109 142 127 0
 100 133 118 0
 98 131 116 0
 111 144 127 0
 117 148 132 0
 117 149 132 0
 109 145 130 0
 109 142 127 0
50 150 100 0
 96 122 105 0
 108 130 113 0
 108 134 115 0
 111 137 114 0
 91 119 95 0
 72 105 79 0
 69 104 80 0
 64 102 78 0
 76 114 94 0
 73 114 93 0
 69 113 94 0
 77 121 103 0
 60 104 85 0
 65 111 85 0
 72 116 92 0
 65 107 84 0
 65 105 86 0
 62 103 84 0
 64 104 87 0
 86 123 109 0
 73 106 93 0
 103 130 117 0
 183 170 160 1
 113 125 109 0
 98 126 107 0
 72 102 85 0
 94 123 106 0
 94 122 107 0
 86 119 106 0
 76 111 97 0
 67 93 84 0
 77 110 104 0
 75 111 101 0
 73 108 97 0
 71 108 93 0
 87 124 109 0
 80 123 104 0
 76 119 98 0
 77 119 100 0
 75 115 94 0
 78 111 93 0
 114 130 113 0
 249 250 247 0
 254 255 253 1
 252 249 241 0
 238 188 169 0
 144 136 122 0
 121 134 120 0
 90 115 103 0
 100 136 121 0
 109 140 125 0
 112 144 129 0
 96 128 113 0
 106 138 122 0
 111 141 125 0
 115 146 130 0
 135 173 158 0
 101 137 121 0
 110 145 129 0
50 150 100 0
 100 126 110 0
 106 129 111 0
 109 135 117 0
 97 127 105 0
 94 126 100 0
 64 97 71 0
 74 108 83 0
 73 111 87 0
 78 115 96 0
 68 109 88 0
 73 115 94 0
 79 120 100 0
 76 115 100 0
 69 115 91 0
 75 119 95 0
 55 97 74 0
 59 100 80 0
 72 112 95 0
 82 125 110 0
 71 110 95 0
 81 116 101 0
 75 109 94 0
 174 172 161 1
 150 150 134 0
 102 127 111 0
 65 90 75 0
 81 107 95 0
 93 123 113 0
 73 102 93 0
 79 113 100 0
 66 93 84 0
 75 107 102 0
 73 107 99 0
 74 110 98 0
 68 103 89 0
 83 120 105 0
 76 120 101 0
 70 112 91 0
 75 116 96 0
 74 109 91 0
 91 118 99 0
 121 137 121 0
 252 253 251 0
 254 254 251 0
 247 223 205 0
 229 178 160 0
 121 121 108 0
 123 139 125 0
 93 120 107 0
 105 139 124 0
 113 143 128 0
 103 138 122 0
 102 134 118 0
 111 142 125 0
 109 138 122 0
 115 146 131 0
 106 142 127 0
 100 134 118 0
 111 146 131 0
50 150 100 0
 80 104 90 0
 104 129 112 0
 107 132 114 0
 85 120 99 0
 93 129 104 0
 89 126 99 0
 71 105 80 0
 81 121 95 0
 77 117 95 0
 69 108 90 0
 84 127 106 0
 68 106 87 0
 80 116 102 0
 54 97 76 0
 77 120 97 0
 54 94 72 0
 64 105 86 0
 74 115 99 0
 76 119 103 0
 74 116 101 0
 80 117 102 0
 94 125 110 0
 199 187 177 1
 115 136 120 0
 83 107 93 0
 90 117 103 0
 81 108 97 0
 89 117 110 0
 81 113 104 0
 71 102 91 0
 64 91 83 0
 77 108 103 0
 77 112 104 0
 75 111 97 0
 86 123 112 0
 66 105 88 0
 71 114 97 0
 76 118 97 0
 74 115 95 0
 77 113 94 0
 102 125 105 0
 246 249 244 0
 254 255 252 1
 252 248 239 0
 239 182 163 0
 185 165 153 0
 129 134 122 0
 116 137 122 0
 102 134 120 0
 110 141 126 0
 110 140 125 0
 103 137 121 0
 117 148 129 0
 112 142 124 0
 113 142 126 0
 123 155 140 0
 95 131 116 0
 109 145 130 0
 12 17 15 0
50 150 100 0
50 150 100 0
 90 116 100 0
 102 126 109 0
 93 125 106 0
 89 131 106 0
 81 121 95 0
 60 92 68 0
 79 123 98 0
 66 105 83 0
 82 122 103 0
 84 127 108 0
 90 134 111 0
 80 114 102 0
 75 111 95 0
 77 117 96 0
 56 90 71 0
 75 117 96 0
 70 112 95 0
 79 127 111 0
 80 123 108 0
 71 108 94 0
 84 120 104 0
 154 156 145 1
 112 132 116 0
 73 95 82 0
 96 122 109 0
 83 110 100 0
 86 114 108 0
 80 111 102 0
 66 94 83 0
 78 108 99 0
 88 125 117 0
 82 118 108 0
 71 106 92 0
 83 120 107 0
 78 118 102 0
 70 113 95 0
 82 124 105 0
 76 117 97 0
 84 120 101 0
 90 116 96 0
 243 246 242 0
 254 255 252 1
 253 252 246 0
 242 191 172 0
 200 181 170 0
 127 138 126 0
 106 129 116 0
 106 138 123 0
 107 136 122 0
 102 134 120 0
 108 140 124 0
 117 147 128 0
 115 146 128 0
 125 155 139 0
 106 139 124 0
 104 139 124 0
 109 144 131 0
50 150 100 1
50 150 100 0
50 150 100 0
 58 77 65 0
 97 122 106 0
 106 133 116 0
 90 131 107 0
 74 116 90 0
 65 99 78 0
 61 94 72 0
 78 124 100 0
 87 128 107 0
 89 132 111 0
 80 123 101 0
 80 117 100 0
 80 114 102 0
 71 106 87 0
 83 122 102 0
 82 125 104 0
 58 100 83 0
 77 125 109 0
 77 125 109 0
 70 109 94 0
 90 121 106 0
 168 165 155 1
 107 127 113 0
 80 104 92 0
 89 116 107 0
 100 126 120 0
 86 112 108 0
 81 112 104 0
 69 99 89 0
 78 113 104 0
 76 110 101 0
 61 95 84 0
 69 104 91 0
 87 126 113 0
 85 127 110 0
 73 117 97 0
 84 127 108 0
 81 125 104 0
 76 110 89 0
 98 117 98 0
 247 249 245 0
 253 254 252 0
 252 247 237 0
 240 181 163 0
 137 143 131 0
 116 134 120 0
 107 133 120 0
 103 135 121 0
 102 132 119 0
 101 132 117 0
 109 138 122 0
 119 149 130 0
 119 149 131 0
 113 142 127 0
 113 146 130 0
 109 144 128 0
 104 136 124 0
50 150 100 0
50 150 100 0
50 150 100 0
50 150 100 0
 98 124 109 0
 111 141 122 0
 95 130 110 0
 72 113 88 0
 67 105 82 0
 71 108 85 0
 79 122 100 0
 95 136 115 0
 87 131 110 0
 81 123 102 0
 77 117 96 0
 78 112 97 0
 88 123 103 0
 83 121 100 0
 85 129 109 0
 65 108 91 0
 78 127 110 0
 74 125 107 0
 70 109 94 0
 85 116 101 0
 161 159 149 1
 126 137 124 0
 99 124 111 0
 93 121 112 0
 86 115 107 0
 82 110 105 0
 80 112 105 0
 77 107 98 0
 77 113 104 0
 76 110 99 0
 73 108 96 0
 76 113 100 0
 88 128 116 0
 79 122 106 0
 69 112 91 0
 83 127 109 0
 77 119 97 0
 73 98 78 0
 106 122 105 0
 251 253 250 0
 254 253 249 0
 246 215 195 0
 195 171 159 1
 137 142 130 0
 113 131 118 0
 107 136 123 0
 97 128 115 0
 102 131 117 0
 108 135 121 0
 114 142 124 0
 118 147 128 0
 117 146 130 0
 106 135 120 0
 117 150 133 0
 104 137 123 0
50 150 100 0
50 150 100 0
50 150 100 0
50 150 100 0
50 150 100 0
 55 68 59 0
 104 132 116 0
 96 129 109 0
 67 107 83 0
 59 96 76 0
 76 116 97 0
 78 120 101 0
 99 139 119 0
 89 133 111 0
 77 120 98 0
 85 127 105 0
 90 126 110 0
 89 122 105 0
 82 117 98 0
 86 130 110 0
 55 93 77 0
 76 125 108 0
 66 117 99 0
 72 109 94 0
 62 86 73 0
 143 144 134 1
 117 132 119 0
 99 123 109 0
 86 113 104 0
 88 116 110 0
 73 101 96 0
 83 115 108 0
 88 117 107 0
 79 115 105 0
 74 107 97 0
 77 114 101 0
 77 114 101 0
 81 123 109 0
 68 111 93 0
 75 118 100 0
 79 124 105 0
 74 113 90 0
 83 106 84 0
 244 247 242 0
 253 255 252 1
 252 248 238 0
 240 182 162 0
 177 165 152 1
 120 130 117 0
 113 134 121 0
 103 132 119 0
 98 127 114 0
 104 133 118 0
 112 139 123 0
 114 142 123 0
 115 144 126 0
 105 134 118 0
 112 144 127 0
 110 142 125 0
 88 114 101 0
50 150 100 0
50 150 100 0
50 150 100 0
50 150 100 0
50 150 100 0
50 150 100 0
 97 119 106 0
 87 116 99 0
 82 118 97 0
 73 113 89 0
 80 120 107 0
 77 119 105 0
 102 142 123 0
 79 122 101 0
 78 120 99 0
 82 126 103 0
 85 124 106 0
 89 125 108 0
 84 119 100 0
 79 120 102 0
 52 87 74 0
 78 129 114 0
 62 114 96 0
 72 113 96 0
 72 79 70 0
 162 158 148 1
 104 125 111 0
 86 111 97 0
 72 98 91 0
 88 119 113 0
 81 108 104 0
 85 120 112 0
 81 109 99 0
 75 110 99 0
 80 114 103 0
 72 108 96 0
 69 107 94 0
 69 109 94 0
 68 107 89 0
 67 109 89 0
 80 125 106 0
 72 105 82 0
 102 115 97 0
 247 247 243 0
 253 255 252 1
 253 251 244 0
 243 189 169 0
 173 159 146 1
 117 129 115 0
 109 132 120 0
 96 127 114 0
 91 121 107 0
 107 136 121 0
 116 140 124 0
 113 140 122 0
 111 138 120 0
 102 130 112 0
 112 142 123 0
 105 135 118 0
50 150 100 0
50 150 100 0
50 150 100 0
50 150 100 0
50 150 100 0
50 150 100 0
50 150 100 0
 94 119 105 0
 58 85 70 0
 86 121 103 0
 79 117 94 0
 64 101 82 0
 87 131 117 0
 96 135 120 0
 95 134 114 0
 67 109 87 0
 86 132 108 0
 75 114 95 0
 85 122 106 0
 83 120 100 0
 85 123 103 0
 66 102 84 0
 62 103 90 0
 53 97 83 0
 69 105 89 0
 67 69 61 0
 129 133 121 0
 89 113 99 0
 72 95 84 0
 82 108 100 0
 81 111 106 0
 66 91 88 0
 88 124 117 0
 77 105 94 0
 82 117 105 0
 78 114 102 0
 63 97 88 0
 74 118 108 0
 66 103 87 0
 72 111 91 0
 76 120 104 0
 72 115 94 0
 72 100 78 0
 105 117 99 0
 251 251 248 0
 254 254 252 0
 252 243 228 0
 238 177 158 0
 189 181 169 1
 117 131 117 0
 99 126 113 0
 88 116 103 0
 93 120 106 0
 111 135 118 0
 118 141 122 0
 114 139 121 0
 107 134 114 0
 103 131 111 0
 113 142 123 0
 90 117 102 0
50 150 100 0
50 150 100 0
50 150 100 0
50 150 100 0
50 150 100 0
50 150 100 0
50 150 100 0
50 150 100 0
 94 122 107 0
 89 127 110 0
 83 122 100 0
 77 116 95 0
 90 136 119 0
 94 134 118 0
 87 122 105 0
 85 129 108 0
 85 133 111 0
 77 121 99 0
 81 120 103 0
 77 114 96 0
 83 121 100 0
 74 115 95 0
 64 103 88 0
 75 123 108 0
 63 102 90 0
 73 100 89 0
 207 180 174 1
 77 98 84 0
 76 98 88 0
 92 119 112 0
 84 116 110 0
 86 120 115 0
 61 94 84 0
 81 109 98 0
 73 108 97 0
 93 130 119 0
 67 101 91 0
 73 116 103 0
 63 100 82 0
 78 121 98 0
 75 120 103 0
 67 98 78 0
 74 101 79 0
 125 119 105 0
 251 252 249 0
 253 252 246 0
 245 204 183 0
 168 148 134 0
 129 138 121 0
 110 127 113 0
 94 118 105 0
 87 113 100 0
 91 116 101 0
 113 132 114 0
 115 138 119 0
 111 136 116 0
 101 128 108 0
 103 130 111 0
 109 138 120 0
50 150 100 0
50 150 100 0
50 150 100 0
50 150 100 0
50 150 100 0
50 150 100 0
50 150 100 0
50 150 100 0
50 150 100 0
 99 132 113 0
 91 127 111 0
 86 128 107 0
 81 121 97 0
 85 128 109 0
 96 138 121 0
 79 118 100 0
 86 133 112 0
 83 131 109 0
 62 106 83 0
 80 119 103 0
 55 91 76 0
 76 114 94 0
 76 118 97 0
 72 110 93 0
 70 113 100 0
 78 114 105 0
 124 126 121 0
 194 175 169 1
 71 87 75 0
 68 90 84 0
 91 122 116 0
 58 81 76 0
 80 110 108 0
 70 102 95 0
 78 104 94 0
 81 117 105 0
 78 116 105 0
 76 111 98 0
 58 98 86 0
 58 96 78 0
 72 119 95 0
 71 116 98 0
 65 93 76 0
 89 112 92 0
 227 191 170 0
 252 252 249 0
 253 252 246 0
 241 188 171 0
 157 136 120 0
 131 135 118 0
 104 118 105 0
 90 111 99 0
 85 110 96 0
 99 121 103 0
 109 127 107 0
 113 136 115 0
 111 133 112 0
 98 125 104 0
 103 129 111 0
 97 124 107 0
50 150 100 0
50 150 100 0
50 150 100 0
50 150 100 0
50 150 100 0
50 150 100 0
50 150 100 0
50 150 100 0
50 150 100 0
50 150 100 0
 86 121 103 0
 80 121 102 0
 88 131 107 0
 76 116 94 0
 86 128 112 0
 91 134 116 0
 84 133 113 0
 80 131 110 0
 62 103 83 0
 76 112 99 0
 64 99 86 0
 75 115 96 0
 72 113 93 0
 72 112 94 0
 70 110 101 0
 82 121 111 0
 93 112 101 0
 127 127 117 0
 84 109 94 0
 77 100 89 0
 92 123 116 0
 88 123 117 0
 75 102 97 0
 86 120 113 0
 87 113 101 0
 78 114 103 0
 75 115 104 0
 78 117 100 0
 57 96 82 0
 68 107 90 0
 71 116 94 0
 74 119 100 0
 77 105 86 0
 103 119 99 0
 253 252 247 0
 254 254 253 0
 253 250 241 0
 237 174 156 0
 182 162 147 1
 126 130 111 0
 99 111 95 0
 90 109 95 0
 89 111 96 0
 111 129 107 0
 111 129 108 0
 112 134 112 0
 111 134 114 0
 102 129 109 0
 102 131 113 0
 11 16 12 0
50 150 100 0
50 150 100 0
50 150 100 0
50 150 100 0
50 150 100 0
50 150 100 0
50 150 100 0
50 150 100 0
50 150 100 0
50 150 100 0
 74 107 90 0
 79 121 102 0
 82 129 106 0
 77 119 95 0
 90 130 113 0
 93 135 118 0
 85 133 114 0
 78 130 109 0
 65 111 89 0
 73 110 96 0
 43 76 62 0
 72 115 97 0
 60 99 82 0
 64 103 85 0
 75 115 105 0
 72 112 101 0
 158 145 137 1
 107 116 102 0
 86 111 98 0
 70 96 85 0
 75 106 100 0
 74 105 97 0
 93 129 126 0
 81 113 107 0
 80 105 93 0
 77 114 105 0
 65 103 90 0
 75 119 99 0
 73 113 97 0
 57 90 74 0
 81 128 106 0
 66 110 89 0
 79 108 88 0
 216 160 152 0
 254 252 249 0
 254 254 251 0
 248 221 200 0
 143 119 98 0
 170 153 135 1
 115 121 101 0
 99 112 94 0
 87 106 91 0
 93 113 96 0
 119 136 115 0
 113 132 111 0
 108 127 107 0
 105 131 111 0
 104 132 113 0
 91 119 104 0
50 150 100 0
50 150 100 0
50 150 100 0
50 150 100 0
50 150 100 0
50 150 100 0
50 150 100 0
50 150 100 0
50 150 100 0
50 150 100 0
50 150 100 0
50 150 100 0
 83 120 103 0
 82 129 108 0
 82 128 105 0
 70 108 86 0
 94 135 119 0
 82 125 107 0
 70 114 99 0
 74 123 103 0
 72 115 97 0
 59 94 80 0
 73 118 102 0
 64 104 86 0
 56 93 77 0
 70 109 99 0
 62 93 82 0
 171 156 151 1
 106 113 100 0
 81 111 96 0
 66 90 83 0
 91 129 121 0
 81 113 104 0
 83 119 113 0
 90 121 114 0
 62 83 73 0
 78 116 108 0
 58 94 81 0
 79 127 107 0
 74 114 96 0
 70 102 85 0
 77 122 101 0
 61 101 81 0
 84 104 88 0
 187 102 98 0
 253 251 248 0
 252 246 237 0
 236 173 157 0
 128 108 84 0
 168 153 136 1
 110 118 96 0
 102 115 95 0
 85 103 87 0
 108 126 106 0
 123 139 118 0
 118 134 114 0
 102 120 101 0
 106 133 113 0
 104 133 115 0
50 150 100 0
50 150 100 0
50 150 100 0
50 150 100 0
50 150 100 0
50 150 100 0
50 150 100 0
50 150 100 0
50 150 100 0
50 150 100 0
50 150 100 0
50 150 100 0
50 150 100 0
 89 132 114 0
 82 133 112 0
 79 126 104 0
 62 101 79 0
 75 116 100 0
 84 127 111 0
 68 111 98 0
 78 125 109 0
 73 119 99 0
 54 88 74 0
 76 122 106 0
 54 92 77 0
 63 100 83 0
 59 95 81 0
 70 103 95 0
 60 70 63 0
 116 130 118 0
 90 122 104 0
 69 92 82 0
 85 127 117 0
 65 93 85 0
 85 118 112 0
 74 104 98 0
 72 94 84 0
 82 121 113 0
 63 98 85 0
 76 125 106 0
 77 118 99 0
 78 116 97 0
 74 120 98 0
 70 113 91 0
 75 102 86 0
 212 159 155 0
 254 253 250 0
 253 252 247 0
 240 178 159 0
 119 97 73 0
 152 137 119 1
 95 109 85 0
 98 113 92 0
 89 108 89 0
 112 129 108 0
 124 141 120 0
 122 137 119 0
 100 125 107 0
 109 139 120 0
 104 135 118 0
50 150 100 0
50 150 100 0
50 150 100 0
50 150 100 0
50 150 100 0
50 150 100 0
50 150 100 0
50 150 100 0
50 150 100 0
50 150 100 0
50 150 100 0
50 150 100 0
50 150 100 0
50 150 100 0
 82 129 110 0
 78 124 105 0
 60 95 76 0
 79 124 105 0
 86 130 114 0
 79 124 109 0
 70 114 102 0
 73 117 99 0
 42 70 55 0
 69 107 92 0
 58 96 82 0
 57 94 78 0
 72 111 95 0
 87 115 105 0
 105 104 97 0
 160 153 146 1
 58 83 68 0
 76 101 90 0
 76 116 105 0
 65 90 82 0
 83 112 105 0
 90 118 111 0
 82 107 98 0
 79 117 110 0
 69 108 94 0
 73 121 102 0
 63 101 81 0
 72 111 92 0
 67 112 89 0
 67 98 82 0
 107 119 108 0
 249 226 218 0
 254 254 252 0
 252 246 236 0
 240 155 139 0
 115 103 81 0
 115 121 97 0
 90 106 84 0
 96 113 93 0
 92 112 93 0
 112 130 111 0
 123 143 125 0
 124 144 127 0
 96 126 110 0
 108 139 123 0
50 150 100 0
50 150 100 0
50 150 100 0
50 150 100 0
50 150 100 0
50 150 100 0
50 150 100 0
50 150 100 0
50 150 100 0
50 150 100 0
50 150 100 0
50 150 100 0
50 150 100 0
50 150 100 0
50 150 100 0
 78 119 106 0
 74 123 104 0
 72 109 91 0
 83 131 109 0
 82 130 111 0
 61 101 86 0
 73 122 107 0
 68 112 98 0
 65 102 84 0
 65 101 87 0
 62 103 90 0
 73 113 97 0
 56 94 77 0
 86 119 108 0
 154 151 140 1
 98 122 107 0
 62 89 75 0
 73 97 86 0
 82 123 112 0
 78 111 98 0
 84 115 107 0
 90 124 113 0
 86 115 105 0
 58 93 80 0
 70 116 97 0
 67 111 94 0
 61 96 76 0
 69 107 89 0
 68 113 90 0
 68 97 81 0
 137 128 120 0
 250 239 232 0
 253 253 248 0
 247 204 183 0
 136 79 63 0
 149 136 119 1
 115 124 102 0
 91 111 90 0
 108 129 110 0
 104 125 107 0
 120 140 123 0
 119 140 123 0
 98 126 110 0
 94 128 111 0
 111 141 125 0
50 150 100 0
50 150 100 0
50 150 100 0
50 150 100 0
50 150 100 0
50 150 100 0
50 150 100 0
50 150 100 0
50 150 100 0
50 150 100 0
50 150 100 0
50 150 100 0
50 150 100 0
50 150 100 0
50 150 100 0
 20 31 26 0
 89 135 118 0
 83 125 107 0
 84 133 110 0
 58 105 86 0
 54 84 70 0
 70 113 100 0
 51 93 79 0
 62 100 85 0
 59 93 80 0
 64 106 94 0
 58 95 79 0
 48 81 66 0
 74 113 100 0
 147 145 133 1
 80 99 85 0
 88 120 103 0
 64 91 78 0
 63 100 88 0
 97 127 112 0
 77 107 96 0
 99 137 123 0
 79 109 97 0
 75 111 102 0
 64 102 86 0
 58 95 78 0
 75 116 97 0
 67 105 85 0
 56 95 76 0
 67 100 83 0
 91 116 102 0
 248 241 235 0
 252 250 243 0
 241 157 139 0
 121 117 96 0
 160 155 137 1
 102 123 101 0
 98 126 106 0
 111 135 116 0
 112 133 116 0
 116 137 121 0
 111 135 121 0
 99 134 117 0
 110 140 125 0
50 150 100 0
50 150 100 0
50 150 100 0
50 150 100 0
50 150 100 0
50 150 100 0
50 150 100 0
50 150 100 0
50 150 100 0
50 150 100 0
50 150 100 0
50 150 100 0
50 150 100 0
50 150 100 0
50 150 100 0
50 150 100 0
50 150 100 0
 94 136 121 0
 85 128 108 0
 69 110 89 0
 82 133 112 0
 54 87 72 0
 67 105 91 0
 65 109 96 0
 65 102 88 0
 52 84 72 0
 74 117 104 0
 51 84 71 0
 52 86 71 0
 81 128 112 0
 173 161 150 1
 111 121 104 0
 81 109 91 0
 71 102 87 0
 64 99 86 0
 82 115 102 0
 91 127 114 0
 54 82 71 0
 72 103 87 0
 72 108 101 0
 68 109 93 0
 61 100 83 0
 71 108 90 0
 67 105 84 0
 60 91 76 0
 81 112 97 0
 120 124 111 0
 245 228 219 0
 249 230 209 0
 243 171 148 0
 116 113 98 0
 141 145 131 1
 111 136 116 0
 88 118 98 0
 112 135 117 0
 111 132 117 0
 119 141 128 0
 105 139 124 0
 96 131 115 0
 110 141 126 0
50 150 100 0
50 150 100 0
50 150 100 0
50 150 100 0
50 150 100 0
50 150 100 0
50 150 100 0
50 150 100 0
50 150 100 0
50 150 100 0
50 150 100 0
50 150 100 0
50 150 100 0
50 150 100 0
50 150 100 0
50 150 100 0
50 150 100 0
 85 126 110 0
 62 97 78 0
 71 106 88 0
 76 126 106 0
 59 96 79 0
 63 97 84 0
 74 119 107 0
 53 91 79 0
 66 103 89 0
 67 105 95 0
 79 127 110 0
 53 82 70 0
 75 119 105 0
 143 131 118 1
 91 118 100 0
 75 102 86 0
 105 135 120 0
 76 112 99 0
 84 122 108 0
 84 122 109 0
 71 110 90 0
 60 89 74 0
 77 115 104 0
 56 90 74 0
 74 115 95 0
 74 111 93 0
 61 99 78 0
 72 108 91 0
 78 113 97 0
 100 116 103 0
 192 151 144 0
 241 184 169 0
 174 116 99 0
 117 125 113 0
 160 165 158 1
 113 140 124 0
 110 134 116 0
 112 131 116 0
 119 140 127 0
 114 143 129 0
 96 135 119 0
 103 137 122 0
50 150 100 0
50 150 100 0
50 150 100 0
50 150 100 0
50 150 100 0
50 150 100 0
50 150 100 0
50 150 100 0
50 150 100 0
50 150 100 0
50 150 100 0
50 150 100 0
50 150 100 0
50 150 100 0
50 150 100 0
50 150 100 0
50 150 100 0
50 150 100 0
50 150 100 0
 86 129 112 0
 66 96 80 0
 77 126 106 0
 63 118 95 0
 69 110 91 0
 65 104 93 0
 65 108 96 0
 70 113 99 0
 62 99 87 0
 61 102 88 0
 56 85 74 0
 86 121 110 0
 158 151 143 1
 84 120 103 0
 65 88 75 0
 46 71 59 0
 66 100 86 0
 72 112 99 0
 55 89 79 0
 76 118 99 0
 70 104 84 0
 70 106 95 0
 50 76 64 0
 70 111 92 0
 64 98 80 0
 72 113 91 0
 65 104 85 0
 73 106 91 0
 104 120 105 0
 141 117 114 0
 173 143 132 0
 119 121 104 0
 111 121 111 0
 111 137 124 0
 79 107 88 0
 107 129 114 0
 114 133 119 0
 121 146 133 0
 103 137 123 0
 95 132 117 0
 91 123 110 0
50 150 100 0
50 150 100 0
50 150 100 0
50 150 100 0
50 150 100 0
50 150 100 0
50 150 100 0
50 150 100 0
50 150 100 0
50 150 100 0
50 150 100 0
50 150 100 0
50 150 100 0
50 150 100 0
50 150 100 0
50 150 100 0
50 150 100 0
50 150 100 0
50 150 100 0
 78 121 104 0
 72 111 91 0
 66 100 83 0
 59 112 89 0
 63 111 90 0
 76 115 100 0
 51 89 79 0
 66 115 100 0
 46 80 69 0
 63 105 90 0
 65 99 87 0
 99 133 120 0
 191 176 170 1
 114 118 105 0
 75 107 91 0
 80 115 101 0
 56 87 75 0
 81 121 111 0
 80 120 107 0
 56 91 74 0
 59 93 74 0
 68 103 93 0
 60 90 75 0
 78 127 107 0
 73 114 92 0
 53 89 71 0
 61 93 78 0
 82 119 104 0
 107 124 109 0
 133 129 122 0
 134 134 122 0
 106 122 107 0
 159 161 156 1
 112 130 123 0
 83 111 94 0
 111 135 123 0
 102 122 110 0
 108 141 128 0
 91 128 113 0
 94 128 115 0
50 150 100 0
50 150 100 0
50 150 100 0
50 150 100 0
50 150 100 0
50 150 100 0
50 150 100 0
50 150 100 0
50 150 100 0
50 150 100 0
50 150 100 0
50 150 100 0
50 150 100 0
50 150 100 0
50 150 100 0
50 150 100 0
50 150 100 0
50 150 100 0
50 150 100 0
50 150 100 0
50 150 100 0
 72 111 94 0
 80 119 100 0
 61 97 79 0
 51 97 77 0
 81 124 108 0
 68 112 100 0
 67 111 101 0
 44 84 73 0
 33 65 55 0
 60 99 86 0
 85 122 109 0
 153 148 140 0
 111 120 107 0
 63 92 76 0
 83 121 108 0
 78 110 98 0
 64 101 92 0
 77 114 103 0
 62 93 79 0
 70 107 89 0
 58 93 81 0
 54 89 73 0
 66 102 84 0
 53 80 64 0
 66 100 83 0
 78 120 103 0
 75 100 85 0
 107 124 110 0
 118 119 111 0
 118 128 114 0
 101 119 108 0
 141 144 139 1
 115 133 126 0
 87 115 101 0
 107 128 116 0
 111 141 128 0
 101 133 119 0
 90 127 112 0
 96 129 116 0
50 150 100 0
50 150 100 0
50 150 100 0
50 150 100 0
50 150 100 0
50 150 100 0
50 150 100 0
50 150 100 0
50 150 100 0
50 150 100 0
50 150 100 0
50 150 100 0
50 150 100 0
50 150 100 0
50 150 100 0
50 150 100 0
50 150 100 0
50 150 100 0
50 150 100 0
50 150 100 0
50 150 100 0
 57 93 79 0
 69 110 93 0
 52 79 67 0
 63 104 87 0
 76 117 102 0
 70 115 103 0
 62 100 91 0
 65 110 98 0
 57 92 82 0
 63 98 86 0
 104 128 121 0
 193 184 176 1
 109 128 113 0
 69 97 82 0
 73 115 105 0
 70 103 90 0
 77 118 109 0
 67 96 84 0
 66 96 83 0
 70 112 97 0
 58 94 81 0
 68 110 89 0
 56 78 63 0
 71 108 89 0
 62 90 75 0
 71 108 90 0
 77 111 94 0
 102 121 107 0
 113 121 112 0
 98 117 105 0
 111 129 121 0
 150 153 148 1
 96 123 112 0
 98 121 109 0
 110 134 122 0
 100 130 116 0
 97 130 115 0
 90 124 112 0
50 150 100 0
50 150 100 0
50 150 100 0
50 150 100 0
50 150 100 0
50 150 100 0
50 150 100 0
50 150 100 0
50 150 100 0
50 150 100 0
50 150 100 0
50 150 100 0
50 150 100 0
50 150 100 0
50 150 100 0
50 150 100 0
50 150 100 0
50 150 100 0
50 150 100 0
50 150 100 0
50 150 100 0
50 150 100 0
50 150 100 0
 57 94 78 0
 50 150 100 0
 73 110 95 0
 85 127 113 0
 50 89 77 0
 74 115 107 0
 51 88 80 0
 61 107 94 0
 52 79 72 0
 74 102 95 0
 178 167 159 1
 91 116 101 0
 59 81 68 0
 69 106 102 0
 69 111 99 0
 64 103 90 0
 72 103 92 0
 69 104 90 0
 66 112 97 0
 62 99 83 0
 59 97 75 0
 55 75 60 0
 73 104 88 0
 60 89 74 0
 73 110 95 0
 80 116 101 0
 93 114 102 0
 103 118 107 0
 90 111 100 0
 109 128 119 0
 115 135 126 0
 88 118 105 0
 109 130 118 0
 103 128 115 0
 100 130 116 0
 96 127 115 0
 95 123 113 0
50 150 100 0
50 150 100 0
50 150 100 0
50 150 100 0
50 150 100 0
50 150 100 0
50 150 100 0
50 150 100 0
50 150 100 0
50 150 100 0
50 150 100 0
50 150 100 0
50 150 100 0
50 150 100 0
50 150 100 0
50 150 100 0
50 150 100 0
50 150 100 0
50 150 100 0
50 150 100 0
50 150 100 0
50 150 100 0
50 150 100 0
 74 117 100 0
 52 89 73 0
 60 94 80 0
 77 118 102 0
 46 77 65 0
 64 106 96 0
 46 81 73 0
 58 102 90 0
 45 72 66 0
 88 114 107 0
 152 142 137 1
 80 102 88 0
 47 62 52 0
 66 98 95 0
 66 108 97 0
 48 79 67 0
 69 101 89 0
 57 87 77 0
 57 97 83 0
 67 105 87 0
 53 83 63 0
 51 71 56 0
 75 110 94 0
 78 114 98 0
 67 102 89 0
 72 103 88 0
 104 125 112 0
 77 97 87 0
 104 130 121 0
 115 131 122 0
 165 166 160 1
 105 126 115 0
 90 114 101 0
 108 134 120 0
 100 130 117 0
 97 126 115 0
50 150 100 0
50 150 100 0
50 150 100 0
50 150 100 0
50 150 100 0
50 150 100 0
50 150 100 0
50 150 100 0
50 150 100 0
50 150 100 0
50 150 100 0
50 150 100 0
50 150 100 0
50 150 100 0
50 150 100 0
50 150 100 0
50 150 100 0
50 150 100 0
50 150 100 0
50 150 100 0
50 150 100 0
50 150 100 0
50 150 100 0
50 150 100 0
50 150 100 0
 84 133 114 0
 64 108 87 0
 90 132 113 0
 74 118 102 0
 56 88 79 0
 49 83 77 0
 60 102 92 0
 59 85 78 0
 77 101 97 0
 110 123 112 0
 73 91 79 0
 66 83 76 0
 77 112 108 0
 52 85 82 0
 71 105 96 0
 59 91 78 0
 74 116 102 0
 57 93 81 0
 49 79 60 0
 62 93 71 0
 57 77 62 0
 61 95 80 0
 70 108 92 0
 74 110 96 0
 65 96 80 0
 86 107 95 0
 82 109 97 0
 107 128 120 0
 148 154 147 1
 99 124 112 0
 141 161 152 0
 83 104 94 0
 102 129 116 0
 96 127 114 0
 105 133 122 0
50 150 100 0
50 150 100 0
50 150 100 0
50 150 100 0
50 150 100 0
50 150 100 0
50 150 100 0
50 150 100 0
50 150 100 0
50 150 100 0
50 150 100 0
50 150 100 0
50 150 100 0
50 150 100 0
50 150 100 0
50 150 100 0
50 150 100 0
50 150 100 0
50 150 100 0
50 150 100 0
50 150 100 0
50 150 100 0
50 150 100 0
50 150 100 0
50 150 100 0
 83 117 104 0
 47 89 68 0
 86 126 107 0
 68 111 93 0
 67 107 97 0
 65 99 94 0
 66 105 96 0
 53 78 71 0
 64 77 73 0
 168 162 162 1
 82 101 91 0
 45 64 60 0
 66 97 93 0
 66 103 97 0
 56 88 76 0
 73 109 95 0
 58 88 79 0
 66 101 87 0
 51 79 64 0
 69 100 80 0
 75 104 88 0
 69 105 88 0
 62 100 85 0
 69 100 85 0
 87 117 103 0
 79 106 91 0
 82 112 100 0
 84 110 99 0
 132 139 131 1
 124 138 129 0
 105 122 113 0
 98 124 114 0
 89 121 107 0
 109 134 121 0
 11 16 12 0
50 150 100 0
50 150 100 0
50 150 100 0
50 150 100 0
50 150 100 0
50 150 100 0
50 150 100 0
50 150 100 0
50 150 100 0
50 150 100 0
50 150 100 0
50 150 100 0
50 150 100 0
50 150 100 0
50 150 100 0
50 150 100 0
50 150 100 0
50 150 100 0
50 150 100 0
50 150 100 0
50 150 100 0
50 150 100 0
50 150 100 0
50 150 100 0
50 150 100 0
50 150 100 0
 75 111 96 0
 65 110 91 0
 59 96 82 0
 74 115 109 0
 57 86 81 0
 50 72 68 0
 68 97 91 0
 96 114 110 0
 162 155 154 1
 77 102 92 0
 68 88 82 0
 75 113 111 0
 55 86 83 0
 68 103 95 0
 53 85 73 0
 64 98 87 0
 65 100 84 0
 61 89 74 0
 66 94 80 0
 62 91 76 0
 84 119 104 0
 56 89 74 0
 75 111 95 0
 69 100 86 0
 73 99 85 0
 75 106 93 0
 102 124 113 0
 213 204 205 1
 159 164 160 1
 97 116 105 0
 92 121 109 0
 90 122 111 0
 106 129 117 0
50 150 100 0
50 150 100 0
50 150 100 0
50 150 100 0
50 150 100 0
50 150 100 0
50 150 100 0
50 150 100 0
50 150 100 0
50 150 100 0
50 150 100 0
50 150 100 0
50 150 100 0
50 150 100 0
50 150 100 0
50 150 100 0
50 150 100 0
50 150 100 0
50 150 100 0
50 150 100 0
50 150 100 0
50 150 100 0
50 150 100 0
50 150 100 0
50 150 100 0
50 150 100 0
50 150 100 0
 87 122 109 0
 59 96 81 0
 74 123 108 0
 78 118 106 0
 51 75 70 0
 70 95 90 0
 68 94 92 0
 105 121 118 0
 98 112 109 0
 73 98 92 0
 51 73 67 0
 75 109 103 0
 67 104 96 0
 63 96 89 0
 56 87 77 0
 67 105 90 0
 57 85 70 0
 70 99 85 0
 53 79 69 0
 70 103 88 0
 65 97 82 0
 93 134 119 0
 71 109 95 0
 58 81 70 0
 67 92 81 0
 69 98 87 0
 81 101 93 0
 194 186 185 1
 95 116 106 0
 84 115 101 0
 98 126 114 0
 111 135 124 0
50 150 100 0
50 150 100 0
50 150 100 0
50 150 100 0
50 150 100 0
50 150 100 0
50 150 100 0
50 150 100 0
50 150 100 0
50 150 100 0
50 150 100 0
50 150 100 0
50 150 100 0
50 150 100 0
50 150 100 0
50 150 100 0
50 150 100 0
50 150 100 0
50 150 100 0
50 150 100 0
50 150 100 0
50 150 100 0
50 150 100 0
50 150 100 0
50 150 100 0
50 150 100 0
50 150 100 0
50 150 100 0
50 150 100 0
 75 123 110 0
 60 104 92 0
 56 82 71 0
 68 93 86 0
 78 109 103 0
 70 90 92 0
 101 121 119 0
 166 147 147 1
 52 73 68 0
 63 83 79 0
 66 105 95 0
 61 90 85 0
 46 71 66 0
 47 79 71 0
 51 78 66 0
 50 76 64 0
 66 93 80 0
 51 74 65 0
 77 109 97 0
 76 117 101 0
 58 92 78 0
 77 113 101 0
 68 93 81 0
 63 85 73 0
 85 115 103 0
 102 122 114 0
 111 118 114 0
 90 120 109 0
 85 121 106 0
 101 133 119 0
 104 126 116 0
50 150 100 0
50 150 100 0
50 150 100 0
50 150 100 0
50 150 100 0
50 150 100 0
50 150 100 0
50 150 100 0
50 150 100 0
50 150 100 0
50 150 100 0
50 150 100 0
50 150 100 0
50 150 100 0
50 150 100 0
50 150 100 0
50 150 100 0
50 150 100 0
50 150 100 0
50 150 100 0
50 150 100 0
50 150 100 0
50 150 100 0
50 150 100 0
50 150 100 0
50 150 100 0
50 150 100 0
50 150 100 0
50 150 100 0
 58 91 76 0
 54 98 85 0
 73 119 103 0
 66 94 83 0
 69 103 97 0
 60 79 79 0
 111 124 123 0
 199 164 162 1
 67 91 85 0
 71 96 90 0
 59 91 85 0
 64 94 88 0
 59 83 80 0
 68 101 94 0
 52 73 65 0
 66 100 84 0
 67 100 84 0
 69 99 89 0
 79 110 99 0
 64 100 86 0
 62 97 83 0
 52 78 67 0
 66 92 78 0
 66 90 78 0
 85 116 105 0
 124 139 130 0
 170 165 161 1
 78 115 102 0
 86 121 107 0
 98 126 114 0
50 150 100 0
50 150 100 0
50 150 100 0
50 150 100 0
50 150 100 0
50 150 100 0
50 150 100 0
50 150 100 0
50 150 100 0
50 150 100 0
50 150 100 0
50 150 100 0
50 150 100 0
50 150 100 0
50 150 100 0
50 150 100 0
50 150 100 0
50 150 100 0
50 150 100 0
50 150 100 0
50 150 100 0
50 150 100 0
50 150 100 0
50 150 100 0
50 150 100 0
50 150 100 0
50 150 100 0
50 150 100 0
50 150 100 0
50 150 100 0
50 150 100 0
 70 111 93 0
 63 108 93 0
 55 79 70 0
 67 102 95 0
 88 117 114 0
 117 128 126 0
 152 135 132 1
 70 95 88 0
 64 99 89 0
 51 76 72 0
 69 101 95 0
 62 90 86 0
 78 111 104 0
 74 96 83 0
 53 78 67 0
 61 89 79 0
 65 98 85 0
 73 104 91 0
 81 116 105 0
 49 79 66 0
 52 75 64 0
 53 75 64 0
 71 103 89 0
 80 112 102 0
 131 142 135 0
 91 116 106 0
 77 111 99 0
 78 114 102 0
 88 120 109 0
50 150 100 0
50 150 100 0
50 150 100 0
50 150 100 0
50 150 100 0
50 150 100 0
50 150 100 0
50 150 100 0
50 150 100 0
50 150 100 0
50 150 100 0
50 150 100 0
50 150 100 0
50 150 100 0
50 150 100 0
50 150 100 0
50 150 100 0
50 150 100 0
50 150 100 0
50 150 100 0
50 150 100 0
50 150 100 0
50 150 100 0
50 150 100 0
50 150 100 0
50 150 100 0
50 150 100 0
50 150 100 0
50 150 100 0
50 150 100 0
50 150 100 0
 58 91 77 0
 62 98 85 0
 78 114 104 0
 63 93 85 0
 79 110 104 0
 63 89 84 0
 122 122 116 1
 67 94 89 0
 47 78 72 0
 60 84 79 0
 66 96 91 0
 62 91 86 0
 62 93 85 0
 48 67 58 0
 48 66 58 0
 69 96 88 0
 61 99 86 0
 50 69 61 0
 61 89 80 0
 58 92 77 0
 58 81 71 0
 64 86 81 0
 66 95 88 0
 97 121 113 0
 176 172 168 1
 81 110 99 0
 79 110 99 0
 80 116 106 0
 19 25 23 0
50 150 100 0
50 150 100 0
50 150 100 0
50 150 100 0
50 150 100 0
50 150 100 0
50 150 100 0
50 150 100 0
50 150 100 0
50 150 100 0
50 150 100 0
50 150 100 0
50 150 100 0
50 150 100 0
50 150 100 0
50 150 100 0
50 150 100 0
50 150 100 0
50 150 100 0
50 150 100 0
50 150 100 0
50 150 100 0
50 150 100 0
50 150 100 0
50 150 100 0
50 150 100 0
50 150 100 0
50 150 100 0
50 150 100 0
50 150 100 0
50 150 100 0
 12 22 16 0
 73 103 92 0
 59 86 77 0
 69 103 97 0
 54 71 67 0
 80 89 87 0
 83 87 85 0
 70 98 93 0
 54 83 77 0
 48 69 65 0
 55 74 73 0
 71 107 100 0
 66 85 82 0
 74 109 94 0
 55 83 71 0
 73 108 101 0
 48 74 66 0
 63 85 79 0
 58 88 76 0
 49 75 64 0
 63 84 76 0
 78 108 101 0
 56 82 76 0
 87 117 108 0
 142 146 142 1
 92 119 108 0
 79 116 102 0
 81 114 106 0
50 150 100 0
50 150 100 0
50 150 100 0
50 150 100 0
50 150 100 0
50 150 100 0
50 150 100 0
50 150 100 0
50 150 100 0
50 150 100 0
50 150 100 0
50 150 100 0
50 150 100 0
50 150 100 0
50 150 100 0
50 150 100 0
50 150 100 0
50 150 100 0
50 150 100 0
50 150 100 0
50 150 100 0
50 150 100 0
50 150 100 0
50 150 100 0
50 150 100 0
50 150 100 0
50 150 100 0
50 150 100 0
50 150 100 0
50 150 100 0
50 150 100 0
50 150 100 0
50 150 100 0
 60 85 76 0
 78 112 104 0
 55 75 71 0
 82 112 107 0
 151 143 140 1
 93 110 106 0
 65 98 92 0
 58 90 82 0
 60 87 84 0
 62 83 81 0
 68 106 98 0
 48 64 62 0
 53 83 74 0
 69 110 97 0
 61 88 84 0
 55 73 68 0
 69 99 91 0
 51 77 67 0
 61 89 77 0
 58 76 72 0
 63 88 82 0
 65 97 88 0
 75 115 103 0
 133 140 134 1
 90 121 108 0
 73 109 96 0
 15 22 19 0
50 150 100 0
50 150 100 0
50 150 100 0
50 150 100 0
50 150 100 0
50 150 100 0
50 150 100 0
50 150 100 0
50 150 100 0
50 150 100 0
50 150 100 0
50 150 100 0
50 150 100 0
50 150 100 0
50 150 100 0
50 150 100 0
50 150 100 0
50 150 100 0
50 150 100 0
50 150 100 0
50 150 100 0
50 150 100 0
50 150 100 0
50 150 100 0
50 150 100 0
50 150 100 0
50 150 100 0
50 150 100 0
50 150 100 0
50 150 100 0
50 150 100 0
50 150 100 0
50 150 100 0
 58 78 70 0
 61 90 80 0
 79 118 113 0
 66 103 95 0
 108 119 112 0
 148 143 135 1
 52 77 71 0
 46 71 66 0
 62 91 86 0
 54 74 70 0
 69 98 94 0
 55 75 72 0
 65 98 93 0
 55 86 78 0
 57 83 84 0
 68 88 82 0
 55 85 71 0
 38 59 51 0
 56 88 77 0
 52 77 68 0
 59 89 80 0
 55 90 79 0
 87 125 112 0
 147 150 143 1
 75 109 94 0
 69 102 90 0
50 150 100 0
50 150 100 0
50 150 100 0
50 150 100 0
50 150 100 0
50 150 100 0
50 150 100 0
50 150 100 0
50 150 100 0
50 150 100 0
50 150 100 0
50 150 100 0
50 150 100 0
50 150 100 0
50 150 100 0
50 150 100 0
50 150 100 0
50 150 100 0
50 150 100 0
50 150 100 0
50 150 100 0
50 150 100 0
50 150 100 0
50 150 100 0
50 150 100 0
50 150 100 0
50 150 100 0
50 150 100 0
50 150 100 0
50 150 100 0
50 150 100 0
50 150 100 0
50 150 100 0
50 150 100 0
50 150 100 0
 42 57 52 0
 67 97 93 0
 80 120 110 0
 163 155 146 1
 78 87 79 0
 63 91 85 0
 48 71 66 0
 52 72 69 0
 59 79 75 0
 59 88 86 0
 66 90 86 0
 41 58 57 0
 46 72 68 0
 58 89 79 0
 60 76 69 0
 53 75 64 0
 68 97 85 0
 50 79 71 0
 65 104 96 0
 47 75 67 0
 66 101 88 0
 74 104 95 0
 106 123 114 0
 86 122 108 0
 0 0 0 0
50 150 100 0
50 150 100 0
50 150 100 0
50 150 100 0
50 150 100 0
50 150 100 0
50 150 100 0
50 150 100 0
50 150 100 0
50 150 100 0
50 150 100 0
50 150 100 0
50 150 100 0
50 150 100 0
50 150 100 0
50 150 100 0
50 150 100 0
50 150 100 0
50 150 100 0
50 150 100 0
50 150 100 0
50 150 100 0
50 150 100 0
50 150 100 0
50 150 100 0
50 150 100 0
50 150 100 0
50 150 100 0
50 150 100 0
50 150 100 0
50 150 100 0
50 150 100 0
50 150 100 0
50 150 100 0
50 150 100 0
 51 69 62 0
 70 99 89 0
 69 99 91 0
 108 118 109 0
 101 105 95 0
 56 68 64 0
 69 107 100 0
 57 75 70 0
 51 69 66 0
 53 70 74 0
 50 70 67 0
 54 74 71 0
 61 86 83 0
 47 75 70 0
 55 73 63 0
 75 100 86 0
 78 107 96 0
 56 90 80 0
 49 77 70 0
 59 86 81 0
 53 80 69 0
 184 179 174 1
 118 130 120 0
 91 117 106 0
50 150 100 0
50 150 100 0
50 150 100 0
50 150 100 0
50 150 100 0
50 150 100 0
50 150 100 0
50 150 100 0
50 150 100 0
50 150 100 0
50 150 100 0
50 150 100 0
50 150 100 0
50 150 100 0
50 150 100 0
50 150 100 0
50 150 100 0
50 150 100 0
50 150 100 0
50 150 100 0
50 150 100 0
50 150 100 0
50 150 100 0
50 150 100 0
50 150 100 0
50 150 100 0
50 150 100 0
50 150 100 0
50 150 100 0
50 150 100 0
50 150 100 0
50 150 100 0
50 150 100 0
50 150 100 0
50 150 100 0
50 150 100 0
50 150 100 0
 64 96 87 0
 75 113 100 0
 184 158 151 1
 89 98 90 0
 66 80 75 0
 57 96 87 0
 43 59 53 0
 71 92 87 0
 58 75 76 0
 45 63 62 0
 67 91 88 0
 45 64 61 0
 66 97 91 0
 44 58 53 0
 55 76 66 0
 68 87 78 0
 57 89 81 0
 48 69 64 0
 58 85 78 0
 68 98 89 0
 118 128 119 0
 93 111 100 0
 69 88 76 0
50 150 100 0
50 150 100 0
50 150 100 0
50 150 100 0
50 150 100 0
50 150 100 0
50 150 100 0
50 150 100 0
50 150 100 0
50 150 100 0
50 150 100 0
50 150 100 0
50 150 100 0
50 150 100 0
50 150 100 0
50 150 100 0
50 150 100 0
50 150 100 0
50 150 100 0
50 150 100 0
50 150 100 0
50 150 100 0
50 150 100 0
50 150 100 0
50 150 100 0
50 150 100 0
50 150 100 0
50 150 100 0
50 150 100 0
50 150 100 0
50 150 100 0
50 150 100 0
50 150 100 0
50 150 100 0
50 150 100 0
50 150 100 0
50 150 100 0
 53 78 70 0
 69 105 94 0
 81 98 85 0
 125 122 109 1
 54 66 60 0
 53 81 74 0
 59 91 84 0
 57 93 78 0
 55 74 70 0
 60 76 74 0
 42 56 54 0
 54 73 70 0
 45 68 66 0
 52 70 63 0
 69 101 88 0
 66 91 84 0
 49 77 71 0
 54 80 72 0
 51 74 69 0
 73 101 91 0
 137 143 136 1
 108 125 115 0
50 150 100 0
50 150 100 0
50 150 100 0
50 150 100 0
50 150 100 0
50 150 100 0
50 150 100 0
50 150 100 0
50 150 100 0
50 150 100 0
50 150 100 0
50 150 100 0
50 150 100 0
50 150 100 0
50 150 100 0
50 150 100 0
50 150 100 0
50 150 100 0
50 150 100 0
50 150 100 0
50 150 100 0
50 150 100 0
50 150 100 0
50 150 100 0
50 150 100 0
50 150 100 0
50 150 100 0
50 150 100 0
50 150 100 0
50 150 100 0
50 150 100 0
50 150 100 0
50 150 100 0
50 150 100 0
50 150 100 0
50 150 100 0
50 150 100 0
50 150 100 0
50 150 100 0
 50 72 65 0
 129 128 117 1
 77 87 72 0
 52 67 58 0
 43 64 57 0
 64 88 79 0
 38 71 55 0
 58 75 67 0
 58 82 77 0
 47 63 57 0
 51 63 61 0
 70 96 90 0
 58 81 74 0
 62 89 76 0
 70 94 88 0
 61 94 88 0
 60 96 83 0
 55 74 67 0
 59 90 82 0
 158 160 154 1
 101 123 112 0
50 150 100 0
50 150 100 0
50 150 100 0
50 150 100 0
50 150 100 0
50 150 100 0
50 150 100 0
50 150 100 0
50 150 100 0
50 150 100 0
50 150 100 0
50 150 100 0
50 150 100 0
50 150 100 0
50 150 100 0
50 150 100 0
50 150 100 0
50 150 100 0
50 150 100 0
50 150 100 0
50 150 100 0
50 150 100 0
50 150 100 0
50 150 100 0
50 150 100 0
50 150 100 0
50 150 100 0
50 150 100 0
50 150 100 0
50 150 100 0
50 150 100 0
50 150 100 0
50 150 100 0
50 150 100 0
50 150 100 0
50 150 100 0
50 150 100 0
50 150 100 0
50 150 100 0
 65 95 84 0
 62 70 63 0
 115 106 92 0
 75 88 80 0
 69 94 86 0
 46 65 59 0
 56 94 79 0
 37 52 45 0
 55 73 66 0
 67 90 82 0
 59 75 72 0
 74 98 92 0
 49 69 66 0
 65 89 81 0
 56 81 74 0
 44 68 61 0
 50 81 70 0
 65 89 80 0
 88 115 104 0
 121 129 122 1
50 150 100 0
50 150 100 0
50 150 100 0
50 150 100 0
50 150 100 0
50 150 100 0
50 150 100 0
50 150 100 0
50 150 100 0
50 150 100 0
50 150 100 0
50 150 100 0
50 150 100 0
50 150 100 0
50 150 100 0
50 150 100 0
50 150 100 0
50 150 100 0
50 150 100 0
50 150 100 0
50 150 100 0
50 150 100 0
50 150 100 0
50 150 100 0
50 150 100 0
50 150 100 0
50 150 100 0
50 150 100 0
50 150 100 0
50 150 100 0
50 150 100 0
50 150 100 0
50 150 100 0
50 150 100 0
50 150 100 0
50 150 100 0
50 150 100 0
50 150 100 0
50 150 100 0
50 150 100 0
50 150 100 0
 53 71 60 0
 168 141 128 1
 58 66 56 0
 57 76 69 0
 66 88 82 0
 47 75 63 0
 39 54 46 0
 60 78 70 0
 42 56 50 0
 62 78 75 0
 50 67 62 0
 58 82 76 0
 49 68 63 0
 57 76 71 0
 61 96 88 0
 50 75 67 0
 68 103 92 0
 72 97 87 0
 144 141 137 0
50 150 100 0
50 150 100 0
50 150 100 0
50 150 100 0
50 150 100 0
50 150 100 0
50 150 100 0
50 150 100 0
50 150 100 0
50 150 100 0
50 150 100 0
50 150 100 0
50 150 100 0
50 150 100 0
50 150 100 0
50 150 100 0
50 150 100 0
50 150 100 0
50 150 100 0
50 150 100 0
50 150 100 0
50 150 100 0
50 150 100 0
50 150 100 0
50 150 100 0
50 150 100 0
50 150 100 0
50 150 100 0
50 150 100 0
50 150 100 0
50 150 100 0
50 150 100 0
50 150 100 0
50 150 100 0
50 150 100 0
50 150 100 0
50 150 100 0
50 150 100 0
50 150 100 0
50 150 100 0
50 150 100 0
 74 86 75 0
 128 120 105 1
 80 92 76 0
 51 62 53 0
 62 85 77 0
 60 90 82 0
 60 78 69 0
 48 62 55 0
 66 88 82 0
 48 61 58 0
 60 72 71 0
 57 79 71 0
 51 69 62 0
 67 91 87 0
 54 80 74 0
 61 90 83 0
 53 81 73 0
 82 100 91 0
50 150 100 0
50 150 100 0
50 150 100 0
50 150 100 0
50 150 100 0
50 150 100 0
50 150 100 0
50 150 100 0
50 150 100 0
50 150 100 0
50 150 100 0
50 150 100 0
50 150 100 0
50 150 100 0
50 150 100 0
50 150 100 0
50 150 100 0
50 150 100 0
50 150 100 0
50 150 100 0
50 150 100 0
50 150 100 0
50 150 100 0
50 150 100 0
50 150 100 0
50 150 100 0
50 150 100 0
50 150 100 0
50 150 100 0
50 150 100 0
50 150 100 0
50 150 100 0
50 150 100 0
50 150 100 0
50 150 100 0
50 150 100 0
50 150 100 0
50 150 100 0
50 150 100 0
50 150 100 0
50 150 100 0
50 150 100 0
50 150 100 0
 167 153 144 1
 49 60 46 0
 60 71 59 0
 43 59 49 0
 49 68 62 0
 48 64 57 0
 61 75 68 0
 54 69 66 0
 48 62 56 0
 77 92 90 0
 53 75 67 0
 61 83 79 0
 54 80 72 0
 53 67 61 0
 53 75 71 0
 61 88 80 0
 74 99 92 0
50 150 100 0
50 150 100 0
50 150 100 0
50 150 100 0
50 150 100 0
50 150 100 0
50 150 100 0
50 150 100 0
50 150 100 0
50 150 100 0
50 150 100 0
50 150 100 0
50 150 100 0
50 150 100 0
50 150 100 0
50 150 100 0
50 150 100 0
50 150 100 0
50 150 100 0
50 150 100 0
50 150 100 0
50 150 100 0
50 150 100 0
50 150 100 0
50 150 100 0
50 150 100 0
50 150 100 0
50 150 100 0
50 150 100 0
50 150 100 0
50 150 100 0
50 150 100 0
50 150 100 0
50 150 100 0
50 150 100 0
50 150 100 0
50 150 100 0
50 150 100 0
50 150 100 0
50 150 100 0
50 150 100 0
50 150 100 0
50 150 100 0
 95 97 85 0
 73 98 82 0
 54 64 54 0
 65 93 79 0
 56 76 68 0
 45 57 50 0
 46 57 51 0
 66 81 75 0
 56 73 65 0
 63 72 71 0
 62 85 76 0
 43 59 52 0
 44 64 61 0
 48 61 57 0
 54 76 72 0
 58 84 76 0
50 150 100 0
50 150 100 0
50 150 100 0
50 150 100 0
50 150 100 0
50 150 100 0
50 150 100 0
50 150 100 0
50 150 100 0
50 150 100 0
50 150 100 0
50 150 100 0
50 150 100 0
50 150 100 0
50 150 100 0
50 150 100 0
50 150 100 0
50 150 100 0
50 150 100 0
50 150 100 0
50 150 100 0
50 150 100 0
50 150 100 0
50 150 100 0
50 150 100 0
50 150 100 0
50 150 100 0
50 150 100 0
50 150 100 0
50 150 100 0
50 150 100 0
50 150 100 0
50 150 100 0
50 150 100 0
50 150 100 0
50 150 100 0
50 150 100 0
50 150 100 0
50 150 100 0
50 150 100 0
50 150 100 0
50 150 100 0
50 150 100 0
50 150 100 0
50 150 100 0
 53 73 59 0
 34 42 34 0
 60 83 72 0
 48 61 54 0
 32 38 33 0
 56 70 63 0
 53 65 60 0
 23 28 25 0
 67 77 76 0
 50 70 62 0
 33 43 40 0
 55 73 67 0
 55 69 65 0
 24 31 28 0
 49 66 61 0
50 150 100 0
50 150 100 0
50 150 100 0
50 150 100 0
50 150 100 0
50 150 100 0
50 150 100 0
50 150 100 0
50 150 100 0
50 150 100 0
50 150 100 0
50 150 100 0
50 150 100 0
50 150 100 0
50 150 100 0
50 150 100 0
50 150 100 0
50 150 100 0
50 150 100 0
50 150 100 0
50 150 100 0
50 150 100 0
50 150 100 0
50 150 100 0
50 150 100 0
50 150 100 0
50 150 100 0
50 150 100 0
50 150 100 0
50 150 100 0
50 150 100 0
50 150 100 0
50 150 100 0
50 150 100 0
50 150 100 0
50 150 100 0
50 150 100 0
50 150 100 0
50 150 100 0
50 150 100 0
50 150 100 0
50 150 100 0
50 150 100 0
50 150 100 0
50 150 100 0
50 150 100 0
50 150 100 0
50 150 100 0
50 150 100 0
50 150 100 0
50 150 100 0
50 150 100 0
50 150 100 0
50 150 100 0
50 150 100 0
50 150 100 0
50 150 100 0
50 150 100 0
50 150 100 0
50 150 100 0
50 150 100 0
50 150 100 0
50 150 100 0
50 150 100 0
50 150 100 0
50 150 100 0
50 150 100 0
50 150 100 0
50 150 100 0
50 150 100 0
50 150 100 0
50 150 100 0
50 150 100 0
50 150 100 0
50 150 100 0
50 150 100 0
50 150 100 0
50 150 100 0
50 150 100 0
50 150 100 0
50 150 100 0
50 150 100 0
50 150 100 0
50 150 100 0
50 150 100 0
50 150 100 0
50 150 100 0
50 150 100 0
50 150 100 0
50 150 100 0
50 150 100 0
50 150 100 0
50 150 100 0
50 150 100 0
50 150 100 0
50 150 100 0
50 150 100 0
50 150 100 0
50 150 100 0
50 150 100 0
50 150 100 0
50 150 100 0
50 150 100 0
50 150 100 0
50 150 100 0
50 150 100 0
50 150 100 0
50 150 100 0
50 150 100 0
50 150 100 0
50 150 100 0
50 150 100 0
50 150 100 0
50 150 100 0
50 150 100 0
50 150 100 0
50 150 100 0
50 150 100 0
50 150 100 0
50 150 100 0
50 150 100 0
50 150 100 0
50 150 100 0
50 150 100 0
50 150 100 0
50 150 100 0
50 150 100 0
50 150 100 0
50 150 100 0
50 150 100 0
50 150 100 0
50 150 100 0
50 150 100 0
50 150 100 0
50 150 100 0
50 150 100 0
50 150 100 0
50 150 100 0
50 150 100 0
50 150 100 0
50 150 100 0
50 150 100 0
50 150 100 0
50 150 100 0
50 150 100 0
50 150 100 0
50 150 100 0
50 150 100 0
50 150 100 0
50 150 100 0
50 150 100 0
50 150 100 0
50 150 100 0
50 150 100 0
50 150 100 0
50 150 100 0
50 150 100 0
50 150 100 0
50 150 100 0
50 150 100 0
50 150 100 0
50 150 100 0
50 150 100 0
50 150 100 0
50 150 100 0
50 150 100 0
50 150 100 0
50 150 100 0
50 150 100 0
50 150 100 0
50 150 100 0
50 150 100 0
50 150 100 0
50 150 100 0
50 150 100 0
50 150 100 0
50 150 100 0
50 150 100 0
50 150 100 0
50 150 100 0
50 150 100 0
50 150 100 0
50 150 100 0
50 150 100 0
50 150 100 0
50 150 100 0
50 150 100 0
50 150 100 0
50 150 100 0
50 150 100 0
50 150 100 0
50 150 100 0
50 150 100 0
50 150 100 0
50 150 100 0
50 150 100 0
50 150 100 0
50 150 100 0
50 150 100 0
50 150 100 0
50 150 100 0
50 150 100 0
50 150 100 0
50 150 100 0
50 150 100 0
50 150 100 0
50 150 100 0
50 150 100 0
50 150 100 0
50 150 100 0
50 150 100 0
50 150 100 0
50 150 100 0
50 150 100 0
50 150 100 0
50 150 100 0
50 150 100 0
50 150 100 0
50 150 100 0
50 150 100 0
50 150 100 0
50 150 100 0
50 150 100 0
50 150 100 0
50 150 100 0
50 150 100 0
50 150 100 0
50 150 100 0
50 150 100 0
50 150 100 0
50 150 100 0
50 150 100 0
50 150 100 0
50 150 100 0
50 150 100 0
50 150 100 0
50 150 100 0
50 150 100 0
50 150 100 0
50 150 100 0
50 150 100 0
50 150 100 0
50 150 100 0
50 150 100 0
50 150 100 0
50 150 100 0
50 150 100 0
50 150 100 0
50 150 100 0
50 150 100 0
50 150 100 0
50 150 100 0
50 150 100 0
50 150 100 0
50 150 100 0
50 150 100 0
50 150 100 0
50 150 100 0
50 150 100 0
50 150 100 0
50 150 100 0
50 150 100 0

