 97 132 108 0
 104 136 111 0
 91 126 100 0
 96 129 102 0
 97 128 101 0
 91 121 97 0
 97 124 100 0
 105 134 111 0
 96 131 109 0
 95 132 108 0
 98 128 103 0
 90 123 100 0
 91 122 102 0
 111 144 120 0
 106 145 119 0
 70 115 88 0
 74 116 88 0
 52 88 63 0
 76 122 94 0
 67 110 84 0
 62 107 81 0
 73 122 95 0
 128 142 125 1
 167 160 143 1
 110 125 103 0
 77 103 82 0
 83 118 99 0
 65 99 80 0
 79 111 94 0
 78 109 91 0
 90 126 110 0
 76 106 86 0
 82 109 91 0
 74 105 88 0
 63 95 78 0
 85 114 98 0
 82 115 98 0
 78 112 96 0
 67 102 88 0
 67 94 85 0
 86 120 107 0
 77 107 101 0
 100 129 125 0
 82 108 107 0
 90 121 116 0
 92 122 116 0
 101 123 119 0
 149 156 152 0
 198 190 187 1
 120 133 124 0
 112 135 125 0
 109 130 124 0
 104 130 121 0
 100 124 114 0
 121 140 131 0
 123 142 133 0
 119 140 131 0
 123 144 135 0
 116 139 129 0
 107 134 122 0
 107 144 120 0
 95 128 104 0
 101 136 110 0
 91 126 99 0
 96 128 100 0
 95 126 100 0
 96 126 101 0
 104 132 109 0
 104 136 115 0
 100 134 110 0
 90 123 98 0
 79 106 83 0
 99 135 115 0
 100 132 110 0
 101 140 114 0
 75 121 94 0
 58 102 76 0
 59 96 71 0
 74 121 93 0
 70 113 87 0
 58 101 75 0
 66 112 85 0
 122 139 122 0
 183 178 162 1
 110 125 103 0
 81 107 86 0
 83 118 99 0
 75 113 91 0
 84 118 99 0
 72 104 84 0
 88 122 109 0
 69 99 80 0
 74 102 85 0
 58 88 74 0
 73 102 86 0
 88 119 103 0
 78 110 94 0
 74 107 94 0
 64 91 82 0
 82 113 103 0
 77 111 97 0
 81 110 106 0
 109 138 133 0
 86 113 110 0
 90 121 116 0
 90 118 113 0
 103 124 120 0
 133 146 141 0
 184 173 172 1
 114 128 123 0
 102 126 117 0
 104 126 121 0
 101 127 118 0
 104 127 118 0
 124 144 134 0
 126 146 137 0
 115 136 127 0
 121 144 134 0
 109 133 123 0
 103 131 118 0
 106 141 116 0
 93 127 103 0
 101 136 110 0
 94 129 103 0
 94 126 100 0
 93 124 98 0
 89 119 95 0
 100 129 104 0
 103 137 114 0
 100 132 108 0
 89 123 97 0
 80 108 85 0
 98 139 117 0
 102 137 114 0
 85 125 97 0
 74 120 94 0
 99 138 114 0
 58 98 72 0
 68 117 89 0
 69 112 86 0
 53 91 66 0
 68 118 90 0
 74 118 91 0
 147 151 134 1
 98 119 95 0
 86 111 88 0
 83 119 98 0
 67 104 81 0
 82 117 97 0
 76 108 87 0
 86 120 109 0
 67 97 81 0
 69 96 80 0
 66 96 81 0
 75 104 88 0
 87 121 105 0
 64 94 75 0
 83 116 100 0
 86 116 103 0
 81 112 101 0
 82 115 103 0
 80 108 106 0
 82 110 106 0
 88 115 112 0
 84 116 110 0
 88 117 111 0
 104 123 120 0
 132 145 142 0
 118 128 126 0
 88 109 104 0
 105 129 122 0
 99 123 117 0
 100 126 115 0
 116 138 127 0
 127 147 135 0
 119 140 131 0
 111 135 125 0
 115 139 129 0
 105 132 120 0
 101 130 118 0
 103 135 110 0
 91 127 103 0
 98 133 108 0
 95 130 104 0
 93 125 100 0
 86 118 92 0
 90 121 96 0
 89 119 95 0
 103 137 114 0
 94 128 104 0
 93 126 101 0
 88 117 93 0
 94 136 113 0
 103 138 115 0
 82 122 94 0
 57 101 74 0
 105 146 124 0
 65 102 78 0
 67 114 87 0
 64 110 83 0
 55 90 67 0
 63 110 83 0
 113 131 114 0
 109 130 107 0
 79 101 77 0
 92 120 97 0
 83 118 97 0
 78 119 96 0
 74 108 87 0
 77 112 91 0
 84 118 106 0
 69 99 82 0
 70 97 81 0
 110 141 129 0
 70 99 83 0
 83 117 99 0
 70 101 82 0
 86 121 101 0
 88 115 100 0
 82 114 101 0
 85 117 106 0
 117 144 141 0
 75 103 98 0
 79 105 102 0
 87 119 114 0
 93 119 115 0
 101 120 120 0
 121 135 136 0
 156 153 153 1
 103 123 119 0
 100 122 116 0
 101 126 118 0
 101 126 116 0
 119 139 129 0
 124 144 134 0
 111 134 124 0
 112 136 126 0
 107 132 121 0
 103 130 118 0
 104 133 120 0
 106 135 109 0
 96 131 106 0
 90 127 101 0
 95 129 105 0
 93 125 100 0
 91 123 97 0
 88 118 93 0
 95 125 101 0
 96 128 105 0
 94 131 108 0
 91 124 99 0
 88 120 95 0
 95 136 112 0
 99 137 115 0
 93 129 105 0
 65 106 79 0
 76 123 97 0
 65 103 79 0
 64 105 79 0
 64 111 84 0
 57 93 70 0
 77 121 96 0
 116 132 116 0
 150 156 141 1
 74 97 74 0
 86 116 96 0
 97 134 114 0
 79 118 96 0
 61 93 73 0
 78 113 93 0
 78 113 99 0
 69 98 81 0
 71 99 82 0
 74 104 90 0
 59 87 72 0
 81 115 96 0
 70 103 85 0
 84 120 100 0
 80 110 93 0
 80 113 99 0
 83 117 107 0
 97 127 123 0
 71 95 90 0
 83 113 109 0
 93 124 119 0
 97 120 119 0
 111 125 129 0
 158 157 156 1
 122 135 133 0
 91 113 107 0
 102 124 118 0
 98 123 115 0
 101 125 115 0
 121 139 130 0
 120 141 132 0
 106 129 120 0
 110 134 125 0
 100 125 115 0
 103 132 120 0
 116 144 131 0
 105 134 108 0
 101 133 107 0
 91 127 101 0
 90 126 101 0
 93 126 101 0
 93 125 100 0
 93 125 100 0
 91 121 96 0
 98 129 105 0
 89 127 103 0
 98 131 107 0
 89 123 97 0
 89 126 102 0
 93 130 108 0
 81 116 94 0
 69 111 84 0
 71 117 90 0
 58 97 72 0
 65 106 80 0
 64 112 84 0
 58 96 72 0
 78 119 94 0
 128 140 123 0
 97 122 100 0
 67 90 67 0
 103 129 110 0
 81 116 95 0
 79 118 95 0
 67 102 81 0
 83 119 101 0
 79 114 101 0
 66 96 80 0
 72 100 83 0
 82 110 98 0
 59 85 72 0
 75 112 90 0
 76 110 91 0
 75 109 89 0
 80 112 96 0
 75 109 94 0
 95 127 121 0
 80 103 98 0
 71 94 90 0
 85 116 111 0
 91 123 118 0
 96 120 118 0
 108 125 127 0
 160 160 160 1
 113 127 124 0
 106 127 122 0
 101 125 117 0
 96 120 112 0
 108 130 120 0
 122 141 132 0
 103 126 118 0
 107 131 123 0
 109 133 125 0
 99 126 115 0
 102 131 119 0
 115 141 129 0
 104 133 106 0
 102 133 106 0
 95 128 101 0
 90 125 99 0
 88 121 97 0
 103 134 110 0
 92 124 99 0
 82 113 89 0
 91 120 95 0
 96 129 105 0
 85 121 98 0
 100 135 109 0
 86 121 96 0
 83 120 99 0
 82 115 94 0
 75 118 92 0
 65 112 85 0
 49 86 62 0
 65 105 79 0
 66 114 86 0
 62 103 77 0
 75 117 92 0
 122 139 118 0
 154 157 141 1
 87 112 90 0
 93 122 100 0
 77 111 91 0
 79 115 93 0
 85 120 100 0
 65 100 82 0
 73 108 94 0
 73 104 87 0
 67 97 78 0
 81 109 96 0
 65 91 75 0
 74 111 89 0
 74 108 88 0
 80 114 95 0
 78 111 95 0
 64 96 81 0
 82 115 107 0
 77 101 95 0
 72 98 93 0
 89 122 118 0
 75 101 102 0
 95 120 118 0
 112 126 126 0
 174 173 174 1
 122 134 132 0
 111 133 128 0
 99 123 115 0
 102 126 118 0
 106 126 117 0
 122 141 132 0
 100 123 115 0
 107 130 122 0
 112 137 128 0
 96 124 115 0
 104 132 120 0
 114 140 128 0
 91 119 94 0
 100 134 107 0
 97 130 103 0
 90 122 96 0
 92 127 103 0
 93 126 102 0
 93 125 101 0
 85 117 92 0
 84 115 90 0
 97 126 104 0
 91 127 104 0
 104 139 113 0
 83 115 90 0
 84 120 98 0
 75 109 88 0
 76 120 95 0
 70 117 89 0
 53 90 64 0
 63 103 77 0
 67 115 86 0
 61 100 75 0
 79 121 95 0
 128 138 118 0
 133 141 123 1
 89 116 94 0
 89 121 96 0
 72 104 84 0
 85 122 101 0
 80 114 92 0
 79 113 97 0
 65 97 83 0
 78 113 94 0
 67 95 76 0
 87 115 101 0
 68 95 78 0
 74 111 88 0
 71 104 84 0
 80 115 97 0
 82 115 98 0
 62 91 77 0
 80 111 104 0
 67 91 84 0
 79 109 104 0
 82 113 114 0
 73 98 100 0
 103 127 128 0
 116 128 128 0
 206 201 203 1
 114 131 127 0
 100 123 118 0
 107 131 123 0
 100 123 114 0
 118 137 128 0
 116 136 128 0
 102 125 118 0
 115 140 131 0
 102 127 119 0
 88 117 107 0
 113 140 127 0
 121 147 134 0
50 150 100 0
 96 131 104 0
 95 129 101 0
 90 117 90 0
 94 129 103 0
 88 122 99 0
 97 129 105 0
 85 117 92 0
 83 113 90 0
 101 131 110 0
 87 123 100 0
 102 139 114 0
 79 111 85 0
 93 128 105 0
 66 101 80 0
 76 120 96 0
 65 112 84 0
 51 89 63 0
 65 102 77 0
 67 114 86 0
 58 96 73 0
 76 117 90 0
 115 131 109 0
 140 144 125 1
 86 114 91 0
 86 119 93 0
 78 108 88 0
 88 123 102 0
 77 110 90 0
 75 108 92 0
 67 100 85 0
 76 114 94 0
 63 91 72 0
 77 107 91 0
 71 102 83 0
 75 112 91 0
 71 104 86 0
 77 112 95 0
 79 116 97 0
 76 106 99 0
 59 81 75 0
 66 89 81 0
 74 104 98 0
 86 117 118 0
 92 117 118 0
 105 122 124 0
 145 146 145 1
 123 130 129 0
 107 128 123 0
 104 127 120 0
 98 122 112 0
 119 139 131 0
 121 140 131 0
 109 130 121 0
 105 128 121 0
 108 132 124 0
 96 123 114 0
 106 135 123 0
 118 144 131 0
 125 149 137 0
50 150 100 0
 96 132 106 0
 88 123 96 0
 91 119 91 0
 91 123 97 0
 91 127 103 0
 92 125 102 0
 86 116 93 0
 83 115 91 0
 98 128 105 0
 100 132 109 0
 97 131 107 0
 77 107 81 0
 98 132 107 0
 85 118 96 0
 73 115 92 0
 70 117 90 0
 57 98 71 0
 67 104 79 0
 72 116 87 0
 63 107 81 0
 75 115 91 0
 115 125 104 0
 162 161 142 1
 84 113 90 0
 80 113 88 0
 88 120 100 0
 84 118 96 0
 80 113 93 0
 82 113 96 0
 66 101 84 0
 67 104 83 0
 62 88 70 0
 70 100 81 0
 73 106 87 0
 72 107 87 0
 58 89 75 0
 76 113 93 0
 64 94 79 0
 75 105 100 0
 68 92 85 0
 64 87 80 0
 79 109 105 0
 92 120 121 0
 98 124 123 0
 102 121 123 0
 216 211 214 1
 123 130 129 0
 110 132 126 0
 104 125 117 0
 87 110 100 0
 114 133 126 0
 119 138 129 0
 111 133 125 0
 104 127 120 0
 101 127 118 0
 98 128 116 0
 111 139 126 0
 124 147 136 0
 128 152 141 0
50 150 100 0
50 150 100 0
 90 125 99 0
 84 115 88 0
 95 124 96 0
 90 126 101 0
 91 125 104 0
 84 114 92 0
 90 123 99 0
 92 125 101 0
 101 132 109 0
 92 125 102 0
 83 113 88 0
 99 132 107 0
 85 118 96 0
 72 113 90 0
 76 124 96 0
 61 100 73 0
 68 106 80 0
 72 117 88 0
 64 109 82 0
 78 117 94 0
 125 137 115 0
 123 133 113 0
 85 115 91 0
 75 109 83 0
 88 121 100 0
 78 112 90 0
 84 120 100 0
 76 107 90 0
 66 101 84 0
 66 99 79 0
 70 98 78 0
 67 96 79 0
 74 108 88 0
 68 102 81 0
 71 102 86 0
 76 112 93 0
 61 89 75 0
 66 96 90 0
 74 102 95 0
 72 96 89 0
 83 113 108 0
 96 125 125 0
 95 119 119 0
 126 133 132 0
 199 192 194 1
 117 130 126 0
 108 130 123 0
 101 121 113 0
 97 117 109 0
 114 132 124 0
 126 147 136 0
 108 130 124 0
 108 134 126 0
 98 127 116 0
 103 133 120 0
 118 144 132 0
 127 151 140 0
50 150 100 0
50 150 100 0
50 150 100 0
 96 129 105 0
 81 113 86 0
 96 125 98 0
 102 134 108 0
 87 123 100 0
 90 123 102 0
 93 125 101 0
 91 127 102 0
 93 125 101 0
 101 133 108 0
 78 106 81 0
 100 132 107 0
 93 127 102 0
 69 107 85 0
 70 115 90 0
 70 116 88 0
 67 105 79 0
 67 110 83 0
 67 112 86 0
 72 114 90 0
 83 120 95 0
 166 153 136 1
 87 115 92 0
 80 113 87 0
 83 116 95 0
 77 113 91 0
 97 132 113 0
 66 95 81 0
 66 99 83 0
 58 88 69 0
 72 104 81 0
 67 97 77 0
 73 108 87 0
 64 96 76 0
 82 116 98 0
 67 101 83 0
 43 70 57 0
 64 91 84 0
 77 111 103 0
 81 110 101 0
 81 109 107 0
 94 125 125 0
 96 122 120 0
 120 130 128 0
 160 155 156 1
 117 134 128 0
 104 122 115 0
 93 115 106 0
 107 127 119 0
 107 124 116 0
 118 140 131 0
 102 126 119 0
 109 136 127 0
 94 124 112 0
 107 136 123 0
 123 148 135 0
 125 149 138 0
50 150 100 0
50 150 100 0
50 150 100 0
50 150 100 0
 88 119 93 0
 98 126 99 0
 103 132 105 0
 92 128 104 0
 92 125 106 0
 97 130 106 0
 95 130 104 0
 93 125 101 0
 102 133 108 0
 72 99 73 0
 89 118 93 0
 90 123 99 0
 84 123 100 0
 67 110 87 0
 69 115 88 0
 68 106 80 0
 69 111 85 0
 64 108 83 0
 78 121 96 0
 91 127 101 0
 172 163 144 1
 94 118 95 0
 80 113 87 0
 79 114 92 0
 78 114 92 0
 76 112 93 0
 56 81 72 0
 58 89 74 0
 54 81 64 0
 67 100 78 0
 71 104 82 0
 72 108 86 0
 60 90 71 0
 82 118 98 0
 67 101 83 0
 61 88 77 0
 71 105 97 0
 76 109 99 0
 75 105 98 0
 69 96 94 0
 88 119 120 0
 91 116 116 0
 119 130 128 0
 151 151 150 1
 111 128 122 0
 106 125 116 0
 99 120 112 0
 116 137 128 0
 102 116 109 0
 110 131 123 0
 109 134 126 0
 91 120 110 0
 97 125 113 0
 114 139 127 0
 118 142 132 0
50 150 100 0
50 150 100 0
50 150 100 0
50 150 100 0
50 150 100 0
 100 132 108 0
 88 119 91 0
 102 129 103 0
 95 129 104 0
 94 130 109 0
 93 125 104 0
 93 126 101 0
 93 125 100 0
 98 129 106 0
 98 127 102 0
 91 121 95 0
 88 121 97 0
 83 123 98 0
 67 106 83 0
 68 113 87 0
 56 93 69 0
 68 110 85 0
 57 101 76 0
 75 118 94 0
 105 135 110 0
 172 164 143 1
 99 123 101 0
 75 105 81 0
 82 116 93 0
 78 114 92 0
 68 102 85 0
 59 84 76 0
 57 87 73 0
 49 75 59 0
 63 95 76 0
 68 100 80 0
 71 104 83 0
 69 99 80 0
 73 109 89 0
 69 102 85 0
 70 97 85 0
 73 110 100 0
 75 106 97 0
 81 111 104 0
 92 118 119 0
 88 116 118 0
 96 119 118 0
 111 123 122 0
 142 146 144 1
 107 125 118 0
 104 125 116 0
 105 127 118 0
 113 133 124 0
 103 119 112 0
 109 133 124 0
 93 119 110 0
 102 130 118 0
 102 129 116 0
 115 138 128 0
 116 140 130 0
50 150 100 0
50 150 100 0
50 150 100 0
50 150 100 0
50 150 100 0
50 150 100 0
 90 122 99 0
 89 118 92 0
 98 128 103 0
 98 134 111 0
 90 124 103 0
 88 120 97 0
 93 125 99 0
 84 112 93 0
 97 123 99 0
 98 126 100 0
 78 110 88 0
 79 117 92 0
 60 98 76 0
 68 112 86 0
 66 107 80 0
 69 108 85 0
 65 108 85 0
 75 117 92 0
 98 129 103 0
 121 122 101 0
 104 129 106 0
 80 110 86 0
 83 117 93 0
 72 107 86 0
 61 92 75 0
 73 100 89 0
 62 90 75 0
 44 68 53 0
 60 90 73 0
 63 92 76 0
 70 100 81 0
 77 111 92 0
 64 95 76 0
 66 94 81 0
 85 117 108 0
 69 107 99 0
 71 102 93 0
 78 106 105 0
 79 103 109 0
 91 119 121 0
 94 117 116 0
 115 123 123 0
 121 131 127 1
 104 124 115 0
 99 122 113 0
 95 117 107 0
 111 130 120 0
 110 129 121 0
 109 135 125 0
 100 127 115 0
 103 131 118 0
 112 135 123 0
 112 134 125 0
 13 18 15 0
50 150 100 0
50 150 100 0
50 150 100 0
50 150 100 0
50 150 100 0
50 150 100 0
 68 101 77 0
 89 118 93 0
 100 127 103 0
 101 134 110 0
 85 120 100 0
 93 127 103 0
 86 119 93 0
 88 117 96 0
 89 116 92 0
 102 130 104 0
 87 117 94 0
 81 118 93 0
 74 113 88 0
 66 107 81 0
 61 102 76 0
 72 110 86 0
 70 113 88 0
 73 114 90 0
 99 126 101 0
 167 167 145 1
 90 119 96 0
 85 116 92 0
 72 107 81 0
 67 100 80 0
 54 79 67 0
 68 95 83 0
 61 90 75 0
 57 83 66 0
 66 96 80 0
 64 89 76 0
 63 90 74 0
 71 103 84 0
 49 75 60 0
 66 91 81 0
 82 113 106 0
 64 100 92 0
 76 108 100 0
 76 102 102 0
 85 110 114 0
 85 112 113 0
 96 113 112 0
 123 125 124 0
 126 134 130 1
 104 124 115 0
 94 117 107 0
 94 117 106 0
 111 129 119 0
 106 128 119 0
 107 134 124 0
 100 129 116 0
 110 136 123 0
 118 139 127 0
 121 141 132 0
50 150 100 0
50 150 100 0
50 150 100 0
50 150 100 0
50 150 100 0
50 150 100 0
50 150 100 0
 85 115 94 0
 95 125 100 0
 92 118 94 0
 103 134 109 0
 94 127 104 0
 90 124 101 0
 91 126 100 0
 87 118 94 0
 94 122 100 0
 98 126 100 0
 95 125 98 0
 82 118 93 0
 75 112 87 0
 70 111 84 0
 60 99 74 0
 71 111 87 0
 70 112 88 0
 72 111 86 0
 99 122 100 0
 142 137 118 1
 103 124 101 0
 84 117 94 0
 69 104 79 0
 68 102 82 0
 62 87 75 0
 68 93 81 0
 60 87 73 0
 63 91 72 0
 63 92 76 0
 65 91 77 0
 70 95 79 0
 64 97 79 0
 63 89 74 0
 67 94 84 0
 80 113 104 0
 68 104 96 0
 84 117 109 0
 76 100 99 0
 84 108 111 0
 91 116 116 0
 100 114 113 0
 160 158 156 1
 109 125 118 0
 110 131 121 0
 92 114 103 0
 106 128 117 0
 105 125 116 0
 101 125 116 0
 101 128 117 0
 103 129 116 0
 118 141 128 0
 121 143 132 0
50 150 100 0
50 150 100 0
50 150 100 0
50 150 100 0
50 150 100 0
50 150 100 0
50 150 100 0
50 150 100 0
50 150 100 0
 88 115 90 0
 90 117 93 0
 103 132 109 0
 90 121 97 0
 93 128 105 0
 85 122 95 0
 86 121 94 0
 78 106 82 0
 94 126 101 0
 86 115 90 0
 93 132 105 0
 75 112 86 0
 69 110 83 0
 61 101 76 0
 54 91 69 0
 75 118 94 0
 76 114 90 0
 115 133 113 0
 198 181 166 1
 95 122 98 0
 78 116 92 0
 62 96 73 0
 75 108 90 0
 67 96 82 0
 77 104 91 0
 61 86 72 0
 66 98 77 0
 60 86 72 0
 66 91 76 0
 74 101 84 0
 55 84 69 0
 64 87 77 0
 75 107 98 0
 62 95 86 0
 76 113 106 0
 71 105 99 0
 75 97 96 0
 77 101 103 0
 92 114 113 0
 118 125 122 0
 168 160 158 1
 120 133 126 0
 114 135 123 0
 93 115 103 0
 101 126 113 0
 101 124 114 0
 97 123 111 0
 102 130 117 0
 109 136 122 0
 116 138 126 0
 118 141 130 0
50 150 100 0
50 150 100 0
50 150 100 0
50 150 100 0
50 150 100 0
50 150 100 0
50 150 100 0
50 150 100 0
50 150 100 0
 71 91 72 0
 76 101 77 0
 95 125 101 0
 93 123 100 0
 85 116 94 0
 89 125 99 0
 86 122 94 0
 82 110 85 0
 93 125 101 0
 85 115 89 0
 86 120 95 0
 71 111 82 0
 69 108 83 0
 66 107 81 0
 58 95 74 0
 73 117 92 0
 64 103 81 0
 130 147 126 0
 126 127 107 0
 81 121 96 0
 66 101 78 0
 68 104 81 0
 60 89 74 0
 70 99 85 0
 91 123 109 0
 66 91 77 0
 63 96 74 0
 62 87 73 0
 63 86 71 0
 78 106 89 0
 61 85 72 0
 72 97 86 0
 59 86 78 0
 71 103 95 0
 78 116 110 0
 79 114 108 0
 75 98 96 0
 83 108 109 0
 93 114 113 0
 101 114 111 0
 197 186 182 1
 125 140 130 0
 94 114 103 0
 97 121 109 0
 96 122 110 0
 97 122 111 0
 95 120 109 0
 102 130 117 0
 113 139 126 0
 115 138 126 0
 0 0 0 0
50 150 100 0
50 150 100 0
50 150 100 0
50 150 100 0
50 150 100 0
50 150 100 0
50 150 100 0
50 150 100 0
50 150 100 0
50 150 100 0
 79 103 81 0
 89 120 96 0
 95 128 104 0
 91 123 99 0
 90 123 99 0
 71 104 75 0
 83 111 86 0
 97 130 104 0
 73 104 78 0
 91 127 99 0
 71 111 82 0
 59 98 73 0
 70 113 87 0
 66 105 83 0
 70 111 89 0
 68 101 81 0
 93 124 101 0
 184 167 153 1
 82 117 93 0
 60 95 74 0
 73 109 86 0
 58 87 71 0
 67 98 83 0
 86 121 108 0
 69 95 80 0
 47 80 59 0
 64 91 77 0
 55 78 65 0
 65 91 75 0
 75 102 89 0
 69 92 81 0
 70 98 87 0
 78 111 105 0
 67 101 99 0
 78 116 109 0
 75 100 97 0
 83 108 105 0
 93 114 111 0
 106 115 111 0
 163 159 152 1
 141 149 141 0
 116 131 119 0
 95 120 107 0
 95 123 113 0
 91 116 106 0
 100 125 113 0
 106 134 120 0
 110 136 123 0
 107 130 120 0
50 150 100 0
50 150 100 0
50 150 100 0
50 150 100 0
50 150 100 0
50 150 100 0
50 150 100 0
50 150 100 0
50 150 100 0
50 150 100 0
50 150 100 0
 85 109 88 0
 84 112 88 0
 98 130 106 0
 84 115 91 0
 89 120 97 0
 88 120 93 0
 94 125 96 0
 97 125 99 0
 93 124 99 0
 74 110 83 0
 76 116 88 0
 63 102 75 0
 66 106 81 0
 71 112 86 0
 65 106 84 0
 55 92 72 0
 114 136 116 0
 182 168 153 1
 52 89 68 0
 75 117 95 0
 69 107 85 0
 63 90 75 0
 69 100 84 0
 66 98 84 0
 65 91 77 0
 69 102 78 0
 63 91 77 0
 58 79 67 0
 71 98 82 0
 83 109 95 0
 74 97 85 0
 70 98 88 0
 81 114 109 0
 79 117 114 0
 78 115 109 0
 78 105 101 0
 80 105 102 0
 92 108 105 0
 127 129 124 0
 183 178 173 1
 164 165 156 0
 83 103 92 0
 87 113 103 0
 95 126 116 0
 98 125 113 0
 101 127 114 0
 103 130 117 0
 103 128 116 0
 0 0 0 0
50 150 100 0
50 150 100 0
50 150 100 0
50 150 100 0
50 150 100 0
50 150 100 0
50 150 100 0
50 150 100 0
50 150 100 0
50 150 100 0
50 150 100 0
50 150 100 0
 78 105 82 0
 98 128 105 0
 73 98 76 0
 68 92 71 0
 94 127 103 0
 98 129 101 0
 99 129 100 0
 90 119 93 0
 68 97 72 0
 78 116 89 0
 66 104 78 0
 64 102 77 0
 69 112 85 0
 62 101 78 0
 63 99 81 0
 91 120 100 0
 126 133 119 1
 72 98 79 0
 74 111 93 0
 64 100 78 0
 75 103 87 0
 71 102 86 0
 71 100 87 0
 58 87 67 0
 55 85 68 0
 62 90 76 0
 62 85 72 0
 71 97 82 0
 82 110 96 0
 79 104 93 0
 67 93 87 0
 76 110 105 0
 61 94 90 0
 80 116 110 0
 70 97 93 0
 81 107 103 0
 85 104 100 0
 115 123 117 0
 171 167 160 1
 138 145 134 0
 113 132 120 0
 93 120 110 0
 95 126 115 0
 93 120 108 0
 105 131 118 0
 95 121 109 0
 100 127 115 0
50 150 100 0
50 150 100 0
50 150 100 0
50 150 100 0
50 150 100 0
50 150 100 0
50 150 100 0
50 150 100 0
50 150 100 0
50 150 100 0
50 150 100 0
50 150 100 0
50 150 100 0
 84 110 88 0
 96 124 102 0
 97 125 102 0
 62 79 60 0
 83 114 90 0
 92 123 97 0
 97 128 99 0
 81 110 85 0
 69 97 73 0
 78 118 91 0
 65 102 77 0
 68 107 82 0
 60 101 75 0
 55 92 70 0
 66 105 84 0
 104 135 117 0
 106 116 104 0
 71 94 79 0
 74 109 94 0
 66 101 81 0
 84 111 92 0
 70 99 84 0
 63 90 77 0
 60 85 71 0
 66 93 80 0
 44 71 57 0
 76 102 88 0
 60 84 69 0
 77 107 91 0
 78 103 92 0
 69 89 85 0
 77 108 103 0
 51 82 77 0
 66 98 92 0
 83 114 109 0
 77 101 97 0
 93 110 106 0
 121 126 121 0
 153 153 145 1
 128 137 126 0
 109 129 118 0
 93 120 110 0
 90 123 112 0
 91 118 108 0
 102 129 115 0
 96 123 110 0
 96 120 109 0
50 150 100 0
50 150 100 0
50 150 100 0
50 150 100 0
50 150 100 0
50 150 100 0
50 150 100 0
50 150 100 0
50 150 100 0
50 150 100 0
50 150 100 0
50 150 100 0
50 150 100 0
50 150 100 0
 94 124 100 0
 100 128 105 0
 92 111 89 0
 93 118 96 0
 97 129 103 0
 71 101 76 0
 94 121 95 0
 71 98 74 0
 75 112 85 0
 68 103 81 0
 61 100 74 0
 55 93 69 0
 63 98 76 0
 64 102 81 0
 85 111 99 0
 173 171 163 1
 68 89 75 0
 84 122 108 0
 64 94 77 0
 81 109 92 0
 61 89 76 0
 69 97 84 0
 55 78 64 0
 72 98 87 0
 62 90 75 0
 68 94 80 0
 67 94 77 0
 65 94 79 0
 74 99 88 0
 79 102 97 0
 71 97 93 0
 74 106 101 0
 66 99 91 0
 79 111 106 0
 78 100 95 0
 96 114 108 0
 117 123 117 0
 161 158 152 1
 114 127 116 0
 100 123 113 0
 90 120 109 0
 90 120 109 0
 96 125 111 0
 94 121 108 0
 125 154 141 0
50 150 100 0
50 150 100 0
50 150 100 0
50 150 100 0
50 150 100 0
50 150 100 0
50 150 100 0
50 150 100 0
50 150 100 0
50 150 100 0
50 150 100 0
50 150 100 0
50 150 100 0
50 150 100 0
50 150 100 0
 93 122 101 0
 87 115 93 0
 91 118 95 0
 85 102 82 0
 102 129 104 0
 66 93 70 0
 96 122 95 0
 86 123 96 0
 70 106 78 0
 64 98 75 0
 61 101 75 0
 43 75 55 0
 58 93 73 0
 65 100 80 0
 94 116 104 0
 142 148 137 1
 101 119 104 0
 90 124 115 0
 84 116 103 0
 66 93 77 0
 66 91 79 0
 76 105 95 0
 63 87 73 0
 68 92 83 0
 61 87 73 0
 59 85 72 0
 63 89 74 0
 61 89 75 0
 72 99 87 0
 71 94 89 0
 81 108 108 0
 68 103 97 0
 70 102 93 0
 68 95 90 0
 93 119 113 0
 87 103 99 0
 111 117 113 0
 127 135 124 0
 112 129 117 0
 100 126 116 0
 86 116 106 0
 92 121 111 0
 95 125 111 0
 88 115 103 0
 106 133 121 0
50 150 100 0
50 150 100 0
50 150 100 0
50 150 100 0
50 150 100 0
50 150 100 0
50 150 100 0
50 150 100 0
50 150 100 0
50 150 100 0
50 150 100 0
50 150 100 0
50 150 100 0
50 150 100 0
50 150 100 0
50 150 100 0
 81 106 85 0
 59 81 62 0
 88 112 90 0
 107 131 107 0
 83 110 84 0
 102 128 101 0
 84 111 85 0
 73 113 82 0
 60 92 70 0
 65 107 81 0
 52 86 65 0
 66 99 83 0
 58 87 69 0
 90 119 101 0
 148 151 139 1
 83 107 91 0
 70 101 90 0
 96 128 121 0
 76 103 88 0
 71 96 83 0
 77 107 95 0
 62 86 71 0
 61 86 76 0
 67 95 82 0
 60 85 72 0
 58 84 69 0
 64 90 77 0
 69 96 85 0
 65 88 82 0
 71 98 94 0
 74 110 102 0
 64 94 87 0
 68 94 88 0
 82 111 104 0
 89 102 98 0
 173 166 162 1
 149 150 142 0
 109 128 117 0
 99 126 116 0
 83 111 104 0
 85 115 104 0
 92 120 108 0
 85 109 98 0
50 150 100 0
50 150 100 0
50 150 100 0
50 150 100 0
50 150 100 0
50 150 100 0
50 150 100 0
50 150 100 0
50 150 100 0
50 150 100 0
50 150 100 0
50 150 100 0
50 150 100 0
50 150 100 0
50 150 100 0
50 150 100 0
50 150 100 0
 83 109 88 0
 89 112 90 0
 84 110 89 0
 96 122 99 0
 96 123 96 0
 96 121 92 0
 106 131 105 0
 79 120 90 0
 64 98 75 0
 58 96 71 0
 55 90 67 0
 51 78 65 0
 58 84 70 0
 89 120 102 0
 140 134 124 1
 97 114 99 0
 67 90 78 0
 82 112 104 0
 68 94 81 0
 72 96 84 0
 71 101 89 0
 54 75 59 0
 57 80 71 0
 65 93 80 0
 64 93 77 0
 45 70 58 0
 55 79 69 0
 66 95 84 0
 69 93 86 0
 65 94 88 0
 67 100 91 0
 70 101 94 0
 64 90 82 0
 82 107 100 0
 96 107 102 0
 169 162 157 1
 137 147 136 0
 103 123 114 0
 86 110 103 0
 82 109 102 0
 74 104 94 0
 89 118 106 0
 107 135 122 0
50 150 100 0
50 150 100 0
50 150 100 0
50 150 100 0
50 150 100 0
50 150 100 0
50 150 100 0
50 150 100 0
50 150 100 0
50 150 100 0
50 150 100 0
50 150 100 0
50 150 100 0
50 150 100 0
50 150 100 0
50 150 100 0
50 150 100 0
50 150 100 0
 82 105 84 0
 90 117 94 0
 89 118 93 0
 106 136 108 0
 88 117 88 0
 89 115 89 0
 72 115 86 0
 63 99 75 0
 50 82 58 0
 59 90 70 0
 59 84 73 0
 78 113 95 0
 90 109 92 0
 177 160 150 1
 62 79 66 0
 76 102 92 0
 66 97 89 0
 80 107 93 0
 67 89 79 0
 70 98 84 0
 70 88 75 0
 63 81 72 0
 46 72 60 0
 54 84 69 0
 76 103 91 0
 61 85 76 0
 69 94 87 0
 46 69 64 0
 58 84 79 0
 66 96 90 0
 68 98 90 0
 74 101 90 0
 89 112 102 0
 114 121 117 0
 170 164 158 1
 132 143 132 0
 101 120 111 0
 97 119 111 0
 94 125 114 0
 93 124 111 0
 103 132 118 0
50 150 100 0
50 150 100 0
50 150 100 0
50 150 100 0
50 150 100 0
50 150 100 0
50 150 100 0
50 150 100 0
50 150 100 0
50 150 100 0
50 150 100 0
50 150 100 0
50 150 100 0
50 150 100 0
50 150 100 0
50 150 100 0
50 150 100 0
50 150 100 0
50 150 100 0
 82 105 82 0
 92 118 94 0
 87 116 91 0
 84 117 90 0
 79 111 79 0
 88 116 86 0
 81 122 93 0
 61 103 75 0
 51 86 62 0
 54 84 63 0
 62 92 76 0
 62 89 75 0
 79 116 95 0
 134 124 112 1
 85 105 88 0
 75 100 88 0
 66 95 85 0
 62 88 75 0
 77 104 91 0
 62 84 73 0
 70 89 74 0
 72 92 82 0
 72 103 88 0
 55 82 70 0
 58 83 73 0
 73 96 88 0
 62 88 80 0
 66 91 85 0
 68 97 92 0
 65 91 85 0
 65 92 82 0
 76 103 94 0
 91 111 103 0
 115 122 117 0
 162 156 152 1
 126 135 128 0
 100 116 108 0
 98 126 116 0
 64 90 81 0
 88 121 109 0
 102 132 119 0
50 150 100 0
50 150 100 0
50 150 100 0
50 150 100 0
50 150 100 0
50 150 100 0
50 150 100 0
50 150 100 0
50 150 100 0
50 150 100 0
50 150 100 0
50 150 100 0
50 150 100 0
50 150 100 0
50 150 100 0
50 150 100 0
50 150 100 0
50 150 100 0
50 150 100 0
50 150 100 0
 95 122 96 0
 90 121 94 0
 77 113 83 0
 62 91 61 0
 84 114 83 0
 70 113 83 0
 59 100 72 0
 41 75 51 0
 51 78 59 0
 68 97 81 0
 50 77 65 0
 89 119 101 0
 135 128 115 1
 84 103 88 0
 73 95 83 0
 66 99 86 0
 66 92 80 0
 62 84 74 0
 64 86 75 0
 67 88 72 0
 72 94 84 0
 63 88 77 0
 53 77 68 0
 68 88 80 0
 55 77 70 0
 68 94 87 0
 70 97 91 0
 59 88 82 0
 71 98 91 0
 71 99 89 0
 72 97 88 0
 99 112 105 0
 137 130 128 1
 180 172 169 1
 117 130 122 0
 100 118 110 0
 100 124 115 0
 84 112 103 0
 88 120 110 0
 15 22 17 0
50 150 100 0
50 150 100 0
50 150 100 0
50 150 100 0
50 150 100 0
50 150 100 0
50 150 100 0
50 150 100 0
50 150 100 0
50 150 100 0
50 150 100 0
50 150 100 0
50 150 100 0
50 150 100 0
50 150 100 0
50 150 100 0
50 150 100 0
50 150 100 0
50 150 100 0
50 150 100 0
 86 111 87 0
 93 123 94 0
 79 109 80 0
 106 141 111 0
 78 110 79 0
 86 123 91 0
 59 101 71 0
 43 77 52 0
 47 74 55 0
 58 85 71 0
 49 74 61 0
 75 105 87 0
 168 153 140 1
 86 104 88 0
 73 101 88 0
 59 88 76 0
 64 88 79 0
 74 104 91 0
 75 103 87 0
 59 79 64 0
 71 95 84 0
 57 80 69 0
 71 96 87 0
 70 89 82 0
 68 89 82 0
 66 88 83 0
 60 87 81 0
 64 92 86 0
 68 94 87 0
 68 94 84 0
 78 102 93 0
 105 115 108 0
 169 156 155 1
 122 132 126 0
 108 124 116 0
 115 132 122 0
 102 125 115 0
 88 116 107 0
 93 125 114 0
50 150 100 0
50 150 100 0
50 150 100 0
50 150 100 0
50 150 100 0
50 150 100 0
50 150 100 0
50 150 100 0
50 150 100 0
50 150 100 0
50 150 100 0
50 150 100 0
50 150 100 0
50 150 100 0
50 150 100 0
50 150 100 0
50 150 100 0
50 150 100 0
50 150 100 0
50 150 100 0
50 150 100 0
 86 112 86 0
 87 118 89 0
 72 97 69 0
 107 137 106 0
 89 124 92 0
 75 114 81 0
 62 106 75 0
 47 83 56 0
 59 93 70 0
 58 80 66 0
 64 91 77 0
 86 113 94 0
 144 137 123 1
 60 83 67 0
 66 98 83 0
 55 81 70 0
 68 93 83 0
 64 85 77 0
 79 108 96 0
 58 77 63 0
 60 84 76 0
 54 77 66 0
 67 89 83 0
 75 94 88 0
 59 76 72 0
 59 79 75 0
 60 86 79 0
 70 100 93 0
 61 87 80 0
 69 96 85 0
 85 111 100 0
 123 119 113 0
 210 188 190 1
 114 119 117 0
 101 114 109 0
 112 129 120 0
 93 116 105 0
 88 119 108 0
50 150 100 0
50 150 100 0
50 150 100 0
50 150 100 0
50 150 100 0
50 150 100 0
50 150 100 0
50 150 100 0
50 150 100 0
50 150 100 0
50 150 100 0
50 150 100 0
50 150 100 0
50 150 100 0
50 150 100 0
50 150 100 0
50 150 100 0
50 150 100 0
50 150 100 0
50 150 100 0
50 150 100 0
50 150 100 0
50 150 100 0
 81 112 85 0
 96 125 96 0
 83 108 79 0
 72 114 78 0
 46 86 54 0
 63 105 73 0
 42 74 51 0
 59 95 74 0
 49 72 58 0
 69 97 82 0
 73 99 79 0
 114 112 99 0
 79 103 87 0
 54 84 70 0
 72 106 91 0
 69 97 84 0
 71 96 86 0
 66 85 78 0
 52 68 60 0
 65 87 80 0
 75 99 90 0
 65 86 81 0
 73 93 85 0
 66 80 76 0
 77 106 99 0
 57 80 73 0
 53 77 70 0
 66 95 85 0
 69 98 87 0
 68 92 83 0
 101 112 104 0
 196 173 173 1
 107 113 110 0
 106 119 112 0
 108 127 117 0
 86 109 98 0
 85 112 103 0
50 150 100 0
50 150 100 0
50 150 100 0
50 150 100 0
50 150 100 0
50 150 100 0
50 150 100 0
50 150 100 0
50 150 100 0
50 150 100 0
50 150 100 0
50 150 100 0
50 150 100 0
50 150 100 0
50 150 100 0
50 150 100 0
50 150 100 0
50 150 100 0
50 150 100 0
50 150 100 0
50 150 100 0
50 150 100 0
50 150 100 0
 83 116 87 0
 88 121 89 0
 94 123 92 0
 86 120 85 0
 65 116 80 0
 48 81 55 0
 64 102 75 0
 51 82 63 0
 60 83 68 0
 70 97 80 0
 58 80 66 0
 155 145 134 1
 81 100 88 0
 71 100 85 0
 64 92 80 0
 45 70 57 0
 69 96 84 0
 68 85 79 0
 52 65 60 0
 66 89 81 0
 65 89 82 0
 77 100 94 0
 61 83 74 0
 64 79 74 0
 81 107 99 0
 65 93 84 0
 71 100 91 0
 69 102 90 0
 65 89 82 0
 89 107 98 0
 123 126 119 0
 181 165 161 1
 116 125 119 0
 108 124 115 0
 94 110 100 0
 89 112 101 0
50 150 100 0
50 150 100 0
50 150 100 0
50 150 100 0
50 150 100 0
50 150 100 0
50 150 100 0
50 150 100 0
50 150 100 0
50 150 100 0
50 150 100 0
50 150 100 0
50 150 100 0
50 150 100 0
50 150 100 0
50 150 100 0
50 150 100 0
50 150 100 0
50 150 100 0
50 150 100 0
50 150 100 0
50 150 100 0
50 150 100 0
50 150 100 0
50 150 100 0
 89 126 94 0
 84 114 81 0
 58 95 60 0
 61 110 75 0
 48 93 61 0
 62 103 79 0
 50 79 62 0
 63 91 75 0
 70 100 80 0
 83 100 83 0
 153 135 127 1
 69 91 79 0
 73 101 87 0
 71 102 87 0
 64 90 76 0
 89 114 104 0
 62 76 71 0
 63 80 72 0
 78 108 102 0
 65 92 84 0
 70 98 87 0
 51 72 62 0
 73 98 90 0
 59 84 78 0
 65 90 83 0
 59 83 74 0
 58 85 75 0
 64 86 80 0
 84 104 97 0
 123 128 120 0
 169 156 152 1
 111 122 112 0
 105 120 111 0
 97 112 100 0
 87 106 94 0
50 150 100 0
50 150 100 0
50 150 100 0
50 150 100 0
50 150 100 0
50 150 100 0
50 150 100 0
50 150 100 0
50 150 100 0
50 150 100 0
50 150 100 0
50 150 100 0
50 150 100 0
50 150 100 0
50 150 100 0
50 150 100 0
50 150 100 0
50 150 100 0
50 150 100 0
50 150 100 0
50 150 100 0
50 150 100 0
50 150 100 0
50 150 100 0
50 150 100 0
 85 116 88 0
 86 117 85 0
 74 107 72 0
 63 105 71 0
 39 73 48 0
 50 82 61 0
 42 73 57 0
 51 80 64 0
 58 84 69 0
 85 105 89 0
 184 161 151 1
 60 78 69 0
 65 91 79 0
 66 90 77 0
 52 71 62 0
 66 91 81 0
 56 66 61 0
 59 71 66 0
 62 84 81 0
 68 101 94 0
 61 93 79 0
 58 81 72 0
 67 88 80 0
 71 98 87 0
 61 84 77 0
 74 101 92 0
 57 82 72 0
 68 91 85 0
 94 110 102 0
 116 123 114 0
 159 152 146 1
 111 125 115 0
 101 118 106 0
 89 111 96 0
 18 25 19 0
50 150 100 0
50 150 100 0
50 150 100 0
50 150 100 0
50 150 100 0
50 150 100 0
50 150 100 0
50 150 100 0
50 150 100 0
50 150 100 0
50 150 100 0
50 150 100 0
50 150 100 0
50 150 100 0
50 150 100 0
50 150 100 0
50 150 100 0
50 150 100 0
50 150 100 0
50 150 100 0
50 150 100 0
50 150 100 0
50 150 100 0
50 150 100 0
50 150 100 0
50 150 100 0
 87 115 82 0
 77 111 76 0
 62 110 74 0
 54 94 68 0
 64 105 81 0
 42 70 56 0
 61 90 76 0
 73 111 90 0
 69 91 76 0
 164 150 140 1
 85 107 93 0
 80 103 91 0
 64 83 69 0
 65 85 75 0
 65 87 76 0
 65 81 72 0
 49 56 54 0
 55 76 72 0
 66 95 88 0
 54 81 72 0
 60 85 73 0
 65 89 76 0
 67 92 81 0
 58 85 76 0
 63 91 79 0
 61 81 72 0
 65 86 79 0
 85 103 94 0
 111 117 109 0
 135 134 127 1
 99 117 105 0
 83 103 88 0
 74 94 80 0
50 150 100 0
50 150 100 0
50 150 100 0
50 150 100 0
50 150 100 0
50 150 100 0
50 150 100 0
50 150 100 0
50 150 100 0
50 150 100 0
50 150 100 0
50 150 100 0
50 150 100 0
50 150 100 0
50 150 100 0
50 150 100 0
50 150 100 0
50 150 100 0
50 150 100 0
50 150 100 0
50 150 100 0
50 150 100 0
50 150 100 0
50 150 100 0
50 150 100 0
50 150 100 0
50 150 100 0
 65 86 61 0
 67 97 63 0
 69 109 77 0
 45 80 55 0
 55 93 69 0
 60 101 78 0
 63 89 78 0
 57 91 73 0
 73 104 82 0
 119 122 111 0
 78 102 90 0
 72 94 84 0
 67 88 74 0
 56 75 66 0
 62 84 73 0
 42 59 48 0
 61 70 67 0
 78 102 95 0
 55 81 75 0
 63 91 80 0
 55 78 66 0
 62 82 72 0
 58 81 71 0
 61 87 78 0
 58 84 72 0
 63 82 75 0
 79 97 89 0
 96 106 98 0
 131 127 123 0
 122 127 120 0
 140 161 148 0
 71 89 76 0
50 150 100 0
50 150 100 0
50 150 100 0
50 150 100 0
50 150 100 0
50 150 100 0
50 150 100 0
50 150 100 0
50 150 100 0
50 150 100 0
50 150 100 0
50 150 100 0
50 150 100 0
50 150 100 0
50 150 100 0
50 150 100 0
50 150 100 0
50 150 100 0
50 150 100 0
50 150 100 0
50 150 100 0
50 150 100 0
50 150 100 0
50 150 100 0
50 150 100 0
50 150 100 0
50 150 100 0
50 150 100 0
50 150 100 0
 61 87 59 0
 70 110 76 0
 52 92 62 0
 64 102 79 0
 55 95 72 0
 63 93 80 0
 66 102 88 0
 57 78 65 0
 143 135 126 1
 57 78 68 0
 64 88 76 0
 49 69 56 0
 65 86 77 0
 51 72 63 0
 48 61 54 0
 60 68 66 0
 68 90 88 0
 76 112 108 0
 58 85 73 0
 67 92 78 0
 58 76 67 0
 62 87 77 0
 59 82 74 0
 54 78 67 0
 67 89 81 0
 74 93 85 0
 91 103 95 0
 207 182 180 1
 116 132 118 0
 95 113 98 0
 80 98 85 0
50 150 100 0
50 150 100 0
50 150 100 0
50 150 100 0
50 150 100 0
50 150 100 0
50 150 100 0
50 150 100 0
50 150 100 0
50 150 100 0
50 150 100 0
50 150 100 0
50 150 100 0
50 150 100 0
50 150 100 0
50 150 100 0
50 150 100 0
50 150 100 0
50 150 100 0
50 150 100 0
50 150 100 0
50 150 100 0
50 150 100 0
50 150 100 0
50 150 100 0
50 150 100 0
50 150 100 0
50 150 100 0
50 150 100 0
 50 70 49 0
 76 117 87 0
 40 72 50 0
 63 102 76 0
 52 84 66 0
 47 73 59 0
 67 100 89 0
 89 108 92 0
 196 170 162 1
 81 107 94 0
 65 93 83 0
 58 80 66 0
 46 64 54 0
 65 85 76 0
 59 73 64 0
 55 62 59 0
 54 68 66 0
 54 80 76 0
 63 92 79 0
 48 70 57 0
 50 67 58 0
 59 86 75 0
 53 73 65 0
 49 70 62 0
 65 89 84 0
 78 97 88 0
 110 117 109 0
 166 152 148 0
 115 130 115 0
 100 114 99 0
50 150 100 0
50 150 100 0
50 150 100 0
50 150 100 0
50 150 100 0
50 150 100 0
50 150 100 0
50 150 100 0
50 150 100 0
50 150 100 0
50 150 100 0
50 150 100 0
50 150 100 0
50 150 100 0
50 150 100 0
50 150 100 0
50 150 100 0
50 150 100 0
50 150 100 0
50 150 100 0
50 150 100 0
50 150 100 0
50 150 100 0
50 150 100 0
50 150 100 0
50 150 100 0
50 150 100 0
50 150 100 0
50 150 100 0
50 150 100 0
50 150 100 0
 71 117 88 0
 47 85 57 0
 57 101 73 0
 52 84 65 0
 47 70 59 0
 53 78 70 0
 81 98 84 0
 172 153 145 1
 70 94 83 0
 56 80 75 0
 61 87 73 0
 57 76 66 0
 79 108 95 0
 54 68 61 0
 68 90 81 0
 47 58 53 0
 59 82 75 0
 47 66 58 0
 63 85 73 0
 49 66 57 0
 53 78 69 0
 65 87 79 0
 55 73 65 0
 65 89 80 0
 88 106 98 0
 105 115 108 0
 208 191 187 1
 116 125 111 0
 76 88 76 0
50 150 100 0
50 150 100 0
50 150 100 0
50 150 100 0
50 150 100 0
50 150 100 0
50 150 100 0
50 150 100 0
50 150 100 0
50 150 100 0
50 150 100 0
50 150 100 0
50 150 100 0
50 150 100 0
50 150 100 0
50 150 100 0
50 150 100 0
50 150 100 0
50 150 100 0
50 150 100 0
50 150 100 0
50 150 100 0
50 150 100 0
50 150 100 0
50 150 100 0
50 150 100 0
50 150 100 0
50 150 100 0
50 150 100 0
50 150 100 0
50 150 100 0
 65 96 74 0
 51 94 63 0
 63 103 76 0
 44 79 57 0
 55 89 70 0
 51 73 61 0
 91 112 97 0
 142 131 121 1
 81 101 91 0
 52 77 69 0
 60 89 74 0
 47 65 56 0
 54 76 67 0
 68 90 78 0
 75 93 84 0
 63 75 68 0
 51 67 61 0
 66 93 84 0
 54 74 64 0
 57 76 68 0
 60 89 79 0
 59 80 72 0
 65 88 79 0
 59 80 72 0
 82 106 96 0
 105 115 108 0
 160 158 149 1
 103 113 97 0
 12 16 12 0
50 150 100 0
50 150 100 0
50 150 100 0
50 150 100 0
50 150 100 0
50 150 100 0
50 150 100 0
50 150 100 0
50 150 100 0
50 150 100 0
50 150 100 0
50 150 100 0
50 150 100 0
50 150 100 0
50 150 100 0
50 150 100 0
50 150 100 0
50 150 100 0
50 150 100 0
50 150 100 0
50 150 100 0
50 150 100 0
50 150 100 0
50 150 100 0
50 150 100 0
50 150 100 0
50 150 100 0
50 150 100 0
50 150 100 0
50 150 100 0
50 150 100 0
 37 55 40 0
 53 90 66 0
 44 79 54 0
 49 79 60 0
 48 76 62 0
 44 60 51 0
 78 105 93 0
 109 110 99 1
 68 91 84 0
 55 78 73 0
 60 88 77 0
 62 86 73 0
 50 64 58 0
 73 91 87 0
 54 66 60 0
 68 87 77 0
 49 66 60 0
 63 83 75 0
 55 75 64 0
 49 66 60 0
 50 73 64 0
 61 91 77 0
 56 78 68 0
 64 85 75 0
 70 94 83 0
 100 110 101 0
 206 192 190 1
 99 106 86 0
50 150 100 0
50 150 100 0
50 150 100 0
50 150 100 0
50 150 100 0
50 150 100 0
50 150 100 0
50 150 100 0
50 150 100 0
50 150 100 0
50 150 100 0
50 150 100 0
50 150 100 0
50 150 100 0
50 150 100 0
50 150 100 0
50 150 100 0
50 150 100 0
50 150 100 0
50 150 100 0
50 150 100 0
50 150 100 0
50 150 100 0
50 150 100 0
50 150 100 0
50 150 100 0
50 150 100 0
50 150 100 0
50 150 100 0
50 150 100 0
50 150 100 0
50 150 100 0
50 150 100 0
 54 85 64 0
 60 98 73 0
 54 84 63 0
 44 69 53 0
 63 82 73 0
 81 108 98 0
 125 122 114 0
 76 100 93 0
 56 77 72 0
 56 88 72 0
 44 68 56 0
 65 80 70 0
 54 62 60 0
 58 69 64 0
 55 72 65 0
 60 74 70 0
 62 82 75 0
 51 67 59 0
 63 83 78 0
 52 75 66 0
 60 90 76 0
 55 77 65 0
 64 87 75 0
 86 105 92 0
 106 113 103 0
 141 134 124 1
 0 0 0 0
50 150 100 0
50 150 100 0
50 150 100 0
50 150 100 0
50 150 100 0
50 150 100 0
50 150 100 0
50 150 100 0
50 150 100 0
50 150 100 0
50 150 100 0
50 150 100 0
50 150 100 0
50 150 100 0
50 150 100 0
50 150 100 0
50 150 100 0
50 150 100 0
50 150 100 0
50 150 100 0
50 150 100 0
50 150 100 0
50 150 100 0
50 150 100 0
50 150 100 0
50 150 100 0
50 150 100 0
50 150 100 0
50 150 100 0
50 150 100 0
50 150 100 0
50 150 100 0
50 150 100 0
 36 62 45 0
 60 95 72 0
 48 72 54 0
 38 55 43 0
 56 79 66 0
 67 87 81 0
 176 153 146 1
 82 84 79 0
 47 65 60 0
 63 86 80 0
 67 94 84 0
 70 82 73 0
 55 71 69 0
 72 88 79 0
 74 99 99 0
 50 68 62 0
 53 71 65 0
 51 67 59 0
 56 75 69 0
 56 76 68 0
 43 64 54 0
 61 84 75 0
 69 93 80 0
 100 114 102 0
 100 102 91 0
 97 99 81 0
50 150 100 0
50 150 100 0
50 150 100 0
50 150 100 0
50 150 100 0
50 150 100 0
50 150 100 0
50 150 100 0
50 150 100 0
50 150 100 0
50 150 100 0
50 150 100 0
50 150 100 0
50 150 100 0
50 150 100 0
50 150 100 0
50 150 100 0
50 150 100 0
50 150 100 0
50 150 100 0
50 150 100 0
50 150 100 0
50 150 100 0
50 150 100 0
50 150 100 0
50 150 100 0
50 150 100 0
50 150 100 0
50 150 100 0
50 150 100 0
50 150 100 0
50 150 100 0
50 150 100 0
50 150 100 0
50 150 100 0
 62 97 75 0
 57 80 63 0
 55 72 59 0
 66 89 76 0
 84 97 92 0
 138 126 116 1
 69 73 64 0
 72 91 84 0
 63 85 76 0
 59 82 70 0
 56 68 59 0
 66 82 76 0
 40 52 47 0
 50 68 61 0
 52 69 63 0
 46 63 53 0
 55 74 64 0
 55 70 65 0
 52 68 62 0
 59 81 69 0
 58 79 73 0
 71 98 83 0
 82 101 91 0
 137 124 110 1
 0 0 0 0
50 150 100 0
50 150 100 0
50 150 100 0
50 150 100 0
50 150 100 0
50 150 100 0
50 150 100 0
50 150 100 0
50 150 100 0
50 150 100 0
50 150 100 0
50 150 100 0
50 150 100 0
50 150 100 0
50 150 100 0
50 150 100 0
50 150 100 0
50 150 100 0
50 150 100 0
50 150 100 0
50 150 100 0
50 150 100 0
50 150 100 0
50 150 100 0
50 150 100 0
50 150 100 0
50 150 100 0
50 150 100 0
50 150 100 0
50 150 100 0
50 150 100 0
50 150 100 0
50 150 100 0
50 150 100 0
50 150 100 0
 51 85 61 0
 60 87 65 0
 52 75 58 0
 67 87 79 0
 85 107 93 0
 111 107 92 1
 81 92 78 0
 65 85 74 0
 88 112 108 0
 48 63 56 0
 51 62 55 0
 54 70 63 0
 65 85 77 0
 52 71 63 0
 38 55 47 0
 65 91 78 0
 45 61 54 0
 64 85 76 0
 51 70 61 0
 60 78 69 0
 62 84 72 0
 74 91 81 0
 91 96 80 0
 172 143 132 1
 25 19 17 0
50 150 100 0
50 150 100 0
50 150 100 0
50 150 100 0
50 150 100 0
50 150 100 0
50 150 100 0
50 150 100 0
50 150 100 0
50 150 100 0
50 150 100 0
50 150 100 0
50 150 100 0
50 150 100 0
50 150 100 0
50 150 100 0
50 150 100 0
50 150 100 0
50 150 100 0
50 150 100 0
50 150 100 0
50 150 100 0
50 150 100 0
50 150 100 0
50 150 100 0
50 150 100 0
50 150 100 0
50 150 100 0
50 150 100 0
50 150 100 0
50 150 100 0
50 150 100 0
50 150 100 0
50 150 100 0
50 150 100 0
50 150 100 0
 43 69 50 0
 61 89 71 0
 69 93 83 0
 74 98 83 0
 180 154 139 1
 76 90 71 0
 78 102 90 0
 57 76 72 0
 55 71 64 0
 53 71 63 0
 68 87 78 0
 49 65 57 0
 66 87 78 0
 51 69 58 0
 52 74 60 0
 54 74 63 0
 51 69 59 0
 55 76 67 0
 53 69 62 0
 66 90 75 0
 59 74 64 0
 78 84 73 0
 117 106 93 0
50 150 100 0
50 150 100 0
50 150 100 0
50 150 100 0
50 150 100 0
50 150 100 0
50 150 100 0
50 150 100 0
50 150 100 0
50 150 100 0
50 150 100 0
50 150 100 0
50 150 100 0
50 150 100 0
50 150 100 0
50 150 100 0
50 150 100 0
50 150 100 0
50 150 100 0
50 150 100 0
50 150 100 0
50 150 100 0
50 150 100 0
50 150 100 0
50 150 100 0
50 150 100 0
50 150 100 0
50 150 100 0
50 150 100 0
50 150 100 0
50 150 100 0
50 150 100 0
50 150 100 0
50 150 100 0
50 150 100 0
50 150 100 0
50 150 100 0
 53 78 62 0
 64 98 79 0
 53 77 67 0
 66 94 77 0
 109 109 91 0
 67 85 66 0
 59 76 66 0
 79 102 90 0
 57 75 67 0
 53 62 56 0
 46 64 57 0
 74 99 90 0
 54 73 67 0
 50 69 58 0
 51 73 61 0
 50 63 55 0
 50 69 59 0
 61 91 79 0
 53 69 62 0
 56 76 63 0
 71 79 68 0
 94 93 83 0
 0 0 0 0
50 150 100 0
50 150 100 0
50 150 100 0
50 150 100 0
50 150 100 0
50 150 100 0
50 150 100 0
50 150 100 0
50 150 100 0
50 150 100 0
50 150 100 0
50 150 100 0
50 150 100 0
50 150 100 0
50 150 100 0
50 150 100 0
50 150 100 0
50 150 100 0
50 150 100 0
50 150 100 0
50 150 100 0
50 150 100 0
50 150 100 0
50 150 100 0
50 150 100 0
50 150 100 0
50 150 100 0
50 150 100 0
50 150 100 0
50 150 100 0
50 150 100 0
50 150 100 0
50 150 100 0
50 150 100 0
50 150 100 0
50 150 100 0
50 150 100 0
50 150 100 0
 17 25 21 0
 57 89 74 0
 44 69 58 0
 87 94 75 1
 58 69 61 0
 77 96 89 0
 57 75 66 0
 42 61 51 0
 59 78 66 0
 71 92 83 0
 60 82 73 0
 49 66 60 0
 41 57 49 0
 73 98 88 0
 41 58 49 0
 52 73 62 0
 44 67 59 0
 49 78 65 0
 55 67 56 0
 84 89 79 0
 72 73 65 0
50 150 100 0
50 150 100 0
50 150 100 0
50 150 100 0
50 150 100 0
50 150 100 0
50 150 100 0
50 150 100 0
50 150 100 0
50 150 100 0
50 150 100 0
50 150 100 0
50 150 100 0
50 150 100 0
50 150 100 0
50 150 100 0
50 150 100 0
50 150 100 0
50 150 100 0
50 150 100 0
50 150 100 0
50 150 100 0
50 150 100 0
50 150 100 0
50 150 100 0
50 150 100 0
50 150 100 0
50 150 100 0
50 150 100 0
50 150 100 0
50 150 100 0
50 150 100 0
50 150 100 0
50 150 100 0
50 150 100 0
50 150 100 0
50 150 100 0
50 150 100 0
50 150 100 0
 48 71 56 0
 58 83 73 0
 70 93 76 0
 96 108 88 1
 74 85 71 0
 54 67 62 0
 55 72 64 0
 60 84 77 0
 61 82 72 0
 50 64 61 0
 38 54 48 0
 52 71 65 0
 43 57 49 0
 50 66 60 0
 66 94 87 0
 49 72 62 0
 44 67 59 0
 52 83 70 0
 61 69 59 0
 68 74 66 0
50 150 100 0
50 150 100 0
50 150 100 0
50 150 100 0
50 150 100 0
50 150 100 0
50 150 100 0
50 150 100 0
50 150 100 0
50 150 100 0
50 150 100 0
50 150 100 0
50 150 100 0
50 150 100 0
50 150 100 0
50 150 100 0
50 150 100 0
50 150 100 0
50 150 100 0
50 150 100 0
50 150 100 0
50 150 100 0
50 150 100 0
50 150 100 0
50 150 100 0
50 150 100 0
50 150 100 0
50 150 100 0
50 150 100 0
50 150 100 0
50 150 100 0
50 150 100 0
50 150 100 0
50 150 100 0
50 150 100 0
50 150 100 0
50 150 100 0
50 150 100 0
50 150 100 0
50 150 100 0
50 150 100 0
 45 57 48 0
 61 80 72 0
 121 119 99 1
 69 80 66 0
 74 92 85 0
 53 65 62 0
 47 61 59 0
 58 79 72 0
 37 54 48 0
 63 81 76 0
 44 61 50 0
 63 82 72 0
 32 47 39 0
 39 58 49 0
 43 64 53 0
 48 70 61 0
 41 59 48 0
 61 69 59 0
 48 55 49 0
50 150 100 0
50 150 100 0
50 150 100 0
50 150 100 0
50 150 100 0
50 150 100 0
50 150 100 0
50 150 100 0
50 150 100 0
50 150 100 0
50 150 100 0
50 150 100 0
50 150 100 0
50 150 100 0
50 150 100 0
50 150 100 0
50 150 100 0
50 150 100 0
50 150 100 0
50 150 100 0
50 150 100 0
50 150 100 0
50 150 100 0
50 150 100 0
50 150 100 0
50 150 100 0
50 150 100 0
50 150 100 0
50 150 100 0
50 150 100 0
50 150 100 0
50 150 100 0
50 150 100 0
50 150 100 0
50 150 100 0
50 150 100 0
50 150 100 0
50 150 100 0
50 150 100 0
50 150 100 0
50 150 100 0
 61 70 65 0
 76 92 83 0
 127 117 104 1
 70 73 64 0
 73 87 76 0
 66 77 76 0
 69 84 84 0
 62 79 73 0
 47 61 56 0
 42 55 53 0
 39 53 44 0
 56 74 65 0
 43 62 54 0
 57 80 71 0
 43 61 50 0
 44 60 52 0
 49 59 49 0
 70 81 75 0
50 150 100 0
50 150 100 0
50 150 100 0
50 150 100 0
50 150 100 0
50 150 100 0
50 150 100 0
50 150 100 0
50 150 100 0
50 150 100 0
50 150 100 0
50 150 100 0
50 150 100 0
50 150 100 0
50 150 100 0
50 150 100 0
50 150 100 0
50 150 100 0
50 150 100 0
50 150 100 0
50 150 100 0
50 150 100 0
50 150 100 0
50 150 100 0
50 150 100 0
50 150 100 0
50 150 100 0
50 150 100 0
50 150 100 0
50 150 100 0
50 150 100 0
50 150 100 0
50 150 100 0
50 150 100 0
50 150 100 0
50 150 100 0
50 150 100 0
50 150 100 0
50 150 100 0
50 150 100 0
50 150 100 0
50 150 100 0
50 150 100 0
 59 74 66 0
 195 162 152 1
 72 79 65 0
 58 72 60 0
 55 65 61 0
 68 86 80 0
 49 60 57 0
 63 74 70 0
 50 67 63 0
 47 66 55 0
 53 76 67 0
 38 53 45 0
 47 69 59 0
 41 55 46 0
 54 66 55 0
 53 61 51 0
 56 63 58 0
50 150 100 0
50 150 100 0
50 150 100 0
50 150 100 0
50 150 100 0
50 150 100 0
50 150 100 0
50 150 100 0
50 150 100 0
50 150 100 0
50 150 100 0
50 150 100 0
50 150 100 0
50 150 100 0
50 150 100 0
50 150 100 0
50 150 100 0
50 150 100 0
50 150 100 0
50 150 100 0
50 150 100 0
50 150 100 0
50 150 100 0
50 150 100 0
50 150 100 0
50 150 100 0
50 150 100 0
50 150 100 0
50 150 100 0
50 150 100 0
50 150 100 0
50 150 100 0
50 150 100 0
50 150 100 0
50 150 100 0
50 150 100 0
50 150 100 0
50 150 100 0
50 150 100 0
50 150 100 0
50 150 100 0
50 150 100 0
50 150 100 0
 60 71 60 0
 151 128 118 1
 79 87 73 0
 49 63 52 0
 59 73 67 0
 49 69 64 0
 43 58 57 0
 38 49 46 0
 34 45 39 0
 46 71 59 0
 40 53 46 0
 42 61 52 0
 40 56 50 0
 55 75 65 0
 47 56 46 0
 49 59 53 0
50 150 100 0
50 150 100 0
50 150 100 0
50 150 100 0
50 150 100 0
50 150 100 0
50 150 100 0
50 150 100 0
50 150 100 0
50 150 100 0
50 150 100 0
50 150 100 0
50 150 100 0
50 150 100 0
50 150 100 0
50 150 100 0
50 150 100 0
50 150 100 0
50 150 100 0
50 150 100 0
50 150 100 0
50 150 100 0
50 150 100 0
50 150 100 0
50 150 100 0
50 150 100 0
50 150 100 0
50 150 100 0
50 150 100 0
50 150 100 0
50 150 100 0
50 150 100 0
50 150 100 0
50 150 100 0
50 150 100 0
50 150 100 0
50 150 100 0
50 150 100 0
50 150 100 0
50 150 100 0
50 150 100 0
50 150 100 0
50 150 100 0
50 150 100 0
 30 37 29 0
 87 92 76 0
 70 74 64 0
 55 64 57 0
 43 54 49 0
 43 61 53 0
 65 84 77 0
 40 53 45 0
 46 63 55 0
 29 48 38 0
 57 73 62 0
 53 72 64 0
 37 47 42 0
 48 60 49 0
 40 51 42 0
 55 70 61 0
50 150 100 0
50 150 100 0
50 150 100 0
50 150 100 0
50 150 100 0
50 150 100 0
50 150 100 0
50 150 100 0
50 150 100 0
50 150 100 0
50 150 100 0
50 150 100 0
50 150 100 0
50 150 100 0
50 150 100 0
50 150 100 0
50 150 100 0
50 150 100 0
50 150 100 0
50 150 100 0
50 150 100 0
50 150 100 0
50 150 100 0
50 150 100 0
50 150 100 0
50 150 100 0
50 150 100 0
50 150 100 0
50 150 100 0
50 150 100 0
50 150 100 0
50 150 100 0
50 150 100 0
50 150 100 0
50 150 100 0
50 150 100 0
50 150 100 0
50 150 100 0
50 150 100 0
50 150 100 0
50 150 100 0
50 150 100 0
50 150 100 0
50 150 100 0
50 150 100 0
 139 126 109 1
 41 45 37 0
 51 64 51 0
 59 73 62 0
 22 28 24 0
 38 48 43 0
 48 61 56 0
 16 20 18 0
 43 57 49 0
 47 57 50 0
 17 20 18 0
 43 51 45 0
 22 28 24 0
 42 54 45 0
50 150 100 0
50 150 100 0
50 150 100 0
50 150 100 0
50 150 100 0
50 150 100 0
50 150 100 0
50 150 100 0
50 150 100 0
50 150 100 0
50 150 100 0
50 150 100 0
50 150 100 0
50 150 100 0
50 150 100 0
50 150 100 0
50 150 100 0
50 150 100 0
50 150 100 0
50 150 100 0
50 150 100 0
50 150 100 0
50 150 100 0
50 150 100 0
50 150 100 0
50 150 100 0
50 150 100 0
50 150 100 0
50 150 100 0
50 150 100 0
50 150 100 0
50 150 100 0
50 150 100 0
50 150 100 0
50 150 100 0
50 150 100 0
50 150 100 0
50 150 100 0
50 150 100 0
50 150 100 0
50 150 100 0
50 150 100 0
50 150 100 0
50 150 100 0
50 150 100 0
50 150 100 0
50 150 100 0
50 150 100 0
50 150 100 0
50 150 100 0
50 150 100 0
50 150 100 0
50 150 100 0
50 150 100 0
50 150 100 0
50 150 100 0
50 150 100 0
50 150 100 0
50 150 100 0
50 150 100 0
50 150 100 0
50 150 100 0
50 150 100 0
50 150 100 0
50 150 100 0
50 150 100 0
50 150 100 0
50 150 100 0
50 150 100 0
50 150 100 0
50 150 100 0
50 150 100 0
50 150 100 0
50 150 100 0
50 150 100 0
50 150 100 0
50 150 100 0
50 150 100 0
50 150 100 0
50 150 100 0
50 150 100 0
50 150 100 0
50 150 100 0
50 150 100 0
50 150 100 0
50 150 100 0
50 150 100 0
50 150 100 0
50 150 100 0
50 150 100 0
50 150 100 0
50 150 100 0
50 150 100 0
50 150 100 0
50 150 100 0
50 150 100 0
50 150 100 0
50 150 100 0
50 150 100 0
50 150 100 0
50 150 100 0
50 150 100 0
50 150 100 0
50 150 100 0
50 150 100 0
50 150 100 0
50 150 100 0
50 150 100 0
50 150 100 0
50 150 100 0
50 150 100 0
50 150 100 0
50 150 100 0
50 150 100 0
50 150 100 0
50 150 100 0
50 150 100 0
50 150 100 0
50 150 100 0
50 150 100 0
50 150 100 0
50 150 100 0
50 150 100 0
50 150 100 0
50 150 100 0
50 150 100 0
50 150 100 0
50 150 100 0
50 150 100 0
50 150 100 0
50 150 100 0
50 150 100 0
50 150 100 0
50 150 100 0
50 150 100 0
50 150 100 0
50 150 100 0
50 150 100 0
50 150 100 0
50 150 100 0
50 150 100 0
50 150 100 0
50 150 100 0
50 150 100 0
50 150 100 0
50 150 100 0
50 150 100 0
50 150 100 0
50 150 100 0
50 150 100 0
50 150 100 0
50 150 100 0
50 150 100 0
50 150 100 0
50 150 100 0
50 150 100 0
50 150 100 0
50 150 100 0
50 150 100 0
50 150 100 0
50 150 100 0
50 150 100 0
50 150 100 0
50 150 100 0
50 150 100 0
50 150 100 0
50 150 100 0
50 150 100 0
50 150 100 0
50 150 100 0
50 150 100 0
50 150 100 0
50 150 100 0
50 150 100 0
50 150 100 0
50 150 100 0
50 150 100 0
50 150 100 0
50 150 100 0
50 150 100 0
50 150 100 0
50 150 100 0
50 150 100 0
50 150 100 0
50 150 100 0
50 150 100 0
50 150 100 0
50 150 100 0
50 150 100 0
50 150 100 0
50 150 100 0
50 150 100 0
50 150 100 0
50 150 100 0
50 150 100 0
50 150 100 0
50 150 100 0
50 150 100 0
50 150 100 0
50 150 100 0
50 150 100 0
50 150 100 0
50 150 100 0

