 105 134 130 0
 108 138 136 0
 105 138 135 0
 106 139 136 0
 102 138 134 0
 97 128 125 0
 118 153 149 0
 83 115 110 0
 100 126 125 0
 104 135 134 0
 98 136 128 0
 103 139 132 0
 93 131 121 0
 93 131 118 0
 92 131 114 0
 88 122 106 0
 94 130 114 0
 87 119 105 0
 102 138 122 0
 98 128 114 0
 106 133 120 0
 108 140 126 0
 104 139 124 0
 90 125 111 0
 80 115 101 0
 91 123 112 0
 94 121 113 0
 90 120 113 0
 109 128 123 0
 188 177 173 1
 108 126 119 0
 92 116 107 0
 94 121 112 0
 91 119 113 0
 85 117 110 0
 91 125 117 0
 91 128 117 0
 75 110 96 0
 82 120 104 0
 88 123 110 0
 87 122 111 0
 96 133 117 0
 100 136 122 0
 98 131 116 0
 86 116 101 0
 89 116 102 0
 90 120 105 0
 103 132 119 0
 135 153 142 0
 120 135 127 0
 112 137 124 0
 107 137 121 0
 118 149 134 0
 118 147 135 0
 122 149 139 0
 108 140 126 0
 112 148 131 0
 120 155 138 0
 108 144 127 0
 116 152 135 0
 108 138 133 0
 98 127 125 0
 104 138 137 0
 105 138 137 0
 96 131 129 0
 98 132 128 0
 87 118 115 0
 86 118 113 0
 97 123 120 0
 94 120 120 0
 100 139 132 0
 89 129 119 0
 91 130 121 0
 90 129 116 0
 97 136 119 0
 91 126 109 0
 95 132 116 0
 92 124 110 0
 101 136 121 0
 92 124 111 0
 108 137 124 0
 108 140 126 0
 107 140 125 0
 86 121 107 0
 82 117 103 0
 87 119 108 0
 93 119 113 0
 86 114 108 0
 111 128 124 0
 164 158 155 1
 103 123 116 0
 95 119 110 0
 91 119 110 0
 86 115 108 0
 89 121 114 0
 97 131 122 0
 81 117 105 0
 85 121 107 0
 75 113 97 0
 88 124 113 0
 89 125 113 0
 97 134 118 0
 100 136 122 0
 92 127 111 0
 80 111 96 0
 85 112 97 0
 90 122 107 0
 106 137 125 0
 190 195 189 1
 122 142 133 0
 102 133 118 0
 105 137 122 0
 111 143 129 0
 118 148 136 0
 115 144 132 0
 109 143 127 0
 115 151 135 0
 116 152 136 0
 111 147 130 0
 128 162 147 0
 107 137 132 0
 91 118 114 0
 106 137 136 0
 101 135 134 0
 91 124 125 0
 95 131 129 0
 89 122 118 0
 115 149 144 0
 88 118 114 0
 97 124 124 0
 98 138 131 0
 82 123 112 0
 78 116 108 0
 94 135 122 0
 98 139 122 0
 95 131 114 0
 96 133 115 0
 98 130 114 0
 104 136 122 0
 92 124 111 0
 111 142 127 0
 107 140 126 0
 104 138 122 0
 85 118 106 0
 76 110 96 0
 87 117 106 0
 91 117 111 0
 77 103 97 0
 106 122 117 0
 165 160 156 1
 125 135 130 0
 95 120 112 0
 86 114 105 0
 86 115 108 0
 94 127 120 0
 94 128 119 0
 77 111 98 0
 86 123 108 0
 76 113 98 0
 90 126 116 0
 90 129 114 0
 95 130 116 0
 87 123 109 0
 82 117 101 0
 74 102 87 0
 84 111 97 0
 90 125 110 0
 99 133 121 0
 165 178 169 1
 106 131 119 0
 101 132 117 0
 103 136 121 0
 104 138 126 0
 117 145 135 0
 114 143 130 0
 110 144 129 0
 120 155 139 0
 107 143 126 0
 114 150 133 0
 116 149 134 0
 102 132 128 0
 105 134 130 0
 108 138 135 0
 102 135 134 0
 100 131 132 0
 85 119 119 0
 95 130 126 0
 96 131 125 0
 102 136 129 0
 81 109 105 0
 100 132 129 0
 81 124 114 0
 75 112 104 0
 96 139 126 0
 92 133 117 0
 96 133 116 0
 98 133 116 0
 101 130 115 0
 99 127 114 0
 107 139 127 0
 115 148 133 0
 106 140 125 0
 95 131 115 0
 84 118 105 0
 72 103 90 0
 87 116 106 0
 90 114 108 0
 90 119 112 0
 107 131 125 0
 156 157 152 1
 114 130 124 0
 89 115 107 0
 89 117 108 0
 89 118 111 0
 96 130 122 0
 93 127 117 0
 75 110 97 0
 84 123 109 0
 82 122 108 0
 88 124 115 0
 85 125 109 0
 85 119 106 0
 88 124 110 0
 82 116 101 0
 73 99 86 0
 84 115 102 0
 92 127 115 0
 119 148 135 0
 166 178 170 1
 117 142 130 0
 101 132 117 0
 100 134 121 0
 110 141 130 0
 113 141 130 0
 108 139 125 0
 114 149 134 0
 121 154 139 0
 104 141 124 0
 131 168 151 0
 114 147 133 0
 97 127 123 0
 88 114 111 0
 109 138 135 0
 110 143 141 0
 102 134 134 0
 93 127 127 0
 99 135 131 0
 96 131 125 0
 107 144 134 0
 92 124 117 0
 100 132 127 0
 81 122 112 0
 82 122 112 0
 97 141 129 0
 85 125 109 0
 96 133 116 0
 101 136 119 0
 99 129 114 0
 92 118 105 0
 110 141 129 0
 111 144 129 0
 105 141 125 0
 88 124 108 0
 86 121 106 0
 79 109 96 0
 93 121 111 0
 87 109 104 0
 96 125 118 0
 109 136 127 0
 157 160 155 1
 112 127 122 0
 86 112 104 0
 88 118 109 0
 89 118 112 0
 94 128 119 0
 96 130 120 0
 72 107 96 0
 87 127 113 0
 88 128 118 0
 70 108 97 0
 89 127 113 0
 86 121 107 0
 78 113 99 0
 78 111 96 0
 83 110 96 0
 89 122 109 0
 85 121 108 0
 106 143 128 0
 154 170 160 1
 112 141 127 0
 105 140 125 0
 102 138 125 0
 111 140 131 0
 106 135 123 0
 109 142 127 0
 117 151 136 0
 119 153 137 0
 106 143 126 0
 121 158 142 0
 114 147 132 0
 102 132 128 0
 96 124 121 0
 96 123 120 0
 108 140 137 0
 105 137 137 0
 100 132 131 0
 100 136 133 0
 98 132 125 0
 105 143 131 0
 94 125 115 0
 95 127 119 0
 88 123 114 0
 85 127 115 0
 101 145 131 0
 84 122 107 0
 96 131 114 0
 105 138 122 0
 99 132 116 0
 100 130 116 0
 111 143 131 0
 105 137 123 0
 103 139 123 0
 76 111 95 0
 81 116 101 0
 78 109 96 0
 91 121 109 0
 81 102 97 0
 96 124 118 0
 112 139 130 0
 163 164 159 1
 98 115 109 0
 79 107 100 0
 92 122 116 0
 79 106 100 0
 94 127 120 0
 93 126 118 0
 82 118 107 0
 87 127 113 0
 82 122 112 0
 81 118 109 0
 86 123 110 0
 87 123 109 0
 70 105 90 0
 84 120 103 0
 85 115 100 0
 95 130 117 0
 88 127 113 0
 102 145 129 0
 156 172 162 1
 117 146 131 0
 103 140 125 0
 101 137 126 0
 110 139 130 0
 105 136 123 0
 115 148 133 0
 120 154 138 0
 116 151 134 0
 115 152 135 0
 117 152 137 0
 112 143 130 0
 107 136 132 0
 103 132 128 0
 105 133 130 0
 106 138 134 0
 104 138 135 0
 99 132 131 0
 93 129 125 0
 97 132 125 0
 101 138 125 0
 83 111 98 0
 87 117 103 0
 90 120 109 0
 94 132 121 0
 102 143 130 0
 97 133 118 0
 86 117 102 0
 100 128 113 0
 104 137 120 0
 106 137 121 0
 108 140 126 0
 97 127 114 0
 104 138 123 0
 64 96 81 0
 75 109 95 0
 76 107 95 0
 82 112 102 0
 84 107 101 0
 100 128 121 0
 115 139 131 0
 180 176 169 1
 115 125 119 0
 78 102 96 0
 86 117 110 0
 84 112 106 0
 96 129 122 0
 85 118 111 0
 85 121 110 0
 80 119 106 0
 73 111 104 0
 85 123 112 0
 83 121 106 0
 84 121 105 0
 71 107 92 0
 86 124 108 0
 85 118 103 0
 88 124 113 0
 83 124 110 0
 95 140 124 0
 148 166 155 1
 103 137 120 0
 96 134 120 0
 112 144 133 0
 109 139 128 0
 113 145 131 0
 119 152 137 0
 121 153 138 0
 111 147 131 0
 114 149 134 0
 113 146 132 0
 116 144 132 0
 105 133 129 0
 107 136 132 0
 113 141 138 0
 109 140 136 0
 100 136 132 0
 96 131 130 0
 89 126 122 0
 96 130 124 0
 101 135 124 0
 98 132 118 0
 86 110 95 0
 87 114 102 0
 93 130 119 0
 104 143 131 0
 104 140 125 0
 92 121 105 0
 103 128 117 0
 108 140 124 0
 105 135 120 0
 105 136 122 0
 101 129 117 0
 99 131 116 0
 65 96 82 0
 82 117 102 0
 67 95 84 0
 89 125 114 0
 91 115 109 0
 100 129 122 0
 113 135 127 0
 198 185 181 1
 102 117 110 0
 84 109 103 0
 96 127 119 0
 84 112 107 0
 93 125 118 0
 87 119 111 0
 75 110 100 0
 76 114 103 0
 75 114 107 0
 83 122 108 0
 82 118 102 0
 76 113 96 0
 84 123 107 0
 80 116 101 0
 98 136 123 0
 81 118 106 0
 80 123 108 0
 114 147 133 0
 154 169 157 1
 105 140 124 0
 97 133 120 0
 114 144 134 0
 115 145 132 0
 118 150 135 0
 116 148 133 0
 118 152 137 0
 109 146 130 0
 115 150 135 0
 118 148 135 0
 120 148 136 0
50 150 100 0
 101 128 123 0
 112 139 136 0
 104 132 129 0
 104 137 134 0
 84 123 118 0
 93 129 125 0
 95 128 121 0
 97 128 119 0
 97 130 117 0
 75 98 83 0
 94 123 110 0
 93 129 117 0
 106 143 131 0
 106 143 128 0
 92 119 103 0
 102 127 114 0
 107 139 124 0
 104 134 119 0
 102 130 116 0
 101 128 116 0
 102 134 119 0
 70 100 86 0
 83 118 102 0
 68 96 84 0
 91 126 115 0
 92 117 111 0
 98 126 118 0
 123 141 131 0
 200 182 177 1
 113 123 117 0
 88 119 110 0
 93 125 117 0
 90 117 112 0
 85 115 110 0
 69 100 94 0
 72 105 97 0
 80 118 108 0
 72 111 103 0
 80 120 106 0
 87 122 106 0
 73 110 94 0
 92 130 114 0
 82 119 104 0
 86 123 110 0
 77 114 102 0
 81 123 109 0
 111 142 129 0
 161 175 164 1
 108 144 128 0
 106 139 128 0
 113 142 132 0
 120 150 137 0
 118 150 135 0
 111 144 129 0
 115 150 134 0
 112 148 132 0
 117 151 137 0
 120 150 138 0
 122 151 139 0
50 150 100 0
 106 133 129 0
 109 136 133 0
 99 126 124 0
 103 136 133 0
 74 109 105 0
 96 130 124 0
 100 131 122 0
 113 138 128 0
 97 130 119 0
 89 122 108 0
 87 111 97 0
 98 129 116 0
 103 137 123 0
 108 145 129 0
 99 131 113 0
 102 125 111 0
 102 130 117 0
 105 137 121 0
 107 136 121 0
 98 124 112 0
 104 136 121 0
 99 128 113 0
 84 120 104 0
 81 110 96 0
 90 124 113 0
 88 111 106 0
 87 114 106 0
 114 134 124 0
 170 163 155 1
 105 118 110 0
 85 116 107 0
 84 114 106 0
 94 122 116 0
 83 114 108 0
 77 108 103 0
 77 111 102 0
 84 123 113 0
 70 108 101 0
 78 116 101 0
 93 130 114 0
 79 118 100 0
 95 133 116 0
 83 120 105 0
 78 112 100 0
 74 113 101 0
 95 130 118 0
 151 166 154 0
 193 204 194 1
 116 148 132 0
 112 141 130 0
 111 140 128 0
 122 151 137 0
 114 147 132 0
 112 146 130 0
 113 150 133 0
 114 149 134 0
 122 154 141 0
 122 152 141 0
 118 146 134 0
50 150 100 0
50 150 100 0
 112 138 130 0
 101 125 122 0
 98 125 122 0
 101 134 131 0
 92 125 120 0
 103 133 123 0
 115 139 126 0
 99 129 116 0
 94 128 113 0
 99 127 112 0
 99 130 116 0
 104 135 122 0
 106 141 125 0
 104 137 120 0
 104 130 114 0
 103 129 116 0
 104 135 120 0
 105 133 118 0
 94 120 107 0
 101 130 115 0
 100 128 113 0
 83 119 102 0
 88 119 103 0
 83 114 103 0
 82 104 100 0
 84 111 105 0
 102 123 114 0
 149 148 139 1
 97 110 97 0
 76 103 94 0
 84 113 105 0
 93 124 116 0
 87 117 111 0
 81 113 107 0
 80 114 106 0
 80 117 108 0
 79 117 108 0
 67 101 86 0
 93 132 114 0
 95 129 112 0
 87 126 110 0
 85 123 108 0
 78 113 101 0
 74 113 101 0
 85 123 110 0
 141 159 146 0
 113 142 127 0
 117 148 136 0
 112 139 129 0
 115 143 130 0
 120 151 136 0
 111 144 129 0
 114 150 134 0
 112 149 133 0
 115 148 135 0
 127 157 144 0
 122 150 139 0
50 150 100 0
50 150 100 0
50 150 100 0
 103 125 116 0
 95 119 112 0
 93 117 114 0
 105 138 134 0
 98 130 126 0
 97 123 116 0
 115 140 128 0
 100 126 114 0
 96 129 113 0
 97 128 112 0
 106 139 122 0
 104 135 121 0
 106 136 121 0
 113 144 128 0
 103 131 114 0
 104 131 117 0
 104 134 119 0
 101 129 114 0
 99 125 112 0
 98 125 110 0
 96 123 107 0
 83 119 101 0
 90 122 104 0
 82 110 99 0
 77 98 94 0
 89 114 107 0
 99 116 107 0
 157 151 143 1
 83 98 87 0
 77 102 92 0
 90 119 110 0
 87 121 109 0
 86 117 109 0
 82 114 107 0
 85 118 110 0
 76 111 104 0
 72 109 100 0
 86 122 107 0
 93 132 114 0
 94 128 111 0
 91 129 116 0
 84 122 108 0
 97 135 122 0
 76 115 102 0
 94 126 113 0
 165 178 167 1
 117 141 127 0
 117 147 136 0
 117 143 132 0
 120 146 133 0
 118 150 135 0
 104 138 123 0
 114 151 135 0
 112 148 133 0
 118 150 136 0
 125 153 142 0
 121 148 139 0
50 150 100 0
50 150 100 0
50 150 100 0
50 150 100 0
 98 122 114 0
 86 110 104 0
 105 135 130 0
 105 137 132 0
 102 125 118 0
 122 146 134 0
 113 139 126 0
 97 126 111 0
 99 130 113 0
 100 131 114 0
 101 133 116 0
 107 133 118 0
 114 140 123 0
 107 134 118 0
 102 128 114 0
 99 129 115 0
 99 127 112 0
 103 127 114 0
 96 120 107 0
 92 118 103 0
 84 119 100 0
 68 94 80 0
 87 117 104 0
 93 114 109 0
 83 107 99 0
 96 115 106 0
 115 117 107 0
 91 111 101 0
 77 104 93 0
 100 128 119 0
 79 112 100 0
 81 113 101 0
 77 108 99 0
 77 110 101 0
 70 103 96 0
 93 130 120 0
 91 127 111 0
 87 125 108 0
 95 129 113 0
 93 129 119 0
 87 125 111 0
 84 123 108 0
 71 109 96 0
 93 127 114 0
 141 159 147 1
 128 154 140 0
 117 143 131 0
 119 145 132 0
 120 148 134 0
 117 149 134 0
 102 137 121 0
 112 149 133 0
 114 148 133 0
 121 149 138 0
 120 146 138 0
50 150 100 0
50 150 100 0
50 150 100 0
50 150 100 0
50 150 100 0
 95 121 112 0
 101 130 122 0
 102 131 126 0
 102 135 129 0
 103 131 124 0
 99 120 111 0
 113 138 125 0
 95 121 108 0
 90 119 103 0
 105 133 115 0
 95 126 109 0
 106 132 117 0
 106 131 114 0
 112 139 123 0
 101 126 111 0
 101 129 114 0
 100 128 112 0
 103 124 111 0
 101 124 111 0
 95 120 105 0
 84 116 98 0
 84 114 99 0
 84 114 100 0
 89 108 103 0
 87 108 99 0
 127 134 125 0
 182 168 160 1
 89 105 95 0
 86 110 101 0
 85 113 104 0
 81 116 105 0
 77 107 96 0
 75 103 94 0
 82 116 106 0
 77 112 104 0
 100 132 121 0
 84 120 105 0
 91 128 111 0
 95 129 116 0
 86 122 114 0
 81 122 106 0
 67 107 91 0
 75 113 101 0
 91 127 114 0
 159 177 164 1
 124 152 138 0
 117 142 131 0
 115 141 129 0
 121 152 137 0
 108 144 127 0
 106 144 126 0
 113 149 133 0
 116 146 134 0
 120 147 137 0
 121 147 138 0
50 150 100 0
50 150 100 0
50 150 100 0
50 150 100 0
50 150 100 0
 41 53 49 0
 100 129 117 0
 101 132 123 0
 104 133 128 0
 101 131 125 0
 99 121 112 0
 115 140 127 0
 98 122 108 0
 103 129 113 0
 112 139 120 0
 113 139 122 0
 106 133 117 0
 101 124 110 0
 113 139 123 0
 99 122 106 0
 105 131 117 0
 103 128 112 0
 100 118 104 0
 111 132 118 0
 101 125 110 0
 82 109 92 0
 96 124 109 0
 82 109 97 0
 95 112 104 0
 84 101 92 0
 124 130 120 0
 140 135 123 0
 108 123 113 0
 82 102 93 0
 84 109 102 0
 97 129 120 0
 71 98 87 0
 75 104 91 0
 79 111 101 0
 84 118 110 0
 90 121 110 0
 79 115 100 0
 89 126 110 0
 83 118 107 0
 88 128 115 0
 58 96 80 0
 84 125 110 0
 83 122 109 0
 115 143 129 0
 147 166 153 1
 122 150 137 0
 117 143 131 0
 116 144 130 0
 119 150 135 0
 106 145 124 0
 110 147 131 0
 111 145 130 0
 119 146 135 0
 123 149 139 0
 0 0 0 0
50 150 100 0
50 150 100 0
50 150 100 0
50 150 100 0
50 150 100 0
50 150 100 0
 101 129 117 0
 97 128 117 0
 107 135 127 0
 109 136 129 0
 102 127 116 0
 116 140 126 0
 102 127 112 0
 107 133 116 0
 114 142 121 0
 105 128 110 0
 109 133 117 0
 101 123 110 0
 104 124 110 0
 96 118 102 0
 108 133 119 0
 103 123 107 0
 98 114 101 0
 112 134 121 0
 96 118 103 0
 103 131 113 0
 99 127 112 0
 82 109 96 0
 98 109 105 0
 93 107 101 0
 101 110 103 0
 193 185 177 1
 108 120 109 0
 76 95 85 0
 93 120 110 0
 86 121 111 0
 69 97 85 0
 77 106 92 0
 80 112 102 0
 86 120 112 0
 80 113 101 0
 82 120 105 0
 84 120 105 0
 79 114 104 0
 86 126 115 0
 79 118 102 0
 83 124 110 0
 86 125 112 0
 118 145 130 0
 182 197 186 1
 121 148 135 0
 119 145 132 0
 116 145 130 0
 110 144 126 0
 103 144 124 0
 107 144 128 0
 111 143 129 0
 125 153 140 0
 124 149 138 0
50 150 100 0
50 150 100 0
50 150 100 0
50 150 100 0
50 150 100 0
50 150 100 0
50 150 100 0
 107 136 123 0
 102 131 118 0
 109 138 128 0
 106 133 123 0
 101 127 113 0
 114 137 120 0
 103 127 109 0
 105 129 113 0
 110 138 118 0
 101 120 104 0
 112 136 121 0
 98 119 106 0
 101 120 107 0
 91 113 96 0
 107 131 117 0
 101 118 104 0
 104 117 102 0
 114 134 121 0
 97 117 102 0
 102 126 110 0
 88 116 103 0
 88 113 101 0
 108 98 109 0
 91 92 93 0
 111 114 111 0
 130 130 120 0
 101 120 108 0
 78 95 84 0
 89 116 105 0
 83 116 106 0
 80 108 95 0
 68 94 83 0
 83 114 105 0
 86 120 111 0
 78 109 99 0
 86 124 109 0
 82 118 102 0
 89 126 117 0
 83 123 110 0
 79 118 103 0
 80 122 110 0
 86 125 112 0
 120 146 131 0
 125 151 138 0
 118 145 132 0
 116 142 128 0
 115 144 128 0
 104 140 121 0
 103 143 123 0
 109 145 128 0
 120 150 135 0
 122 148 136 0
 0 0 0 0
50 150 100 0
50 150 100 0
50 150 100 0
50 150 100 0
50 150 100 0
50 150 100 0
50 150 100 0
50 150 100 0
 109 141 126 0
 109 140 125 0
 103 129 119 0
 102 130 114 0
 108 127 110 0
 83 104 87 0
 100 123 107 0
 113 138 119 0
 109 131 111 0
 102 117 101 0
 96 120 106 0
 97 119 106 0
 106 129 113 0
 105 129 114 0
 96 114 101 0
 111 125 110 0
 107 127 114 0
 97 121 104 0
 97 119 105 0
 83 111 98 0
 84 104 95 0
 145 107 146 0
 214 163 215 0
 171 163 160 1
 123 127 117 0
 101 122 110 0
 85 106 93 0
 62 83 73 0
 86 118 107 0
 77 105 94 0
 77 102 92 0
 82 114 105 0
 81 113 102 0
 98 130 120 0
 82 121 106 0
 81 119 103 0
 85 124 113 0
 76 114 100 0
 75 113 99 0
 82 124 112 0
 91 125 113 0
 121 151 136 0
 125 146 136 0
 116 142 128 0
 111 135 119 0
 113 141 123 0
 99 138 118 0
 103 142 123 0
 114 148 131 0
 120 147 134 0
 123 147 135 0
50 150 100 0
50 150 100 0
50 150 100 0
50 150 100 0
50 150 100 0
50 150 100 0
50 150 100 0
50 150 100 0
50 150 100 0
 97 125 111 0
 107 139 122 0
 103 131 117 0
 99 128 113 0
 91 117 97 0
 104 120 102 0
 107 129 113 0
 110 136 116 0
 111 134 115 0
 107 124 106 0
 104 128 114 0
 95 117 104 0
 112 143 124 0
 103 128 109 0
 102 120 106 0
 111 126 112 0
 105 128 114 0
 86 111 95 0
 94 117 104 0
 83 109 99 0
 81 83 87 0
 235 185 229 0
 246 214 247 0
 150 125 154 0
 146 147 138 0
 91 111 98 0
 81 99 87 0
 86 115 103 0
 73 103 93 0
 78 103 92 0
 84 110 99 0
 90 121 113 0
 78 109 98 0
 91 122 112 0
 90 129 114 0
 75 111 96 0
 69 108 97 0
 76 113 99 0
 73 110 99 0
 83 124 114 0
 107 143 126 0
 177 190 179 1
 175 198 185 0
 112 136 121 0
 113 139 123 0
 110 142 123 0
 97 137 118 0
 110 145 128 0
 118 146 132 0
 122 147 133 0
 31 40 35 0
50 150 100 0
50 150 100 0
50 150 100 0
50 150 100 0
50 150 100 0
50 150 100 0
50 150 100 0
50 150 100 0
50 150 100 0
50 150 100 0
 107 134 119 0
 101 132 116 0
 96 123 110 0
 98 124 104 0
 89 104 86 0
 114 132 114 0
 112 138 117 0
 117 141 121 0
 106 125 106 0
 109 135 117 0
 100 124 110 0
 107 130 115 0
 99 124 105 0
 107 126 110 0
 110 127 113 0
 107 130 116 0
 86 113 95 0
 92 113 102 0
 72 90 85 0
 114 89 119 0
 251 234 251 0
 251 240 250 0
 231 200 223 0
 147 149 140 0
 87 105 93 0
 77 96 85 0
 88 115 103 0
 84 113 103 0
 80 104 94 0
 86 114 103 0
 79 108 97 0
 81 112 99 0
 81 106 98 0
 84 122 108 0
 78 116 103 0
 83 124 110 0
 77 113 99 0
 75 114 103 0
 80 121 111 0
 90 130 115 0
 157 171 159 1
 125 146 133 0
 118 142 127 0
 117 141 126 0
 111 143 126 0
 106 144 126 0
 114 145 129 0
 125 151 137 0
 125 150 136 0
50 150 100 0
50 150 100 0
50 150 100 0
50 150 100 0
50 150 100 0
50 150 100 0
50 150 100 0
50 150 100 0
50 150 100 0
50 150 100 0
50 150 100 0
 103 128 112 0
 113 142 124 0
 98 124 110 0
 94 122 105 0
 101 125 103 0
 104 120 100 0
 109 130 111 0
 92 116 94 0
 110 132 113 0
 107 130 110 0
 84 110 92 0
 103 124 109 0
 95 117 100 0
 108 131 114 0
 111 131 116 0
 95 122 106 0
 85 111 93 0
 88 110 100 0
 75 87 85 0
 230 181 230 0
 244 219 246 0
 251 242 251 0
 251 233 250 0
 193 160 173 0
 73 89 78 0
 87 110 97 0
 80 107 97 0
 96 122 113 0
 78 101 91 0
 81 108 98 0
 80 109 98 0
 82 113 101 0
 85 113 104 0
 73 111 98 0
 82 124 110 0
 81 123 108 0
 81 121 106 0
 76 116 104 0
 69 108 97 0
 81 123 108 0
 142 158 144 1
 126 142 129 0
 120 141 127 0
 132 159 141 0
 116 151 134 0
 117 150 133 0
 124 151 136 0
 129 153 139 0
 0 0 0 0
50 150 100 0
50 150 100 0
50 150 100 0
50 150 100 0
50 150 100 0
50 150 100 0
50 150 100 0
50 150 100 0
50 150 100 0
50 150 100 0
50 150 100 0
50 150 100 0
 111 135 119 0
 107 135 118 0
 96 122 107 0
 92 117 96 0
 98 117 94 0
 84 105 85 0
 97 119 100 0
 113 136 116 0
 104 122 103 0
 75 96 82 0
 99 118 104 0
 107 131 114 0
 110 133 115 0
 103 126 110 0
 87 118 101 0
 75 104 86 0
 85 110 95 0
 87 109 101 0
 181 179 192 0
 246 233 248 0
 251 243 251 0
 251 232 251 0
 122 126 117 0
 74 86 76 0
 85 109 97 0
 69 94 85 0
 93 120 110 0
 82 106 97 0
 89 113 104 0
 76 102 93 0
 86 115 105 0
 87 119 109 0
 75 112 101 0
 82 126 114 0
 77 120 104 0
 79 121 105 0
 69 108 97 0
 73 115 101 0
 105 138 121 0
 186 190 180 1
 126 144 130 0
 127 148 134 0
 130 160 142 0
 122 154 137 0
 117 145 129 0
 130 156 142 0
 129 153 138 0
50 150 100 0
50 150 100 0
50 150 100 0
50 150 100 0
50 150 100 0
50 150 100 0
50 150 100 0
50 150 100 0
50 150 100 0
50 150 100 0
50 150 100 0
50 150 100 0
50 150 100 0
 91 107 94 0
 112 136 119 0
 85 108 93 0
 99 126 109 0
 94 114 93 0
 107 126 106 0
 101 122 101 0
 108 130 110 0
 104 117 98 0
 96 113 101 0
 159 178 165 0
 103 123 111 0
 106 130 112 0
 114 135 119 0
 91 115 98 0
 85 116 99 0
 90 117 102 0
 86 109 98 0
 83 88 89 0
 250 242 251 0
 247 233 248 0
 234 165 212 0
 121 121 111 0
 90 107 93 0
 82 107 95 0
 75 98 90 0
 75 101 92 0
 95 120 109 0
 92 115 106 0
 74 97 88 0
 92 122 112 0
 87 122 111 0
 77 114 103 0
 67 110 95 0
 75 116 100 0
 67 106 90 0
 82 121 109 0
 76 117 103 0
 90 127 111 0
 131 143 131 0
 126 144 131 0
 138 161 146 0
 122 153 136 0
 110 140 124 0
 118 145 131 0
 128 154 140 0
 124 147 133 0
50 150 100 0
50 150 100 0
50 150 100 0
50 150 100 0
50 150 100 0
50 150 100 0
50 150 100 0
50 150 100 0
50 150 100 0
50 150 100 0
50 150 100 0
50 150 100 0
50 150 100 0
50 150 100 0
 106 125 111 0
 92 115 100 0
 105 133 116 0
 99 120 100 0
 106 127 106 0
 116 135 114 0
 97 118 99 0
 111 125 105 0
 117 134 119 0
 144 161 150 0
 102 121 110 0
 109 134 116 0
 101 120 101 0
 77 102 84 0
 112 144 128 0
 80 109 92 0
 90 114 104 0
 92 97 94 0
 249 245 250 0
 247 204 248 0
 246 169 235 0
 109 116 104 0
 73 92 79 0
 82 106 94 0
 88 114 104 0
 77 103 92 0
 92 117 105 0
 77 94 85 0
 82 107 98 0
 80 112 104 0
 80 117 105 0
 61 97 85 0
 78 120 106 0
 65 104 88 0
 85 125 112 0
 86 125 112 0
 84 126 110 0
 117 138 126 0
 151 161 149 1
 136 157 143 0
 122 148 133 0
 114 146 129 0
 105 138 121 0
 119 145 132 0
 124 148 135 0
50 150 100 0
50 150 100 0
50 150 100 0
50 150 100 0
50 150 100 0
50 150 100 0
50 150 100 0
50 150 100 0
50 150 100 0
50 150 100 0
50 150 100 0
50 150 100 0
50 150 100 0
50 150 100 0
50 150 100 0
 101 115 99 0
 109 133 116 0
 108 136 117 0
 103 128 110 0
 109 129 108 0
 107 125 105 0
 113 134 115 0
 102 115 95 0
 121 136 122 0
 114 134 121 0
 99 118 105 0
 103 124 104 0
 72 84 69 0
 82 104 89 0
 94 131 114 0
 71 97 82 0
 79 99 88 0
 112 118 114 0
 249 247 249 0
 253 244 253 0
 239 154 223 0
 105 111 99 0
 80 102 88 0
 68 92 79 0
 71 95 83 0
 84 116 102 0
 73 97 84 0
 74 88 80 0
 77 103 94 0
 86 120 112 0
 76 112 100 0
 67 102 92 0
 74 115 102 0
 66 103 91 0
 80 121 108 0
 82 123 110 0
 90 128 113 0
 138 153 140 0
 174 182 171 1
 126 147 135 0
 119 147 131 0
 95 130 114 0
 111 142 128 0
 121 148 135 0
 123 146 133 0
50 150 100 0
50 150 100 0
50 150 100 0
50 150 100 0
50 150 100 0
50 150 100 0
50 150 100 0
50 150 100 0
50 150 100 0
50 150 100 0
50 150 100 0
50 150 100 0
50 150 100 0
50 150 100 0
50 150 100 0
50 150 100 0
 118 136 118 0
 110 136 118 0
 108 131 112 0
 107 123 103 0
 110 129 109 0
 108 128 110 0
 95 116 100 0
 120 135 118 0
 106 131 116 0
 81 103 86 0
 94 115 98 0
 88 100 80 0
 79 95 83 0
 76 113 97 0
 61 84 71 0
 99 126 114 0
 92 97 95 0
 252 249 252 0
 249 208 249 0
 243 139 223 0
 97 102 93 0
 97 119 105 0
 75 98 85 0
 69 89 78 0
 72 100 88 0
 87 110 100 0
 73 89 80 0
 86 113 103 0
 79 112 103 0
 84 120 109 0
 75 112 103 0
 78 119 106 0
 80 121 108 0
 81 122 110 0
 82 123 111 0
 88 127 113 0
 115 135 121 0
 145 158 147 0
 115 138 124 0
 106 134 119 0
 95 130 115 0
 116 144 131 0
 121 145 131 0
50 150 100 0
50 150 100 0
50 150 100 0
50 150 100 0
50 150 100 0
50 150 100 0
50 150 100 0
50 150 100 0
50 150 100 0
50 150 100 0
50 150 100 0
50 150 100 0
50 150 100 0
50 150 100 0
50 150 100 0
50 150 100 0
50 150 100 0
 115 132 115 0
 116 137 119 0
 117 140 122 0
 109 125 105 0
 104 118 99 0
 105 125 107 0
 98 120 105 0
 97 119 102 0
 109 134 118 0
 84 108 88 0
 89 108 90 0
 99 113 93 0
 96 110 97 0
 73 112 96 0
 75 100 86 0
 85 114 99 0
 84 94 85 0
 251 249 252 0
 246 183 246 0
 244 135 226 0
 153 104 130 0
 88 110 96 0
 69 85 74 0
 78 99 87 0
 140 161 153 0
 62 85 74 0
 79 94 85 0
 85 116 105 0
 68 95 86 0
 88 124 114 0
 82 122 112 0
 72 111 97 0
 83 122 109 0
 78 117 105 0
 77 118 106 0
 93 124 111 0
 171 177 169 1
 191 196 187 1
 124 144 132 0
 103 131 118 0
 103 135 121 0
 113 138 125 0
 118 139 127 0
50 150 100 0
50 150 100 0
50 150 100 0
50 150 100 0
50 150 100 0
50 150 100 0
50 150 100 0
50 150 100 0
50 150 100 0
50 150 100 0
50 150 100 0
50 150 100 0
50 150 100 0
50 150 100 0
50 150 100 0
50 150 100 0
50 150 100 0
 16 20 15 0
 105 121 103 0
 111 131 113 0
 107 122 103 0
 102 115 97 0
 108 127 110 0
 109 131 113 0
 108 132 114 0
 101 124 108 0
 87 104 85 0
 100 118 100 0
 103 120 101 0
 82 100 87 0
 76 112 97 0
 69 97 82 0
 66 85 73 0
 104 107 114 0
 252 250 253 0
 247 198 248 0
 243 135 225 0
 92 102 93 0
 97 121 107 0
 74 92 80 0
 79 105 91 0
 68 93 82 0
 75 94 85 0
 79 92 84 0
 81 112 98 0
 83 116 106 0
 59 95 87 0
 71 109 97 0
 59 92 80 0
 89 128 115 0
 70 109 98 0
 76 116 104 0
 94 126 112 0
 139 154 143 1
 133 150 137 0
 160 179 170 0
 107 139 124 0
 112 138 126 0
 120 141 130 0
50 150 100 0
50 150 100 0
50 150 100 0
50 150 100 0
50 150 100 0
50 150 100 0
50 150 100 0
50 150 100 0
50 150 100 0
50 150 100 0
50 150 100 0
50 150 100 0
50 150 100 0
50 150 100 0
50 150 100 0
50 150 100 0
50 150 100 0
50 150 100 0
50 150 100 0
 110 125 108 0
 110 129 110 0
 106 124 105 0
 102 117 98 0
 102 121 105 0
 112 131 114 0
 109 133 113 0
 114 135 118 0
 101 121 100 0
 82 97 81 0
 104 120 105 0
 94 111 96 0
 74 104 89 0
 78 110 95 0
 73 98 82 0
 74 88 80 0
 250 248 252 0
 247 196 248 0
 243 134 225 0
 93 105 95 0
 78 99 86 0
 81 100 86 0
 66 81 72 0
 70 93 83 0
 64 81 74 0
 77 93 84 0
 76 103 91 0
 82 111 96 0
 79 115 105 0
 71 108 96 0
 81 120 106 0
 70 108 96 0
 75 114 102 0
 83 121 109 0
 96 123 111 0
 199 201 193 1
 139 154 143 0
 107 134 122 0
 112 142 128 0
 122 146 134 0
 129 150 138 0
50 150 100 0
50 150 100 0
50 150 100 0
50 150 100 0
50 150 100 0
50 150 100 0
50 150 100 0
50 150 100 0
50 150 100 0
50 150 100 0
50 150 100 0
50 150 100 0
50 150 100 0
50 150 100 0
50 150 100 0
50 150 100 0
50 150 100 0
50 150 100 0
50 150 100 0
 98 111 94 0
 115 132 111 0
 109 129 109 0
 96 113 95 0
 103 125 109 0
 81 99 85 0
 109 129 113 0
 110 131 113 0
 98 116 99 0
 103 118 104 0
 102 116 104 0
 87 102 90 0
 68 92 80 0
 73 105 89 0
 71 91 77 0
 101 110 113 0
 252 250 253 0
 247 199 248 0
 242 133 223 0
 91 86 87 0
 81 100 87 0
 75 93 80 0
 78 100 88 0
 61 78 70 0
 54 67 60 0
 64 82 74 0
 73 104 90 0
 79 110 95 0
 97 127 120 0
 74 108 98 0
 83 122 109 0
 61 94 82 0
 74 109 97 0
 79 111 100 0
 94 116 104 0
 144 151 140 1
 132 144 133 0
 113 135 125 0
 119 143 131 0
 123 145 133 0
50 150 100 0
50 150 100 0
50 150 100 0
50 150 100 0
50 150 100 0
50 150 100 0
50 150 100 0
50 150 100 0
50 150 100 0
50 150 100 0
50 150 100 0
50 150 100 0
50 150 100 0
50 150 100 0
50 150 100 0
50 150 100 0
50 150 100 0
50 150 100 0
50 150 100 0
50 150 100 0
50 150 100 0
 108 122 102 0
 110 130 110 0
 107 127 108 0
 104 127 108 0
 99 120 104 0
 109 129 112 0
 122 144 126 0
 118 137 119 0
 92 108 93 0
 89 101 90 0
 91 108 100 0
 65 86 78 0
 64 94 81 0
 88 110 96 0
 93 103 107 0
 250 249 251 0
 248 206 249 0
 243 134 226 0
 120 115 117 0
 85 103 90 0
 67 82 70 0
 76 93 81 0
 71 90 79 0
 62 80 70 0
 76 98 87 0
 78 112 97 0
 76 108 91 0
 75 106 96 0
 80 115 102 0
 68 101 88 0
 66 97 83 0
 74 104 92 0
 80 108 97 0
 104 119 106 0
 186 183 172 1
 133 144 134 0
 125 150 138 0
 119 141 129 0
 112 131 121 0
50 150 100 0
50 150 100 0
50 150 100 0
50 150 100 0
50 150 100 0
50 150 100 0
50 150 100 0
50 150 100 0
50 150 100 0
50 150 100 0
50 150 100 0
50 150 100 0
50 150 100 0
50 150 100 0
50 150 100 0
50 150 100 0
50 150 100 0
50 150 100 0
50 150 100 0
50 150 100 0
50 150 100 0
 80 93 77 0
 116 133 114 0
 110 134 115 0
 100 125 105 0
 84 105 88 0
 105 124 109 0
 107 128 111 0
 102 120 102 0
 83 93 82 0
 97 112 102 0
 79 96 86 0
 58 77 71 0
 71 100 91 0
 74 92 83 0
 92 106 105 0
 251 250 251 0
 253 235 253 0
 245 133 227 0
 103 111 104 0
 75 91 79 0
 67 82 70 0
 73 88 78 0
 65 82 71 0
 71 94 83 0
 81 113 99 0
 68 99 81 0
 56 88 70 0
 74 105 93 0
 75 106 92 0
 63 90 78 0
 69 97 84 0
 73 100 88 0
 84 106 95 0
 105 119 106 0
 159 158 147 1
 127 146 134 0
 116 140 128 0
 125 145 134 0
50 150 100 0
50 150 100 0
50 150 100 0
50 150 100 0
50 150 100 0
50 150 100 0
50 150 100 0
50 150 100 0
50 150 100 0
50 150 100 0
50 150 100 0
50 150 100 0
50 150 100 0
50 150 100 0
50 150 100 0
50 150 100 0
50 150 100 0
50 150 100 0
50 150 100 0
50 150 100 0
50 150 100 0
50 150 100 0
50 150 100 0
 112 130 113 0
 108 130 112 0
 109 131 112 0
 103 125 104 0
 109 129 113 0
 110 134 117 0
 107 129 112 0
 101 117 99 0
 99 114 103 0
 75 91 81 0
 70 92 84 0
 67 89 84 0
 65 81 73 0
 83 103 96 0
 252 251 253 0
 250 215 251 0
 243 137 229 0
 93 90 91 0
 72 87 75 0
 68 83 72 0
 53 66 56 0
 74 92 80 0
 76 104 90 0
 75 108 92 0
 70 100 81 0
 71 101 84 0
 73 100 88 0
 73 102 89 0
 75 103 88 0
 75 102 89 0
 71 97 85 0
 87 108 95 0
 115 124 112 0
 147 153 144 1
 122 146 134 0
 119 142 129 0
 123 144 132 0
50 150 100 0
50 150 100 0
50 150 100 0
50 150 100 0
50 150 100 0
50 150 100 0
50 150 100 0
50 150 100 0
50 150 100 0
50 150 100 0
50 150 100 0
50 150 100 0
50 150 100 0
50 150 100 0
50 150 100 0
50 150 100 0
50 150 100 0
50 150 100 0
50 150 100 0
50 150 100 0
50 150 100 0
50 150 100 0
50 150 100 0
 112 129 113 0
 110 130 111 0
 107 126 108 0
 94 113 96 0
 78 94 77 0
 102 130 114 0
 93 115 97 0
 113 131 113 0
 91 107 94 0
 62 80 72 0
 78 104 95 0
 83 106 100 0
 65 79 75 0
 142 147 153 0
 250 248 251 0
 254 249 254 0
 246 133 227 0
 0 0 0 0
 67 79 69 0
 77 94 81 0
 67 81 69 0
 76 99 86 0
 64 85 71 0
 63 85 70 0
 70 96 79 0
 67 93 79 0
 63 87 75 0
 81 106 96 0
 73 100 85 0
 70 95 82 0
 80 104 92 0
 101 120 107 0
 132 144 134 0
 142 159 149 1
 118 142 128 0
 119 140 128 0
50 150 100 0
50 150 100 0
50 150 100 0
50 150 100 0
50 150 100 0
50 150 100 0
50 150 100 0
50 150 100 0
50 150 100 0
50 150 100 0
50 150 100 0
50 150 100 0
50 150 100 0
50 150 100 0
50 150 100 0
50 150 100 0
50 150 100 0
50 150 100 0
50 150 100 0
50 150 100 0
50 150 100 0
50 150 100 0
50 150 100 0
50 150 100 0
50 150 100 0
 106 125 105 0
 104 120 101 0
 79 96 79 0
 105 124 110 0
 106 136 120 0
 89 114 97 0
 92 109 92 0
 83 102 91 0
 60 79 72 0
 76 104 92 0
 78 100 92 0
 79 100 94 0
 112 129 124 0
 185 173 180 1
 253 248 253 0
 245 180 245 0
 0 0 0 0
 90 81 86 0
 67 81 68 0
 58 71 57 0
 70 88 73 0
 64 81 68 0
 68 89 74 0
 60 82 70 0
 67 91 78 0
 63 85 76 0
 69 93 80 0
 73 100 86 0
 77 105 92 0
 86 114 103 0
 95 123 111 0
 126 143 132 0
 171 178 172 1
 118 139 126 0
 124 144 133 0
50 150 100 0
50 150 100 0
50 150 100 0
50 150 100 0
50 150 100 0
50 150 100 0
50 150 100 0
50 150 100 0
50 150 100 0
50 150 100 0
50 150 100 0
50 150 100 0
50 150 100 0
50 150 100 0
50 150 100 0
50 150 100 0
50 150 100 0
50 150 100 0
50 150 100 0
50 150 100 0
50 150 100 0
50 150 100 0
50 150 100 0
50 150 100 0
50 150 100 0
 87 106 84 0
 111 130 110 0
 105 120 100 0
 105 118 103 0
 104 129 114 0
 79 105 91 0
 90 115 95 0
 70 86 73 0
 65 92 79 0
 66 93 79 0
 69 88 80 0
 86 108 102 0
 148 148 149 1
 154 138 155 0
 251 248 252 0
 246 133 227 0
 91 43 62 0
 61 67 59 0
 65 77 61 0
 69 81 61 0
 65 80 66 0
 65 78 67 0
 78 94 79 0
 71 92 78 0
 61 84 72 0
 63 82 75 0
 96 117 113 0
 77 107 93 0
 69 100 88 0
 83 116 105 0
 88 118 108 0
 123 143 131 0
 120 137 126 0
 131 149 143 0
50 150 100 0
50 150 100 0
50 150 100 0
50 150 100 0
50 150 100 0
50 150 100 0
50 150 100 0
50 150 100 0
50 150 100 0
50 150 100 0
50 150 100 0
50 150 100 0
50 150 100 0
50 150 100 0
50 150 100 0
50 150 100 0
50 150 100 0
50 150 100 0
50 150 100 0
50 150 100 0
50 150 100 0
50 150 100 0
50 150 100 0
50 150 100 0
50 150 100 0
50 150 100 0
50 150 100 0
 93 111 89 0
 111 123 105 0
 87 100 82 0
 106 129 116 0
 102 128 112 0
 87 114 94 0
 60 76 64 0
 64 95 79 0
 58 78 68 0
 89 109 102 0
 84 111 102 0
 96 94 92 0
 121 112 128 0
 249 205 250 0
 248 140 238 0
 242 128 208 0
 60 59 52 0
 59 70 52 0
 58 69 55 0
 59 73 59 0
 69 82 70 0
 87 100 85 0
 79 100 89 0
 61 78 71 0
 92 122 119 0
 82 112 101 0
 70 103 89 0
 73 104 92 0
 78 112 101 0
 110 138 126 0
 177 178 171 1
 116 132 121 0
 125 143 139 0
50 150 100 0
50 150 100 0
50 150 100 0
50 150 100 0
50 150 100 0
50 150 100 0
50 150 100 0
50 150 100 0
50 150 100 0
50 150 100 0
50 150 100 0
50 150 100 0
50 150 100 0
50 150 100 0
50 150 100 0
50 150 100 0
50 150 100 0
50 150 100 0
50 150 100 0
50 150 100 0
50 150 100 0
50 150 100 0
50 150 100 0
50 150 100 0
50 150 100 0
50 150 100 0
50 150 100 0
 54 65 53 0
 84 96 80 0
 79 90 75 0
 103 124 113 0
 92 118 106 0
 85 108 91 0
 57 72 60 0
 62 84 71 0
 66 98 83 0
 76 100 91 0
 79 97 92 0
 159 143 144 1
 130 128 137 0
 252 249 253 0
 248 149 241 0
 212 110 171 0
 56 58 47 0
 54 62 46 0
 67 79 59 0
 54 67 55 0
 80 92 80 0
 88 103 91 0
 77 112 95 0
 66 91 79 0
 81 116 111 0
 71 104 95 0
 75 110 95 0
 86 118 107 0
 74 107 97 0
 109 138 125 0
 158 163 155 1
 109 124 121 0
50 150 100 0
50 150 100 0
50 150 100 0
50 150 100 0
50 150 100 0
50 150 100 0
50 150 100 0
50 150 100 0
50 150 100 0
50 150 100 0
50 150 100 0
50 150 100 0
50 150 100 0
50 150 100 0
50 150 100 0
50 150 100 0
50 150 100 0
50 150 100 0
50 150 100 0
50 150 100 0
50 150 100 0
50 150 100 0
50 150 100 0
50 150 100 0
50 150 100 0
50 150 100 0
50 150 100 0
50 150 100 0
50 150 100 0
 96 110 93 0
 100 113 96 0
 102 121 107 0
 77 99 90 0
 87 113 101 0
 78 101 82 0
 70 94 80 0
 52 82 71 0
 69 88 81 0
 96 100 97 0
 161 144 143 1
 134 124 139 0
 253 244 253 0
 249 129 229 0
 126 29 82 0
 68 49 48 0
 68 77 59 0
 64 75 56 0
 62 78 63 0
 77 99 88 0
 89 112 103 0
 71 107 93 0
 60 86 75 0
 62 93 84 0
 67 104 93 0
 71 103 89 0
 71 103 91 0
 84 118 107 0
 113 131 120 0
 190 192 192 1
 112 127 124 0
50 150 100 0
50 150 100 0
50 150 100 0
50 150 100 0
50 150 100 0
50 150 100 0
50 150 100 0
50 150 100 0
50 150 100 0
50 150 100 0
50 150 100 0
50 150 100 0
50 150 100 0
50 150 100 0
50 150 100 0
50 150 100 0
50 150 100 0
50 150 100 0
50 150 100 0
50 150 100 0
50 150 100 0
50 150 100 0
50 150 100 0
50 150 100 0
50 150 100 0
50 150 100 0
50 150 100 0
50 150 100 0
50 150 100 0
 94 108 87 0
 103 119 101 0
 97 120 103 0
 71 89 77 0
 83 115 98 0
 55 75 61 0
 61 80 71 0
 74 105 96 0
 61 77 70 0
 96 112 105 1
 122 123 120 0
 88 82 99 0
 253 247 253 0
 248 132 237 0
 220 83 166 0
 93 50 67 0
 60 67 53 0
 62 73 61 0
 77 103 90 0
 82 110 102 0
 65 92 85 0
 82 112 105 0
 65 89 82 0
 65 98 89 0
 67 103 90 0
 85 119 114 0
 94 127 123 0
 77 109 97 0
 171 172 173 1
 104 120 114 0
50 150 100 0
50 150 100 0
50 150 100 0
50 150 100 0
50 150 100 0
50 150 100 0
50 150 100 0
50 150 100 0
50 150 100 0
50 150 100 0
50 150 100 0
50 150 100 0
50 150 100 0
50 150 100 0
50 150 100 0
50 150 100 0
50 150 100 0
50 150 100 0
50 150 100 0
50 150 100 0
50 150 100 0
50 150 100 0
50 150 100 0
50 150 100 0
50 150 100 0
50 150 100 0
50 150 100 0
50 150 100 0
50 150 100 0
50 150 100 0
50 150 100 0
 98 118 98 0
 86 108 89 0
 117 137 120 0
 81 109 91 0
 59 79 68 0
 74 99 87 0
 69 86 85 0
 81 107 99 0
 107 116 108 0
 79 84 82 0
 97 100 113 0
 247 233 249 0
 238 188 242 0
 228 124 193 0
 71 71 60 0
 64 75 65 0
 77 104 95 0
 59 85 73 0
 67 95 88 0
 62 85 80 0
 65 88 84 0
 55 74 74 0
 66 96 89 0
 64 98 85 0
 68 100 96 0
 90 124 123 0
 110 123 113 0
 186 176 178 1
 104 118 113 0
50 150 100 0
50 150 100 0
50 150 100 0
50 150 100 0
50 150 100 0
50 150 100 0
50 150 100 0
50 150 100 0
50 150 100 0
50 150 100 0
50 150 100 0
50 150 100 0
50 150 100 0
50 150 100 0
50 150 100 0
50 150 100 0
50 150 100 0
50 150 100 0
50 150 100 0
50 150 100 0
50 150 100 0
50 150 100 0
50 150 100 0
50 150 100 0
50 150 100 0
50 150 100 0
50 150 100 0
50 150 100 0
50 150 100 0
50 150 100 0
50 150 100 0
 96 119 101 0
 102 127 107 0
 78 99 80 0
 60 79 62 0
 87 116 98 0
 66 86 73 0
 82 106 97 0
 75 88 85 0
 142 137 131 1
 58 67 65 0
 76 84 87 0
 179 135 199 0
 240 118 224 0
 107 61 103 0
 82 92 79 0
 78 102 94 0
 60 83 75 0
 57 79 71 0
 63 81 79 0
 74 106 97 0
 58 82 77 0
 78 107 105 0
 63 90 82 0
 67 99 89 0
 83 119 117 0
 78 109 99 0
 128 138 130 0
 116 129 123 0
50 150 100 0
50 150 100 0
50 150 100 0
50 150 100 0
50 150 100 0
50 150 100 0
50 150 100 0
50 150 100 0
50 150 100 0
50 150 100 0
50 150 100 0
50 150 100 0
50 150 100 0
50 150 100 0
50 150 100 0
50 150 100 0
50 150 100 0
50 150 100 0
50 150 100 0
50 150 100 0
50 150 100 0
50 150 100 0
50 150 100 0
50 150 100 0
50 150 100 0
50 150 100 0
50 150 100 0
50 150 100 0
50 150 100 0
50 150 100 0
50 150 100 0
50 150 100 0
 47 57 42 0
 94 114 95 0
 82 116 95 0
 85 109 89 0
 72 95 78 0
 54 74 62 0
 77 101 92 0
 111 115 107 1
 70 79 72 0
 77 89 83 0
 79 94 95 0
 101 108 120 0
 79 83 94 0
 73 76 78 0
 90 116 103 0
 59 74 62 0
 55 73 64 0
 67 86 79 0
 82 110 104 0
 65 101 90 0
 72 104 99 0
 60 81 78 0
 76 107 97 0
 74 107 99 0
 75 110 108 0
 96 121 112 0
 197 184 184 1
 121 133 126 0
50 150 100 0
50 150 100 0
50 150 100 0
50 150 100 0
50 150 100 0
50 150 100 0
50 150 100 0
50 150 100 0
50 150 100 0
50 150 100 0
50 150 100 0
50 150 100 0
50 150 100 0
50 150 100 0
50 150 100 0
50 150 100 0
50 150 100 0
50 150 100 0
50 150 100 0
50 150 100 0
50 150 100 0
50 150 100 0
50 150 100 0
50 150 100 0
50 150 100 0
50 150 100 0
50 150 100 0
50 150 100 0
50 150 100 0
50 150 100 0
50 150 100 0
50 150 100 0
50 150 100 0
 80 92 78 0
 58 84 63 0
 62 82 63 0
 101 127 107 0
 67 90 75 0
 69 89 80 0
 157 146 139 1
 81 90 81 0
 60 72 70 0
 65 81 80 0
 84 99 104 0
 78 92 90 0
 86 96 94 0
 51 67 54 0
 66 89 78 0
 59 77 68 0
 75 98 88 0
 64 86 80 0
 64 101 91 0
 56 85 78 0
 62 81 77 0
 72 103 96 0
 67 94 90 0
 69 105 102 0
 89 113 104 0
 157 152 150 1
 0 0 0 0
50 150 100 0
50 150 100 0
50 150 100 0
50 150 100 0
50 150 100 0
50 150 100 0
50 150 100 0
50 150 100 0
50 150 100 0
50 150 100 0
50 150 100 0
50 150 100 0
50 150 100 0
50 150 100 0
50 150 100 0
50 150 100 0
50 150 100 0
50 150 100 0
50 150 100 0
50 150 100 0
50 150 100 0
50 150 100 0
50 150 100 0
50 150 100 0
50 150 100 0
50 150 100 0
50 150 100 0
50 150 100 0
50 150 100 0
50 150 100 0
50 150 100 0
50 150 100 0
50 150 100 0
 79 99 86 0
 64 87 72 0
 88 111 90 0
 57 80 61 0
 65 88 74 0
 95 112 102 0
 106 99 89 0
 61 76 67 0
 73 90 84 0
 88 107 105 0
 60 76 75 0
 70 86 82 0
 90 109 101 0
 63 89 73 0
 62 85 73 0
 77 109 98 0
 61 84 74 0
 76 104 96 0
 61 94 85 0
 64 98 90 0
 65 93 86 0
 62 87 82 0
 69 101 94 0
 76 114 105 0
 209 197 204 1
 105 114 111 0
50 150 100 0
50 150 100 0
50 150 100 0
50 150 100 0
50 150 100 0
50 150 100 0
50 150 100 0
50 150 100 0
50 150 100 0
50 150 100 0
50 150 100 0
50 150 100 0
50 150 100 0
50 150 100 0
50 150 100 0
50 150 100 0
50 150 100 0
50 150 100 0
50 150 100 0
50 150 100 0
50 150 100 0
50 150 100 0
50 150 100 0
50 150 100 0
50 150 100 0
50 150 100 0
50 150 100 0
50 150 100 0
50 150 100 0
50 150 100 0
50 150 100 0
50 150 100 0
50 150 100 0
50 150 100 0
50 150 100 0
 75 107 88 0
 66 81 63 0
 80 107 88 0
 68 94 77 0
 106 120 106 0
 150 142 134 1
 75 79 73 0
 59 72 68 0
 74 95 90 0
 66 84 80 0
 58 71 70 0
 76 101 90 0
 51 67 55 0
 61 85 78 0
 81 113 110 0
 65 94 84 0
 71 105 97 0
 53 80 74 0
 58 89 84 0
 61 88 82 0
 63 93 84 0
 71 107 96 0
 110 132 124 0
 177 164 170 1
 0 0 0 0
50 150 100 0
50 150 100 0
50 150 100 0
50 150 100 0
50 150 100 0
50 150 100 0
50 150 100 0
50 150 100 0
50 150 100 0
50 150 100 0
50 150 100 0
50 150 100 0
50 150 100 0
50 150 100 0
50 150 100 0
50 150 100 0
50 150 100 0
50 150 100 0
50 150 100 0
50 150 100 0
50 150 100 0
50 150 100 0
50 150 100 0
50 150 100 0
50 150 100 0
50 150 100 0
50 150 100 0
50 150 100 0
50 150 100 0
50 150 100 0
50 150 100 0
50 150 100 0
50 150 100 0
50 150 100 0
50 150 100 0
 57 77 66 0
 76 107 88 0
 65 83 68 0
 51 72 55 0
 209 172 166 1
 102 110 101 0
 66 73 71 0
 83 99 95 0
 55 66 63 0
 65 82 81 0
 87 109 106 0
 55 81 70 0
 45 60 53 0
 56 68 62 0
 60 81 81 0
 53 77 72 0
 56 85 78 0
 60 81 78 0
 65 93 94 0
 54 76 74 0
 66 99 89 0
 76 107 98 0
 162 159 158 1
 114 120 115 0
50 150 100 0
50 150 100 0
50 150 100 0
50 150 100 0
50 150 100 0
50 150 100 0
50 150 100 0
50 150 100 0
50 150 100 0
50 150 100 0
50 150 100 0
50 150 100 0
50 150 100 0
50 150 100 0
50 150 100 0
50 150 100 0
50 150 100 0
50 150 100 0
50 150 100 0
50 150 100 0
50 150 100 0
50 150 100 0
50 150 100 0
50 150 100 0
50 150 100 0
50 150 100 0
50 150 100 0
50 150 100 0
50 150 100 0
50 150 100 0
50 150 100 0
50 150 100 0
50 150 100 0
50 150 100 0
50 150 100 0
50 150 100 0
50 150 100 0
 79 105 91 0
 80 114 98 0
 72 101 82 0
 141 125 114 1
 97 105 90 0
 73 90 84 0
 55 65 60 0
 68 80 76 0
 78 87 83 0
 72 96 92 0
 54 71 65 0
 67 81 76 0
 54 65 64 0
 43 75 71 0
 60 95 88 0
 69 95 91 0
 63 82 85 0
 69 93 93 0
 57 82 75 0
 63 89 83 0
 113 127 118 0
 118 120 114 0
 78 86 81 0
50 150 100 0
50 150 100 0
50 150 100 0
50 150 100 0
50 150 100 0
50 150 100 0
50 150 100 0
50 150 100 0
50 150 100 0
50 150 100 0
50 150 100 0
50 150 100 0
50 150 100 0
50 150 100 0
50 150 100 0
50 150 100 0
50 150 100 0
50 150 100 0
50 150 100 0
50 150 100 0
50 150 100 0
50 150 100 0
50 150 100 0
50 150 100 0
50 150 100 0
50 150 100 0
50 150 100 0
50 150 100 0
50 150 100 0
50 150 100 0
50 150 100 0
50 150 100 0
50 150 100 0
50 150 100 0
50 150 100 0
50 150 100 0
50 150 100 0
 59 82 67 0
 78 106 90 0
 112 122 107 1
 84 87 74 0
 63 83 72 0
 70 99 91 0
 54 68 61 0
 68 77 72 0
 79 101 101 0
 61 81 77 0
 46 66 58 0
 76 102 97 0
 77 96 96 0
 78 101 104 0
 56 81 77 0
 58 77 74 0
 77 105 105 0
 74 113 110 0
 68 99 88 0
 67 87 79 0
 166 159 155 1
 114 124 116 0
50 150 100 0
50 150 100 0
50 150 100 0
50 150 100 0
50 150 100 0
50 150 100 0
50 150 100 0
50 150 100 0
50 150 100 0
50 150 100 0
50 150 100 0
50 150 100 0
50 150 100 0
50 150 100 0
50 150 100 0
50 150 100 0
50 150 100 0
50 150 100 0
50 150 100 0
50 150 100 0
50 150 100 0
50 150 100 0
50 150 100 0
50 150 100 0
50 150 100 0
50 150 100 0
50 150 100 0
50 150 100 0
50 150 100 0
50 150 100 0
50 150 100 0
50 150 100 0
50 150 100 0
50 150 100 0
50 150 100 0
50 150 100 0
50 150 100 0
50 150 100 0
50 150 100 0
 90 110 97 0
 153 140 129 1
 108 114 100 0
 55 69 61 0
 64 92 83 0
 41 68 55 0
 55 57 57 0
 80 93 92 0
 66 82 77 0
 59 88 79 0
 65 76 70 0
 57 70 67 0
 50 67 69 0
 53 76 71 0
 72 100 93 0
 74 110 106 0
 56 84 80 0
 65 99 83 0
 102 118 105 0
 137 139 132 1
 97 115 105 0
50 150 100 0
50 150 100 0
50 150 100 0
50 150 100 0
50 150 100 0
50 150 100 0
50 150 100 0
50 150 100 0
50 150 100 0
50 150 100 0
50 150 100 0
50 150 100 0
50 150 100 0
50 150 100 0
50 150 100 0
50 150 100 0
50 150 100 0
50 150 100 0
50 150 100 0
50 150 100 0
50 150 100 0
50 150 100 0
50 150 100 0
50 150 100 0
50 150 100 0
50 150 100 0
50 150 100 0
50 150 100 0
50 150 100 0
50 150 100 0
50 150 100 0
50 150 100 0
50 150 100 0
50 150 100 0
50 150 100 0
50 150 100 0
50 150 100 0
50 150 100 0
50 150 100 0
 68 75 66 0
 137 129 121 1
 73 92 79 0
 54 64 60 0
 61 85 78 0
 57 67 60 0
 76 83 78 0
 75 92 86 0
 60 77 67 0
 69 103 100 0
 54 76 64 0
 52 66 61 0
 67 78 79 0
 48 64 66 0
 48 78 73 0
 49 67 62 0
 51 81 70 0
 61 95 78 0
 176 164 160 1
 105 116 108 0
50 150 100 0
50 150 100 0
50 150 100 0
50 150 100 0
50 150 100 0
50 150 100 0
50 150 100 0
50 150 100 0
50 150 100 0
50 150 100 0
50 150 100 0
50 150 100 0
50 150 100 0
50 150 100 0
50 150 100 0
50 150 100 0
50 150 100 0
50 150 100 0
50 150 100 0
50 150 100 0
50 150 100 0
50 150 100 0
50 150 100 0
50 150 100 0
50 150 100 0
50 150 100 0
50 150 100 0
50 150 100 0
50 150 100 0
50 150 100 0
50 150 100 0
50 150 100 0
50 150 100 0
50 150 100 0
50 150 100 0
50 150 100 0
50 150 100 0
50 150 100 0
50 150 100 0
50 150 100 0
50 150 100 0
 144 133 123 1
 86 93 83 0
 55 69 62 0
 74 100 94 0
 49 59 55 0
 79 92 86 0
 56 67 61 0
 60 81 72 0
 46 71 64 0
 62 89 80 0
 57 70 67 0
 67 93 93 0
 52 69 65 0
 63 92 92 0
 44 61 57 0
 55 85 71 0
 100 107 99 0
 135 134 132 1
 70 77 73 0
50 150 100 0
50 150 100 0
50 150 100 0
50 150 100 0
50 150 100 0
50 150 100 0
50 150 100 0
50 150 100 0
50 150 100 0
50 150 100 0
50 150 100 0
50 150 100 0
50 150 100 0
50 150 100 0
50 150 100 0
50 150 100 0
50 150 100 0
50 150 100 0
50 150 100 0
50 150 100 0
50 150 100 0
50 150 100 0
50 150 100 0
50 150 100 0
50 150 100 0
50 150 100 0
50 150 100 0
50 150 100 0
50 150 100 0
50 150 100 0
50 150 100 0
50 150 100 0
50 150 100 0
50 150 100 0
50 150 100 0
50 150 100 0
50 150 100 0
50 150 100 0
50 150 100 0
50 150 100 0
50 150 100 0
 124 108 99 1
 88 95 86 0
 76 95 91 0
 56 77 73 0
 51 59 56 0
 72 83 77 0
 73 83 77 0
 38 57 50 0
 54 77 70 0
 51 61 57 0
 73 100 96 0
 45 61 57 0
 57 75 71 0
 48 69 63 0
 59 81 77 0
 51 81 72 0
 161 149 148 1
 106 116 110 0
50 150 100 0
50 150 100 0
50 150 100 0
50 150 100 0
50 150 100 0
50 150 100 0
50 150 100 0
50 150 100 0
50 150 100 0
50 150 100 0
50 150 100 0
50 150 100 0
50 150 100 0
50 150 100 0
50 150 100 0
50 150 100 0
50 150 100 0
50 150 100 0
50 150 100 0
50 150 100 0
50 150 100 0
50 150 100 0
50 150 100 0
50 150 100 0
50 150 100 0
50 150 100 0
50 150 100 0
50 150 100 0
50 150 100 0
50 150 100 0
50 150 100 0
50 150 100 0
50 150 100 0
50 150 100 0
50 150 100 0
50 150 100 0
50 150 100 0
50 150 100 0
50 150 100 0
50 150 100 0
50 150 100 0
50 150 100 0
50 150 100 0
 61 74 69 0
 118 130 136 0
 52 62 58 0
 75 90 79 0
 66 74 66 0
 48 60 54 0
 37 56 49 0
 57 75 71 0
 66 92 83 0
 56 75 69 0
 58 75 72 0
 63 87 84 0
 55 77 69 0
 46 62 56 0
 69 94 85 0
 142 132 129 1
 89 95 96 0
50 150 100 0
50 150 100 0
50 150 100 0
50 150 100 0
50 150 100 0
50 150 100 0
50 150 100 0
50 150 100 0
50 150 100 0
50 150 100 0
50 150 100 0
50 150 100 0
50 150 100 0
50 150 100 0
50 150 100 0
50 150 100 0
50 150 100 0
50 150 100 0
50 150 100 0
50 150 100 0
50 150 100 0
50 150 100 0
50 150 100 0
50 150 100 0
50 150 100 0
50 150 100 0
50 150 100 0
50 150 100 0
50 150 100 0
50 150 100 0
50 150 100 0
50 150 100 0
50 150 100 0
50 150 100 0
50 150 100 0
50 150 100 0
50 150 100 0
50 150 100 0
50 150 100 0
50 150 100 0
50 150 100 0
50 150 100 0
50 150 100 0
 51 62 58 0
 70 92 87 0
 38 45 39 0
 61 74 63 0
 72 89 81 0
 69 81 78 0
 48 59 58 0
 49 66 63 0
 35 53 46 0
 54 72 66 0
 47 59 55 0
 43 62 56 0
 61 85 83 0
 60 75 71 0
 123 121 117 1
 80 84 83 0
50 150 100 0
50 150 100 0
50 150 100 0
50 150 100 0
50 150 100 0
50 150 100 0
50 150 100 0
50 150 100 0
50 150 100 0
50 150 100 0
50 150 100 0
50 150 100 0
50 150 100 0
50 150 100 0
50 150 100 0
50 150 100 0
50 150 100 0
50 150 100 0
50 150 100 0
50 150 100 0
50 150 100 0
50 150 100 0
50 150 100 0
50 150 100 0
50 150 100 0
50 150 100 0
50 150 100 0
50 150 100 0
50 150 100 0
50 150 100 0
50 150 100 0
50 150 100 0
50 150 100 0
50 150 100 0
50 150 100 0
50 150 100 0
50 150 100 0
50 150 100 0
50 150 100 0
50 150 100 0
50 150 100 0
50 150 100 0
50 150 100 0
50 150 100 0
 12 16 13 0
 81 99 89 0
 56 70 59 0
 78 93 82 0
 49 57 53 0
 46 62 57 0
 67 89 82 0
 38 50 47 0
 46 64 57 0
 38 52 44 0
 60 74 69 0
 57 82 72 0
 51 62 59 0
 88 108 104 0
 114 105 101 1
 83 88 85 0
50 150 100 0
50 150 100 0
50 150 100 0
50 150 100 0
50 150 100 0
50 150 100 0
50 150 100 0
50 150 100 0
50 150 100 0
50 150 100 0
50 150 100 0
50 150 100 0
50 150 100 0
50 150 100 0
50 150 100 0
50 150 100 0
50 150 100 0
50 150 100 0
50 150 100 0
50 150 100 0
50 150 100 0
50 150 100 0
50 150 100 0
50 150 100 0
50 150 100 0
50 150 100 0
50 150 100 0
50 150 100 0
50 150 100 0
50 150 100 0
50 150 100 0
50 150 100 0
50 150 100 0
50 150 100 0
50 150 100 0
50 150 100 0
50 150 100 0
50 150 100 0
50 150 100 0
50 150 100 0
50 150 100 0
50 150 100 0
50 150 100 0
50 150 100 0
50 150 100 0
 58 70 63 0
 53 59 52 0
 63 75 66 0
 71 85 79 0
 51 63 59 0
 55 74 65 0
 70 83 85 0
 52 62 61 0
 45 53 49 0
 44 58 54 0
 58 80 72 0
 50 59 54 0
 63 79 73 0
 127 131 128 0
 133 138 140 0
50 150 100 0
50 150 100 0
50 150 100 0
50 150 100 0
50 150 100 0
50 150 100 0
50 150 100 0
50 150 100 0
50 150 100 0
50 150 100 0
50 150 100 0
50 150 100 0
50 150 100 0
50 150 100 0
50 150 100 0
50 150 100 0
50 150 100 0
50 150 100 0
50 150 100 0
50 150 100 0
50 150 100 0
50 150 100 0
50 150 100 0
50 150 100 0
50 150 100 0
50 150 100 0
50 150 100 0
50 150 100 0
50 150 100 0
50 150 100 0
50 150 100 0
50 150 100 0
50 150 100 0
50 150 100 0
50 150 100 0
50 150 100 0
50 150 100 0
50 150 100 0
50 150 100 0
50 150 100 0
50 150 100 0
50 150 100 0
50 150 100 0
50 150 100 0
50 150 100 0
50 150 100 0
50 150 100 0
50 150 100 0
50 150 100 0
50 150 100 0
50 150 100 0
50 150 100 0
50 150 100 0
50 150 100 0
50 150 100 0
50 150 100 0
50 150 100 0
50 150 100 0
50 150 100 0
50 150 100 0
50 150 100 0
50 150 100 0
50 150 100 0
50 150 100 0
50 150 100 0
50 150 100 0
50 150 100 0
50 150 100 0
50 150 100 0
50 150 100 0
50 150 100 0
50 150 100 0
50 150 100 0
50 150 100 0
50 150 100 0
50 150 100 0
50 150 100 0
50 150 100 0
50 150 100 0
50 150 100 0
50 150 100 0
50 150 100 0
50 150 100 0
50 150 100 0
50 150 100 0
50 150 100 0
50 150 100 0
50 150 100 0
50 150 100 0
50 150 100 0
50 150 100 0
50 150 100 0
50 150 100 0
50 150 100 0
50 150 100 0
50 150 100 0
50 150 100 0
50 150 100 0
50 150 100 0
50 150 100 0
50 150 100 0
50 150 100 0
50 150 100 0
50 150 100 0
50 150 100 0
50 150 100 0
50 150 100 0
50 150 100 0
50 150 100 0
50 150 100 0
50 150 100 0
50 150 100 0
50 150 100 0
50 150 100 0
50 150 100 0
50 150 100 0
50 150 100 0
50 150 100 0
50 150 100 0
50 150 100 0
50 150 100 0
50 150 100 0
50 150 100 0
50 150 100 0
50 150 100 0
50 150 100 0
50 150 100 0
50 150 100 0
50 150 100 0
50 150 100 0
50 150 100 0
50 150 100 0
50 150 100 0
50 150 100 0
50 150 100 0
50 150 100 0
50 150 100 0
50 150 100 0
50 150 100 0
50 150 100 0
50 150 100 0
50 150 100 0
50 150 100 0
50 150 100 0
50 150 100 0
50 150 100 0
50 150 100 0
50 150 100 0
50 150 100 0
50 150 100 0
50 150 100 0
50 150 100 0
50 150 100 0
50 150 100 0
50 150 100 0
50 150 100 0
50 150 100 0
50 150 100 0
50 150 100 0
50 150 100 0
50 150 100 0
50 150 100 0
50 150 100 0
50 150 100 0
50 150 100 0
50 150 100 0
50 150 100 0
50 150 100 0
50 150 100 0
50 150 100 0
50 150 100 0
50 150 100 0
50 150 100 0
50 150 100 0
50 150 100 0
50 150 100 0
50 150 100 0
50 150 100 0
50 150 100 0
50 150 100 0
50 150 100 0
50 150 100 0
50 150 100 0
50 150 100 0
50 150 100 0
50 150 100 0
50 150 100 0
50 150 100 0
50 150 100 0
50 150 100 0
50 150 100 0
50 150 100 0
50 150 100 0
50 150 100 0
50 150 100 0
50 150 100 0
50 150 100 0
50 150 100 0
50 150 100 0
50 150 100 0
50 150 100 0
50 150 100 0

