 105 127 115 0
 125 149 135 0
 129 154 137 0
 120 144 123 0
 121 137 114 0
 116 132 112 0
 131 154 133 0
 133 158 135 0
 127 153 130 0
 121 153 129 0
 122 153 128 0
 121 145 121 0
 124 143 121 0
 119 135 115 0
 124 143 124 0
 114 129 111 0
 115 130 112 0
 119 135 118 0
 120 137 118 0
 118 137 118 0
 122 142 123 0
 120 138 120 0
 111 124 106 0
 113 126 109 0
 113 125 107 0
 122 128 112 0
 98 114 101 0
 95 121 107 0
 91 111 94 0
 103 122 106 0
 94 106 92 0
 104 109 102 0
 251 251 251 0
 253 238 253 0
 245 165 245 0
 242 138 229 0
 115 124 117 0
 119 138 127 0
 89 112 100 0
 81 109 96 0
 80 107 94 0
 83 119 103 0
 86 114 101 0
 83 103 92 0
 102 126 116 0
 86 113 104 0
 97 127 119 0
 100 134 123 0
 87 123 111 0
 76 114 103 0
 85 125 110 0
 88 128 113 0
 86 120 107 0
 98 135 120 0
 96 132 119 0
 100 139 124 0
 98 139 122 0
 115 140 124 0
 185 188 177 1
 148 156 145 0
 103 123 109 0
 125 150 137 0
 120 143 128 0
 124 147 128 0
 121 138 116 0
 113 125 105 0
 134 153 133 0
 129 155 132 0
 132 156 133 0
 123 152 128 0
 123 155 130 0
 122 147 122 0
 120 139 117 0
 119 134 113 0
 125 144 125 0
 116 134 115 0
 108 123 106 0
 119 136 119 0
 118 134 116 0
 117 136 117 0
 122 142 123 0
 126 143 126 0
 114 127 110 0
 91 101 86 0
 110 122 105 0
 120 128 112 0
 97 115 100 0
 99 126 111 0
 87 108 89 0
 84 99 85 0
 104 113 101 0
 114 116 114 0
 250 250 251 0
 254 252 254 0
 245 157 244 0
 244 138 231 0
 155 110 134 0
 112 128 118 0
 87 108 96 0
 75 100 88 0
 83 110 96 0
 80 113 98 0
 154 179 168 0
 85 105 94 0
 96 121 112 0
 97 125 116 0
 100 131 122 0
 97 131 120 0
 92 128 117 0
 82 119 108 0
 90 131 116 0
 84 121 106 0
 113 144 134 0
 93 130 117 0
 94 132 118 0
 100 141 125 0
 99 138 122 0
 117 141 125 0
 174 180 168 1
 144 156 145 0
 101 122 108 0
 126 151 139 0
 115 141 126 0
 123 144 127 0
 113 132 112 0
 118 132 111 0
 136 153 134 0
 133 159 136 0
 129 155 131 0
 129 154 131 0
 128 158 133 0
 123 147 122 0
 122 142 119 0
 116 132 111 0
 122 140 121 0
 117 136 117 0
 111 128 110 0
 120 138 120 0
 111 127 110 0
 104 122 104 0
 124 143 124 0
 128 144 127 0
 117 131 113 0
 113 123 110 0
 122 133 117 0
 120 129 113 0
 101 118 104 0
 100 125 110 0
 90 110 89 0
 98 117 100 0
 110 118 109 0
 112 114 112 0
 249 249 250 0
 253 250 253 0
 250 202 250 0
 243 139 229 0
 110 127 118 0
 93 111 100 0
 82 102 91 0
 85 112 99 0
 83 116 101 0
 70 97 82 0
 85 109 96 0
 92 111 100 0
 95 119 110 0
 104 132 121 0
 95 126 116 0
 107 142 130 0
 103 139 128 0
 84 122 110 0
 94 135 119 0
 90 126 112 0
 86 124 113 0
 94 132 121 0
 96 135 121 0
 98 139 123 0
 105 140 123 0
 130 150 133 0
 182 189 177 1
 152 165 154 0
 109 136 119 0
 92 112 99 0
 125 152 137 0
 123 143 127 0
 118 137 119 0
 120 138 117 0
 130 145 125 0
 135 158 135 0
 131 158 134 0
 129 152 129 0
 131 158 135 0
 124 146 121 0
 122 141 117 0
 125 140 120 0
 121 135 117 0
 119 139 120 0
 116 134 116 0
 120 139 121 0
 114 132 113 0
 114 131 113 0
 130 149 131 0
 125 142 125 0
 99 113 96 0
 125 137 122 0
 120 130 115 0
 116 125 110 0
 95 112 98 0
 96 121 107 0
 96 117 97 0
 91 109 91 0
 81 93 82 0
 134 132 140 0
 251 251 252 0
 253 248 253 0
 248 189 250 0
 243 143 234 0
 119 124 121 0
 95 113 101 0
 90 110 98 0
 81 106 94 0
 88 120 105 0
 76 105 90 0
 100 124 113 0
 90 110 98 0
 96 122 111 0
 100 129 117 0
 84 113 103 0
 107 141 130 0
 97 133 122 0
 91 131 117 0
 89 126 112 0
 107 142 130 0
 91 131 119 0
 93 132 119 0
 97 138 122 0
 94 136 118 0
 111 142 123 0
 151 165 148 0
 199 203 191 1
 180 190 179 0
 117 147 131 0
 107 130 116 0
 131 158 143 0
 123 147 131 0
 117 135 118 0
 128 147 127 0
 125 141 121 0
 124 145 124 0
 134 160 136 0
 125 149 126 0
 129 153 130 0
 115 132 108 0
 123 141 117 0
 124 141 120 0
 120 134 116 0
 120 139 120 0
 121 142 123 0
 118 139 119 0
 102 120 101 0
 122 140 121 0
 118 139 120 0
 128 146 128 0
 105 119 102 0
 117 128 113 0
 117 126 113 0
 109 118 106 0
 92 109 97 0
 91 116 102 0
 97 118 98 0
 79 96 79 0
 87 100 88 0
 112 118 114 0
 250 250 251 0
 253 248 253 0
 245 157 244 0
 238 137 221 0
 119 121 119 0
 94 113 100 0
 91 113 101 0
 83 110 96 0
 83 115 100 0
 98 125 114 0
 82 106 94 0
 90 111 99 0
 99 127 114 0
 87 116 103 0
 89 118 108 0
 101 136 125 0
 89 126 116 0
 82 121 107 0
 87 123 109 0
 99 136 123 0
 93 133 121 0
 92 131 117 0
 93 135 118 0
 98 136 119 0
 129 149 131 0
 205 204 193 1
 170 178 168 1
 129 148 135 0
 122 154 136 0
 118 145 129 0
 130 155 141 0
 123 148 131 0
 120 139 121 0
 134 153 134 0
 126 143 125 0
 119 137 118 0
 131 156 133 0
 126 148 125 0
 93 113 91 0
 129 155 131 0
 122 140 116 0
 119 137 116 0
 117 132 115 0
 122 140 122 0
 119 140 122 0
 116 136 116 0
 100 118 98 0
 118 137 118 0
 120 140 121 0
 124 141 123 0
 121 135 117 0
 103 112 98 0
 113 122 109 0
 106 115 103 0
 94 109 99 0
 83 107 95 0
 98 120 101 0
 95 112 96 0
 108 118 110 0
 136 138 141 0
 251 251 252 0
 253 243 253 0
 246 172 246 0
 246 141 235 0
 103 112 106 0
 92 111 99 0
 88 111 96 0
 79 103 91 0
 85 116 102 0
 81 107 96 0
 82 105 93 0
 90 111 99 0
 96 125 112 0
 91 120 106 0
 100 132 121 0
 84 118 108 0
 84 123 111 0
 73 111 98 0
 75 112 97 0
 97 135 121 0
 88 128 116 0
 93 132 117 0
 90 130 115 0
 96 132 116 0
 116 140 123 0
 189 192 182 1
 185 191 185 1
 128 146 134 0
 124 156 139 0
 121 150 133 0
 129 155 140 0
 119 143 127 0
 121 142 124 0
 133 151 132 0
 123 142 123 0
 123 140 121 0
 125 147 125 0
 130 155 131 0
 127 146 125 0
 132 156 133 0
 122 141 118 0
 122 140 119 0
 121 139 120 0
 120 140 121 0
 120 140 122 0
 115 135 116 0
 98 115 95 0
 118 136 117 0
 121 141 122 0
 119 136 118 0
 116 130 112 0
 106 114 101 0
 116 125 112 0
 103 113 102 0
 87 101 94 0
 77 99 90 0
 93 115 98 0
 104 121 103 0
 97 111 99 0
 119 127 124 0
 249 249 250 0
 253 251 254 0
 245 140 234 0
 203 131 179 0
 105 111 107 0
 92 111 98 0
 89 110 95 0
 84 108 96 0
 90 119 105 0
 75 101 90 0
 82 104 92 0
 87 109 98 0
 90 121 109 0
 97 126 112 0
 93 128 116 0
 102 134 124 0
 78 118 105 0
 89 127 113 0
 95 135 120 0
 88 128 114 0
 85 123 111 0
 89 128 113 0
 88 126 111 0
 103 135 119 0
 127 145 129 0
 205 208 203 1
 142 157 147 0
 152 171 161 0
 128 160 144 0
 121 152 135 0
 122 150 134 0
 125 149 133 0
 120 141 123 0
 129 149 130 0
 118 137 118 0
 123 140 121 0
 130 148 127 0
 126 151 127 0
 121 142 120 0
 133 157 134 0
 128 150 125 0
 127 145 123 0
 125 144 126 0
 120 139 120 0
 120 139 121 0
 114 132 113 0
 118 138 118 0
 103 120 100 0
 121 142 123 0
 122 140 122 0
 116 132 112 0
 118 127 113 0
 117 127 114 0
 102 111 99 0
 94 108 100 0
 75 93 85 0
 95 117 102 0
 94 109 94 0
 107 119 110 0
 146 149 150 0
 253 253 253 0
 251 214 252 0
 245 147 236 0
 164 119 147 0
 105 118 109 0
 87 107 94 0
 85 107 93 0
 88 116 102 0
 71 96 84 0
 55 75 65 0
 86 109 97 0
 81 104 94 0
 85 117 105 0
 98 127 113 0
 85 121 107 0
 95 128 118 0
 81 120 107 0
 76 113 99 0
 92 133 118 0
 82 121 108 0
 85 123 109 0
 94 134 119 0
 91 128 113 0
 114 141 125 0
 165 175 163 0
 215 213 209 1
 150 164 153 0
 167 183 175 0
50 150 100 0
 127 159 142 0
 115 144 127 0
 124 151 135 0
 118 140 121 0
 130 150 130 0
 119 138 119 0
 125 143 124 0
 124 141 120 0
 125 148 125 0
 116 139 117 0
 133 158 135 0
 125 152 126 0
 127 147 125 0
 137 157 136 0
 122 141 122 0
 122 141 122 0
 110 126 109 0
 96 113 98 0
 113 131 112 0
 120 143 124 0
 122 141 124 0
 113 129 110 0
 128 139 124 0
 117 128 114 0
 100 110 99 0
 90 107 97 0
 86 107 98 0
 93 112 96 0
 77 89 79 0
 96 109 99 0
 126 132 131 0
 253 252 253 0
 251 215 252 0
 243 146 232 0
 124 114 116 0
 99 114 103 0
 82 102 88 0
 82 102 89 0
 85 113 98 0
 80 107 93 0
 65 85 74 0
 88 113 101 0
 74 96 86 0
 91 124 110 0
 94 125 110 0
 93 127 114 0
 76 111 102 0
 91 129 116 0
 97 134 120 0
 77 117 101 0
 80 118 104 0
 87 126 111 0
 94 134 118 0
 99 133 117 0
 110 135 120 0
 140 157 142 0
 161 169 160 0
 151 166 154 0
 122 147 133 0
50 150 100 0
 126 162 143 0
 117 144 126 0
 128 158 140 0
 123 145 126 0
 125 145 126 0
 114 135 115 0
 123 142 123 0
 122 138 119 0
 121 139 119 0
 122 145 124 0
 133 158 135 0
 122 152 127 0
 119 146 122 0
 127 147 125 0
 119 139 119 0
 123 142 122 0
 111 128 110 0
 116 133 118 0
 109 125 108 0
 122 147 128 0
 117 138 120 0
 109 125 108 0
 123 136 120 0
 115 126 113 0
 91 103 92 0
 86 104 94 0
 91 112 104 0
 77 95 85 0
 85 97 85 0
 104 115 106 0
 180 174 182 0
 253 252 253 0
 249 194 250 0
 243 146 233 0
 120 118 114 0
 89 104 94 0
 87 104 91 0
 83 104 90 0
 80 106 91 0
 81 106 92 0
 73 92 81 0
 73 95 84 0
 88 119 107 0
 88 122 107 0
 91 124 108 0
 88 123 108 0
 91 123 113 0
 91 126 114 0
 99 136 121 0
 72 110 95 0
 80 117 102 0
 88 125 111 0
 91 128 113 0
 96 126 112 0
 117 137 122 0
 185 184 175 1
 154 160 148 1
 145 161 150 0
 113 138 123 0
50 150 100 0
 43 53 46 0
 133 192 164 0
 128 154 135 0
 116 142 124 0
 107 123 105 0
 127 147 128 0
 124 143 124 0
 121 139 119 0
 117 133 114 0
 123 146 125 0
 125 151 128 0
 124 153 130 0
 111 143 118 0
 115 138 115 0
 114 135 114 0
 120 140 120 0
 110 127 109 0
 109 127 110 0
 122 138 121 0
 121 145 127 0
 108 129 112 0
 113 128 109 0
 96 105 92 0
 106 120 107 0
 80 95 83 0
 93 113 104 0
 100 120 112 0
 72 85 77 0
 100 114 104 0
 118 128 122 0
 221 209 217 0
 254 252 254 0
 249 198 250 0
 244 145 235 0
 113 113 109 0
 88 102 92 0
 78 95 82 0
 89 111 97 0
 66 84 72 0
 78 103 89 0
 70 91 79 0
 84 108 95 0
 92 126 111 0
 85 120 103 0
 75 111 91 0
 94 122 108 0
 95 124 114 0
 98 130 119 0
 80 115 100 0
 73 106 92 0
 77 113 99 0
 86 122 108 0
 90 123 109 0
 99 124 110 0
 116 131 118 0
 174 176 163 1
 145 155 144 0
 118 137 124 0
50 150 100 0
50 150 100 0
50 150 100 0
 126 160 140 0
 110 137 115 0
 122 149 130 0
 109 128 109 0
 132 150 132 0
 125 146 127 0
 119 139 119 0
 121 139 119 0
 116 138 117 0
 120 145 124 0
 124 152 129 0
 90 119 96 0
 108 134 111 0
 117 139 116 0
 106 124 103 0
 115 134 115 0
 115 129 111 0
 119 132 117 0
 120 142 125 0
 98 119 104 0
 112 130 111 0
 107 121 105 0
 97 118 103 0
 78 97 85 0
 97 121 109 0
 100 120 112 0
 89 103 95 0
 103 123 111 0
 131 143 134 0
 197 186 191 1
 253 253 254 0
 249 192 250 0
 234 142 221 0
 95 97 92 0
 90 105 94 0
 80 99 85 0
 83 103 89 0
 81 105 92 0
 77 101 87 0
 84 108 95 0
 91 125 110 0
 72 106 86 0
 89 126 106 0
 66 100 79 0
 96 122 109 0
 91 123 111 0
 102 131 120 0
 80 109 95 0
 79 111 97 0
 81 116 100 0
 88 122 108 0
 91 121 107 0
 107 126 112 0
 138 148 132 0
 175 176 164 1
 133 144 132 0
 122 141 129 0
50 150 100 0
50 150 100 0
50 150 100 0
 126 157 139 0
 124 164 141 0
 126 156 135 0
 117 140 120 0
 131 150 130 0
 129 149 130 0
 118 139 119 0
 123 142 121 0
 119 141 119 0
 117 142 121 0
 127 153 132 0
 115 146 122 0
 110 131 109 0
 100 118 96 0
 108 126 104 0
 108 126 107 0
 117 130 112 0
 115 127 112 0
 119 141 126 0
 101 122 108 0
 112 132 114 0
 109 126 108 0
 81 97 84 0
 83 107 93 0
 91 115 101 0
 100 119 110 0
 90 106 97 0
 98 118 107 0
 121 137 126 0
 190 181 182 1
 253 248 254 0
 248 182 249 0
 245 143 234 0
 90 89 88 0
 106 125 112 0
 83 104 89 0
 70 87 75 0
 81 108 94 0
 87 113 97 0
 90 120 105 0
 86 121 104 0
 80 113 93 0
 79 114 94 0
 84 116 96 0
 94 120 109 0
 83 114 102 0
 99 127 116 0
 76 105 91 0
 83 117 102 0
 84 116 101 0
 87 118 105 0
 98 122 107 0
 116 130 115 0
 175 170 156 0
 186 184 173 1
 135 152 141 0
 0 0 0 0
50 150 100 0
50 150 100 0
50 150 100 0
50 150 100 0
 127 159 138 0
 119 153 130 0
 110 135 114 0
 122 142 121 0
 125 144 124 0
 124 144 125 0
 120 138 117 0
 126 146 125 0
 118 145 123 0
 120 148 127 0
 117 146 124 0
 109 132 110 0
 88 100 80 0
 104 120 99 0
 99 116 98 0
 117 131 113 0
 110 121 106 0
 119 139 125 0
 112 132 119 0
 114 134 116 0
 96 112 95 0
 88 117 101 0
 81 107 92 0
 87 110 95 0
 89 105 96 0
 102 118 108 0
 101 120 109 0
 182 175 175 1
 252 251 252 0
 253 245 253 0
 247 175 248 0
 243 140 230 0
 134 90 113 0
 82 99 87 0
 79 99 83 0
 79 97 84 0
 91 119 104 0
 82 107 91 0
 82 112 96 0
 74 107 89 0
 80 112 93 0
 82 115 96 0
 87 117 99 0
 84 110 100 0
 104 127 119 0
 88 117 102 0
 85 116 101 0
 81 113 98 0
 87 117 103 0
 87 114 100 0
 104 126 111 0
 122 134 119 0
 183 177 166 1
 144 156 144 0
 139 159 146 0
50 150 100 0
50 150 100 0
50 150 100 0
50 150 100 0
50 150 100 0
 123 153 131 0
 113 147 124 0
 101 128 105 0
 123 144 120 0
 122 140 119 0
 121 138 120 0
 113 130 110 0
 127 147 126 0
 124 151 128 0
 125 153 130 0
 115 142 119 0
 119 146 123 0
 112 130 109 0
 105 119 98 0
 101 116 100 0
 108 121 105 0
 106 118 103 0
 114 133 121 0
 117 137 123 0
 105 124 106 0
 80 93 79 0
 77 105 89 0
 81 109 93 0
 76 99 85 0
 83 100 91 0
 110 128 118 0
 106 121 110 0
 161 162 158 1
 250 248 249 0
 253 246 253 0
 246 170 246 0
 241 139 226 0
 88 84 81 0
 78 93 79 0
 79 97 79 0
 76 96 80 0
 82 107 92 0
 80 104 87 0
 70 97 80 0
 72 100 81 0
 85 116 97 0
 81 112 94 0
 82 110 95 0
 85 110 99 0
 139 156 151 0
 88 116 100 0
 86 117 102 0
 86 118 102 0
 85 114 99 0
 91 117 102 0
 109 127 112 0
 121 131 117 0
 165 166 153 1
 139 157 145 0
 48 59 52 0
50 150 100 0
50 150 100 0
50 150 100 0
50 150 100 0
50 150 100 0
50 150 100 0
 113 144 121 0
 106 139 115 0
 106 129 105 0
 126 145 122 0
 127 143 124 0
 118 136 116 0
 125 145 125 0
 125 154 131 0
 111 139 117 0
 121 149 126 0
 113 140 117 0
 112 133 110 0
 125 141 120 0
 106 122 102 0
 101 118 100 0
 85 97 82 0
 111 130 117 0
 104 126 113 0
 108 126 110 0
 69 83 70 0
 79 96 83 0
 78 109 90 0
 85 111 96 0
 106 124 114 0
 111 130 120 0
 103 109 100 0
 139 131 134 0
 253 252 252 0
 252 244 252 0
 247 170 246 0
 243 139 229 0
 110 60 81 0
 84 95 79 0
 78 94 74 0
 74 93 76 0
 79 102 83 0
 78 99 81 0
 75 99 79 0
 74 100 80 0
 82 112 94 0
 77 105 89 0
 76 102 90 0
 79 103 94 0
 85 111 99 0
 85 114 99 0
 86 117 102 0
 81 111 95 0
 91 119 105 0
 94 117 103 0
 115 128 115 0
 147 153 138 0
 172 179 169 1
 139 159 147 0
50 150 100 0
50 150 100 0
50 150 100 0
50 150 100 0
50 150 100 0
50 150 100 0
50 150 100 0
 109 135 113 0
 121 153 128 0
 113 132 110 0
 126 144 122 0
 135 153 131 0
 134 155 134 0
 126 150 127 0
 132 159 136 0
 114 141 118 0
 122 147 125 0
 119 142 120 0
 101 126 103 0
 120 137 116 0
 114 129 107 0
 100 115 97 0
 116 128 111 0
 114 134 120 0
 99 120 108 0
 102 124 108 0
 84 100 86 0
 65 81 67 0
 68 96 80 0
 86 114 98 0
 103 121 111 0
 104 119 110 0
 119 111 105 0
 146 141 143 1
 253 252 252 0
 250 212 250 0
 246 162 245 0
 240 132 216 0
 78 76 68 0
 72 82 65 0
 77 92 71 0
 70 87 70 0
 76 98 80 0
 73 94 76 0
 82 106 85 0
 79 106 88 0
 67 90 77 0
 78 107 91 0
 75 99 89 0
 104 126 120 0
 82 110 95 0
 87 116 101 0
 86 115 100 0
 91 120 106 0
 94 121 107 0
 101 122 108 0
 118 134 121 0
 146 157 144 0
 146 165 153 0
 0 0 0 0
50 150 100 0
50 150 100 0
50 150 100 0
50 150 100 0
50 150 100 0
50 150 100 0
50 150 100 0
50 150 100 0
 123 152 128 0
 114 140 117 0
 126 142 121 0
 132 149 128 0
 130 152 130 0
 130 163 137 0
 127 150 128 0
 122 147 124 0
 111 134 112 0
 107 128 106 0
 116 143 120 0
 110 129 107 0
 103 117 94 0
 107 124 102 0
 115 130 113 0
 113 133 117 0
 87 106 94 0
 95 122 107 0
 88 115 95 0
 87 106 89 0
 82 112 96 0
 80 111 95 0
 94 115 104 0
 101 114 106 0
 154 144 138 1
 143 141 140 0
 252 251 252 0
 253 250 253 0
 245 153 243 0
 240 123 206 0
 78 74 65 0
 67 77 60 0
 78 94 72 0
 68 85 68 0
 74 96 76 0
 76 97 79 0
 96 116 95 0
 85 108 91 0
 83 109 94 0
 74 102 87 0
 73 96 86 0
 105 131 125 0
 103 130 118 0
 89 120 104 0
 89 121 105 0
 97 127 114 0
 101 128 114 0
 110 134 120 0
 133 152 137 0
 181 190 181 1
 143 159 148 0
50 150 100 0
50 150 100 0
50 150 100 0
50 150 100 0
50 150 100 0
50 150 100 0
50 150 100 0
50 150 100 0
50 150 100 0
 104 129 109 0
 133 164 139 0
 111 132 110 0
 133 153 131 0
 130 151 129 0
 131 161 137 0
 114 137 114 0
 128 151 129 0
 117 139 118 0
 126 151 129 0
 107 131 109 0
 113 134 109 0
 98 112 88 0
 108 125 103 0
 115 136 117 0
 108 127 111 0
 125 144 128 0
 93 120 105 0
 69 94 73 0
 94 119 101 0
 75 101 87 0
 85 115 102 0
 86 106 95 0
 114 119 110 0
 177 157 154 1
 183 135 189 0
 253 248 253 0
 253 251 253 0
 247 193 248 0
 246 128 226 0
 149 87 107 0
 68 76 59 0
 79 96 73 0
 77 94 75 0
 69 89 70 0
 77 97 79 0
 97 115 95 0
 92 112 97 0
 88 116 101 0
 65 91 77 0
 76 98 90 0
 86 116 103 0
 106 135 124 0
 90 123 107 0
 86 119 104 0
 96 126 113 0
 105 135 121 0
 111 136 123 0
 139 159 145 0
 182 189 180 1
 129 142 132 0
50 150 100 0
50 150 100 0
50 150 100 0
50 150 100 0
50 150 100 0
50 150 100 0
50 150 100 0
50 150 100 0
50 150 100 0
50 150 100 0
 132 163 139 0
 117 142 120 0
 135 159 137 0
 132 154 132 0
 134 160 137 0
 117 142 118 0
 117 140 119 0
 108 131 110 0
 122 141 121 0
 114 138 117 0
 118 137 113 0
 105 121 94 0
 113 131 110 0
 108 133 113 0
 101 120 102 0
 86 105 87 0
 93 122 105 0
 69 92 75 0
 94 118 106 0
 66 85 79 0
 83 112 101 0
 91 109 97 0
 118 130 119 0
 168 156 150 1
 131 131 130 0
 253 251 254 0
 253 250 253 0
 248 137 236 0
 155 39 107 0
 71 69 57 0
 74 84 65 0
 76 93 71 0
 98 115 99 0
 64 84 65 0
 73 93 75 0
 106 122 106 0
 102 123 108 0
 87 125 106 0
 73 97 85 0
 99 132 125 0
 87 123 109 0
 90 123 111 0
 88 124 107 0
 79 112 97 0
 107 137 124 0
 98 128 115 0
 107 134 121 0
 136 159 146 0
 188 189 182 1
50 150 100 0
50 150 100 0
50 150 100 0
50 150 100 0
50 150 100 0
50 150 100 0
50 150 100 0
50 150 100 0
50 150 100 0
50 150 100 0
50 150 100 0
 134 163 142 0
 120 149 125 0
 127 149 129 0
 128 152 130 0
 130 154 131 0
 120 147 123 0
 118 144 122 0
 102 123 103 0
 119 137 118 0
 130 153 133 0
 120 138 117 0
 114 132 106 0
 114 138 115 0
 107 132 112 0
 116 135 117 0
 100 118 99 0
 70 90 74 0
 90 120 102 0
 91 116 102 0
 87 103 98 0
 92 118 110 0
 116 128 119 0
 127 132 123 1
 137 135 127 1
 102 102 104 0
 229 208 233 0
 253 247 253 0
 247 148 240 0
 193 84 142 0
 101 62 70 0
 82 93 72 0
 75 90 69 0
 75 92 75 0
 72 93 74 0
 98 116 100 0
 110 128 115 0
 95 125 111 0
 88 130 110 0
 80 110 94 0
 97 131 122 0
 83 119 104 0
 86 122 107 0
 89 124 107 0
 85 117 103 0
 97 126 114 0
 100 130 118 0
 117 150 135 0
 164 171 163 1
 69 73 70 0
50 150 100 0
50 150 100 0
50 150 100 0
50 150 100 0
50 150 100 0
50 150 100 0
50 150 100 0
50 150 100 0
50 150 100 0
50 150 100 0
50 150 100 0
50 150 100 0
 125 152 129 0
 120 141 120 0
 125 149 127 0
 122 146 123 0
 127 156 132 0
 117 144 121 0
 94 112 92 0
 117 132 115 0
 129 153 132 0
 107 123 104 0
 121 144 120 0
 110 134 109 0
 106 127 105 0
 97 122 102 0
 118 139 122 0
 85 110 92 0
 74 98 82 0
 97 122 105 0
 94 117 107 0
 98 118 110 0
 170 167 159 1
 128 133 124 1
 101 103 96 0
 95 95 99 0
 250 246 250 0
 252 242 252 0
 245 119 221 0
 244 171 237 0
 75 70 59 0
 77 88 68 0
 73 89 70 0
 77 102 82 0
 61 84 65 0
 93 118 104 0
 110 133 123 0
 91 124 110 0
 83 127 107 0
 74 102 89 0
 82 116 104 0
 76 111 96 0
 86 124 107 0
 94 127 111 0
 113 142 133 0
 99 128 118 0
 98 130 117 0
 131 156 142 0
 186 190 182 1
50 150 100 0
50 150 100 0
50 150 100 0
50 150 100 0
50 150 100 0
50 150 100 0
50 150 100 0
50 150 100 0
50 150 100 0
50 150 100 0
50 150 100 0
50 150 100 0
50 150 100 0
 117 141 122 0
 109 131 110 0
 122 142 123 0
 119 146 125 0
 113 138 117 0
 129 159 136 0
 110 136 116 0
 106 123 106 0
 124 144 126 0
 86 101 88 0
 122 145 124 0
 105 127 104 0
 85 102 82 0
 109 132 112 0
 80 108 85 0
 103 125 106 0
 87 111 92 0
 83 109 90 0
 90 116 103 0
 89 105 97 0
 147 146 138 1
 100 109 100 0
 90 96 93 0
 111 108 121 0
 247 242 249 0
 251 247 251 0
 246 133 235 0
 183 88 141 0
 87 91 74 0
 73 88 69 0
 74 93 75 0
 85 118 101 0
 82 120 103 0
 97 128 117 0
 98 127 117 0
 76 108 98 0
 78 119 102 0
 76 106 95 0
 76 110 98 0
 76 113 99 0
 86 124 108 0
 93 123 110 0
 102 130 121 0
 95 126 115 0
 93 125 111 0
 135 157 143 0
 195 195 188 1
50 150 100 0
50 150 100 0
50 150 100 0
50 150 100 0
50 150 100 0
50 150 100 0
50 150 100 0
50 150 100 0
50 150 100 0
50 150 100 0
50 150 100 0
50 150 100 0
50 150 100 0
50 150 100 0
 117 142 123 0
 127 148 129 0
 118 145 125 0
 122 149 129 0
 125 154 133 0
 113 142 122 0
 100 123 105 0
 118 136 121 0
 113 133 115 0
 123 142 124 0
 111 132 111 0
 104 123 103 0
 98 126 106 0
 69 97 74 0
 112 134 116 0
 84 109 88 0
 77 102 83 0
 79 105 93 0
 101 115 108 0
 138 137 129 1
 103 113 103 0
 73 82 77 0
 116 120 128 0
 191 152 208 0
 242 205 247 0
 240 131 228 0
 100 59 73 0
 82 82 70 0
 82 98 82 0
 86 116 101 0
 84 122 107 0
 74 110 95 0
 94 126 116 0
 83 114 103 0
 82 120 108 0
 72 101 89 0
 82 114 106 0
 86 125 113 0
 80 121 106 0
 84 119 104 0
 109 137 132 0
 107 137 130 0
 99 131 118 0
 121 145 132 0
 150 159 148 0
50 150 100 0
50 150 100 0
50 150 100 0
50 150 100 0
50 150 100 0
50 150 100 0
50 150 100 0
50 150 100 0
50 150 100 0
50 150 100 0
50 150 100 0
50 150 100 0
50 150 100 0
50 150 100 0
50 150 100 0
 117 143 126 0
 119 151 131 0
 116 142 123 0
 120 145 124 0
 117 144 124 0
 110 141 121 0
 118 145 126 0
 105 125 107 0
 112 131 112 0
 119 140 122 0
 106 126 109 0
 97 118 99 0
 88 110 95 0
 68 98 75 0
 90 110 89 0
 69 92 72 0
 70 93 78 0
 91 112 102 0
 134 141 133 1
 127 128 119 1
 77 87 81 0
 87 99 93 0
 111 120 122 0
 124 126 142 0
 118 87 122 0
 174 99 151 0
 106 111 106 0
 96 109 91 0
 87 113 100 0
 75 107 94 0
 72 105 91 0
 84 115 106 0
 76 103 95 0
 78 111 100 0
 82 117 106 0
 105 131 123 0
 79 108 103 0
 68 102 93 0
 75 113 99 0
 98 133 121 0
 106 136 130 0
 101 133 123 0
 97 129 115 0
 124 140 130 0
 216 213 209 1
50 150 100 0
50 150 100 0
50 150 100 0
50 150 100 0
50 150 100 0
50 150 100 0
50 150 100 0
50 150 100 0
50 150 100 0
50 150 100 0
50 150 100 0
50 150 100 0
50 150 100 0
50 150 100 0
50 150 100 0
 100 300 200 0
 114 146 128 0
 101 129 110 0
 118 142 123 0
 119 142 122 0
 118 147 127 0
 113 143 123 0
 90 107 87 0
 116 135 116 0
 117 138 119 0
 109 132 114 0
 83 103 86 0
 90 118 100 0
 77 99 76 0
 101 122 102 0
 78 103 81 0
 77 102 86 0
 100 119 108 0
 162 155 147 1
 102 104 94 0
 93 106 97 0
 73 85 79 0
 94 111 107 0
 119 126 132 0
 99 106 109 0
 96 91 98 0
 110 125 119 0
 108 127 108 0
 99 133 119 0
 65 92 81 0
 77 110 97 0
 70 93 89 0
 88 123 113 0
 83 119 108 0
 71 101 92 0
 95 125 118 0
 72 100 97 0
 79 115 105 0
 80 118 103 0
 89 122 114 0
 117 148 144 0
 89 122 109 0
 116 135 124 0
 170 168 164 0
50 150 100 0
50 150 100 0
50 150 100 0
50 150 100 0
50 150 100 0
50 150 100 0
50 150 100 0
50 150 100 0
50 150 100 0
50 150 100 0
50 150 100 0
50 150 100 0
50 150 100 0
50 150 100 0
50 150 100 0
50 150 100 0
50 150 100 0
 112 146 129 0
 106 136 120 0
 124 149 131 0
 123 145 124 0
 129 158 139 0
 113 140 120 0
 113 140 120 0
 106 126 106 0
 113 131 111 0
 106 126 108 0
 79 98 81 0
 69 96 80 0
 87 122 99 0
 112 135 115 0
 83 111 90 0
 74 99 84 0
 122 135 123 0
 124 121 111 0
 84 99 85 0
 86 103 93 0
 81 94 88 0
 90 106 104 0
 103 115 116 0
 98 112 110 0
 109 117 115 0
 93 119 102 0
 68 89 71 0
 72 103 90 0
 72 100 87 0
 79 108 96 0
 80 104 97 0
 91 126 116 0
 80 118 106 0
 84 116 109 0
 94 127 121 0
 69 94 88 0
 80 116 105 0
 80 116 103 0
 94 129 120 0
 110 143 140 0
 94 126 112 0
 128 143 133 0
 212 205 203 1
50 150 100 0
50 150 100 0
50 150 100 0
50 150 100 0
50 150 100 0
50 150 100 0
50 150 100 0
50 150 100 0
50 150 100 0
50 150 100 0
50 150 100 0
50 150 100 0
50 150 100 0
50 150 100 0
50 150 100 0
50 150 100 0
50 150 100 0
50 150 100 0
 110 145 128 0
 124 151 132 0
 118 141 120 0
 127 153 133 0
 112 133 114 0
 110 136 117 0
 103 121 102 0
 73 84 68 0
 102 124 107 0
 68 90 75 0
 80 112 93 0
 78 113 95 0
 88 112 91 0
 74 100 80 0
 121 135 122 0
 171 164 156 1
 108 108 96 0
 76 88 77 0
 95 114 104 0
 104 122 116 0
 88 105 102 0
 93 107 105 0
 88 102 99 0
 117 125 122 0
 94 117 104 0
 99 128 112 0
 73 102 88 0
 77 107 94 0
 87 116 107 0
 78 106 98 0
 62 93 84 0
 85 126 114 0
 81 116 108 0
 89 123 117 0
 94 128 119 0
 72 107 95 0
 91 126 115 0
 95 132 127 0
 95 129 121 0
 103 131 117 0
 145 155 145 0
 26 25 24 0
50 150 100 0
50 150 100 0
50 150 100 0
50 150 100 0
50 150 100 0
50 150 100 0
50 150 100 0
50 150 100 0
50 150 100 0
50 150 100 0
50 150 100 0
50 150 100 0
50 150 100 0
50 150 100 0
50 150 100 0
50 150 100 0
50 150 100 0
50 150 100 0
 110 148 128 0
 119 153 134 0
 109 129 109 0
 124 150 130 0
 98 112 94 0
 117 139 121 0
 99 118 100 0
 105 118 100 0
 120 136 118 0
 85 118 102 0
 59 86 71 0
 87 121 105 0
 88 116 97 0
 85 115 95 0
 107 123 112 0
 168 149 143 1
 125 131 120 0
 85 92 85 0
 91 104 98 0
 76 89 83 0
 93 110 104 0
 64 75 73 0
 113 127 122 0
 106 124 116 0
 78 107 84 0
 66 88 70 0
 76 105 91 0
 103 138 130 0
 85 116 105 0
 91 122 113 0
 79 121 108 0
 70 107 95 0
 81 116 109 0
 72 98 92 0
 91 125 116 0
 84 119 108 0
 92 128 120 0
 91 129 122 0
 102 133 120 0
 160 164 160 0
 209 196 193 1
50 150 100 0
50 150 100 0
50 150 100 0
50 150 100 0
50 150 100 0
50 150 100 0
50 150 100 0
50 150 100 0
50 150 100 0
50 150 100 0
50 150 100 0
50 150 100 0
50 150 100 0
50 150 100 0
50 150 100 0
50 150 100 0
50 150 100 0
50 150 100 0
50 150 100 0
 107 145 124 0
 122 157 137 0
 109 129 110 0
 106 123 102 0
 130 155 136 0
 114 132 116 0
 114 134 117 0
 112 130 112 0
 115 129 113 0
 85 115 98 0
 68 95 77 0
 86 120 103 0
 66 97 77 0
 88 123 102 0
 114 130 114 0
 216 181 176 1
 117 123 112 0
 74 83 78 0
 108 121 117 0
 93 112 104 0
 71 86 79 0
 82 95 93 0
 108 123 119 0
 100 122 113 0
 71 99 82 0
 64 82 66 0
 76 109 96 0
 79 109 97 0
 87 119 108 0
 95 127 118 0
 82 121 109 0
 66 104 90 0
 76 113 104 0
 73 101 92 0
 85 122 112 0
 83 117 108 0
 87 124 117 0
 90 126 118 0
 115 141 130 0
 223 211 212 1
50 150 100 0
50 150 100 0
50 150 100 0
50 150 100 0
50 150 100 0
50 150 100 0
50 150 100 0
50 150 100 0
50 150 100 0
50 150 100 0
50 150 100 0
50 150 100 0
50 150 100 0
50 150 100 0
50 150 100 0
50 150 100 0
50 150 100 0
50 150 100 0
50 150 100 0
50 150 100 0
50 150 100 0
 115 149 129 0
 117 147 126 0
 121 134 114 0
 130 154 136 0
 89 103 88 0
 120 138 125 0
 92 116 98 0
 111 131 113 0
 76 100 82 0
 80 117 100 0
 89 116 97 0
 83 113 97 0
 87 121 101 0
 126 138 124 0
 159 146 136 1
 121 126 113 0
 88 102 93 0
 101 122 116 0
 80 94 87 0
 53 61 57 0
 85 101 98 0
 110 127 122 0
 75 101 90 0
 67 89 75 0
 72 96 84 0
 106 139 134 0
 79 109 101 0
 84 118 107 0
 86 123 114 0
 76 116 104 0
 77 114 104 0
 81 120 109 0
 80 116 107 0
 81 115 105 0
 78 108 101 0
 87 126 118 0
 107 136 125 0
 139 152 147 0
 205 190 188 1
50 150 100 0
50 150 100 0
50 150 100 0
50 150 100 0
50 150 100 0
50 150 100 0
50 150 100 0
50 150 100 0
50 150 100 0
50 150 100 0
50 150 100 0
50 150 100 0
50 150 100 0
50 150 100 0
50 150 100 0
50 150 100 0
50 150 100 0
50 150 100 0
50 150 100 0
50 150 100 0
50 150 100 0
 91 107 92 0
 119 147 127 0
 104 122 100 0
 131 151 133 0
 118 138 122 0
 97 118 106 0
 113 148 131 0
 97 124 105 0
 79 108 88 0
 79 117 100 0
 77 102 85 0
 70 100 84 0
 88 120 102 0
 152 148 138 1
 112 113 100 1
 93 111 95 0
 95 123 112 0
 80 101 91 0
 68 78 72 0
 87 101 93 0
 101 122 119 0
 101 121 117 0
 62 85 74 0
 79 101 87 0
 61 81 73 0
 90 125 121 0
 83 122 110 0
 83 120 111 0
 82 120 109 0
 66 100 90 0
 77 113 105 0
 75 115 104 0
 72 108 98 0
 74 106 96 0
 91 126 117 0
 89 127 119 0
 128 152 145 0
 213 200 201 1
 17 17 17 0
50 150 100 0
50 150 100 0
50 150 100 0
50 150 100 0
50 150 100 0
50 150 100 0
50 150 100 0
50 150 100 0
50 150 100 0
50 150 100 0
50 150 100 0
50 150 100 0
50 150 100 0
50 150 100 0
50 150 100 0
50 150 100 0
50 150 100 0
50 150 100 0
50 150 100 0
50 150 100 0
50 150 100 0
50 150 100 0
 125 147 131 0
 113 138 116 0
 130 153 132 0
 111 134 118 0
 111 132 118 0
 107 134 119 0
 81 110 93 0
 76 112 90 0
 73 101 83 0
 63 84 72 0
 98 121 112 0
 103 127 111 0
 137 135 126 0
 97 107 93 0
 73 93 83 0
 81 109 100 0
 66 86 76 0
 81 92 85 0
 104 117 111 0
 103 125 124 0
 91 113 108 0
 64 85 74 0
 101 123 118 0
 79 100 93 0
 81 116 115 0
 84 122 113 0
 70 105 95 0
 73 110 99 0
 74 103 94 0
 67 101 96 0
 76 112 105 0
 63 95 84 0
 81 118 106 0
 86 123 115 0
 111 141 133 0
 155 166 163 1
 176 163 165 1
50 150 100 0
50 150 100 0
50 150 100 0
50 150 100 0
50 150 100 0
50 150 100 0
50 150 100 0
50 150 100 0
50 150 100 0
50 150 100 0
50 150 100 0
50 150 100 0
50 150 100 0
50 150 100 0
50 150 100 0
50 150 100 0
50 150 100 0
50 150 100 0
50 150 100 0
50 150 100 0
50 150 100 0
50 150 100 0
50 150 100 0
 81 92 83 0
 121 155 134 0
 118 143 122 0
 120 144 125 0
 114 140 122 0
 93 121 103 0
 81 112 95 0
 67 99 80 0
 68 86 72 0
 75 104 89 0
 91 117 105 0
 117 127 115 0
 165 156 147 1
 98 116 104 0
 67 79 73 0
 77 109 98 0
 71 82 72 0
 98 109 100 0
 69 69 67 0
 84 99 99 0
 79 102 92 0
 82 112 102 0
 67 80 77 0
 86 113 109 0
 73 101 101 0
 72 112 102 0
 66 99 90 0
 81 117 107 0
 86 118 115 0
 92 126 127 0
 71 103 97 0
 83 123 109 0
 81 117 109 0
 89 125 116 0
 132 149 142 0
 197 181 180 1
50 150 100 0
50 150 100 0
50 150 100 0
50 150 100 0
50 150 100 0
50 150 100 0
50 150 100 0
50 150 100 0
50 150 100 0
50 150 100 0
50 150 100 0
50 150 100 0
50 150 100 0
50 150 100 0
50 150 100 0
50 150 100 0
50 150 100 0
50 150 100 0
50 150 100 0
50 150 100 0
50 150 100 0
50 150 100 0
50 150 100 0
50 150 100 0
50 150 100 0
 128 152 136 0
 116 145 123 0
 110 131 111 0
 96 118 101 0
 106 135 117 0
 74 106 86 0
 82 118 100 0
 70 90 74 0
 90 118 105 0
 78 91 81 0
 95 101 91 0
 131 127 118 0
 65 78 68 0
 79 92 85 0
 78 110 98 0
 70 91 79 0
 90 96 87 0
 97 115 113 0
 102 125 121 0
 75 100 88 0
 91 124 116 0
 77 89 82 0
 67 90 87 0
 86 112 110 0
 69 107 98 0
 73 104 95 0
 65 96 90 0
 98 132 130 0
 75 105 106 0
 82 119 108 0
 74 110 98 0
 77 115 106 0
 116 140 129 0
 183 174 168 1
 145 139 134 0
50 150 100 0
50 150 100 0
50 150 100 0
50 150 100 0
50 150 100 0
50 150 100 0
50 150 100 0
50 150 100 0
50 150 100 0
50 150 100 0
50 150 100 0
50 150 100 0
50 150 100 0
50 150 100 0
50 150 100 0
50 150 100 0
50 150 100 0
50 150 100 0
50 150 100 0
50 150 100 0
50 150 100 0
50 150 100 0
50 150 100 0
50 150 100 0
50 150 100 0
 126 147 133 0
 120 143 126 0
 93 110 90 0
 108 128 111 0
 93 123 107 0
 93 130 111 0
 65 97 81 0
 61 85 69 0
 84 114 96 0
 90 115 105 0
 159 152 143 1
 116 117 106 0
 83 105 92 0
 69 78 75 0
 70 99 89 0
 57 73 64 0
 95 104 95 0
 102 115 109 0
 85 101 92 0
 87 119 107 0
 70 104 90 0
 79 97 85 0
 73 97 90 0
 65 89 87 0
 63 96 89 0
 75 107 97 0
 86 120 114 0
 82 115 113 0
 80 120 112 0
 82 121 106 0
 72 104 93 0
 80 114 105 0
 145 154 144 0
 142 141 133 0
 0 0 0 0
50 150 100 0
50 150 100 0
50 150 100 0
50 150 100 0
50 150 100 0
50 150 100 0
50 150 100 0
50 150 100 0
50 150 100 0
50 150 100 0
50 150 100 0
50 150 100 0
50 150 100 0
50 150 100 0
50 150 100 0
50 150 100 0
50 150 100 0
50 150 100 0
50 150 100 0
50 150 100 0
50 150 100 0
50 150 100 0
50 150 100 0
50 150 100 0
50 150 100 0
50 150 100 0
 35 42 34 0
 101 124 103 0
 109 133 117 0
 75 99 86 0
 90 125 108 0
 73 109 90 0
 65 93 78 0
 68 89 72 0
 105 119 108 0
 152 138 132 1
 103 100 93 0
 86 103 97 0
 89 116 110 0
 70 94 87 0
 106 117 110 0
 95 106 100 0
 109 125 119 0
 83 99 91 0
 72 103 87 0
 76 114 102 0
 78 103 91 0
 74 98 89 0
 63 84 82 0
 58 87 81 0
 82 119 109 0
 90 129 122 0
 68 97 92 0
 73 112 102 0
 81 120 103 0
 85 115 103 0
 125 139 128 0
 183 175 168 1
 130 135 127 0
50 150 100 0
50 150 100 0
50 150 100 0
50 150 100 0
50 150 100 0
50 150 100 0
50 150 100 0
50 150 100 0
50 150 100 0
50 150 100 0
50 150 100 0
50 150 100 0
50 150 100 0
50 150 100 0
50 150 100 0
50 150 100 0
50 150 100 0
50 150 100 0
50 150 100 0
50 150 100 0
50 150 100 0
50 150 100 0
50 150 100 0
50 150 100 0
50 150 100 0
50 150 100 0
50 150 100 0
 94 109 100 0
 107 129 113 0
 112 140 120 0
 104 128 112 0
 82 106 91 0
 75 111 92 0
 56 87 71 0
 84 118 102 0
 86 92 83 0
 152 146 140 1
 107 115 108 0
 128 134 143 0
 102 122 120 0
 66 77 71 0
 88 100 96 0
 102 114 107 0
 99 116 111 0
 63 91 77 0
 70 109 95 0
 65 93 76 0
 70 96 82 0
 65 85 76 0
 89 111 110 0
 62 87 84 0
 70 111 101 0
 86 124 117 0
 62 88 79 0
 70 108 94 0
 79 120 99 0
 117 137 127 0
 168 164 156 1
 131 141 131 0
50 150 100 0
50 150 100 0
50 150 100 0
50 150 100 0
50 150 100 0
50 150 100 0
50 150 100 0
50 150 100 0
50 150 100 0
50 150 100 0
50 150 100 0
50 150 100 0
50 150 100 0
50 150 100 0
50 150 100 0
50 150 100 0
50 150 100 0
50 150 100 0
50 150 100 0
50 150 100 0
50 150 100 0
50 150 100 0
50 150 100 0
50 150 100 0
50 150 100 0
50 150 100 0
50 150 100 0
50 150 100 0
50 150 100 0
 114 129 118 0
 107 136 117 0
 91 117 101 0
 97 121 104 0
 90 123 106 0
 74 105 91 0
 85 120 106 0
 100 102 95 0
 111 113 106 0
 70 85 81 0
 88 109 104 0
 85 103 102 0
 63 76 72 0
 97 109 100 0
 73 82 75 0
 77 86 82 0
 66 95 82 0
 63 99 87 0
 75 103 88 0
 64 84 78 0
 96 117 114 0
 80 114 111 0
 72 102 96 0
 55 91 79 0
 73 111 103 0
 61 96 83 0
 78 122 102 0
 71 111 89 0
 198 191 182 1
 157 155 147 0
 118 133 122 0
50 150 100 0
50 150 100 0
50 150 100 0
50 150 100 0
50 150 100 0
50 150 100 0
50 150 100 0
50 150 100 0
50 150 100 0
50 150 100 0
50 150 100 0
50 150 100 0
50 150 100 0
50 150 100 0
50 150 100 0
50 150 100 0
50 150 100 0
50 150 100 0
50 150 100 0
50 150 100 0
50 150 100 0
50 150 100 0
50 150 100 0
50 150 100 0
50 150 100 0
50 150 100 0
50 150 100 0
50 150 100 0
50 150 100 0
 115 133 122 0
 101 126 114 0
 89 119 103 0
 68 89 75 0
 86 120 106 0
 64 88 78 0
 101 116 109 0
 134 131 126 1
 99 110 105 0
 82 105 100 0
 85 107 102 0
 68 87 81 0
 58 67 63 0
 93 109 99 0
 95 108 98 0
 97 109 103 0
 47 72 60 0
 70 103 91 0
 69 99 86 0
 78 98 92 0
 82 113 104 0
 61 91 85 0
 65 88 81 0
 63 98 85 0
 57 80 72 0
 65 105 88 0
 80 112 94 0
 112 128 117 0
 171 167 158 1
 119 131 120 0
50 150 100 0
50 150 100 0
50 150 100 0
50 150 100 0
50 150 100 0
50 150 100 0
50 150 100 0
50 150 100 0
50 150 100 0
50 150 100 0
50 150 100 0
50 150 100 0
50 150 100 0
50 150 100 0
50 150 100 0
50 150 100 0
50 150 100 0
50 150 100 0
50 150 100 0
50 150 100 0
50 150 100 0
50 150 100 0
50 150 100 0
50 150 100 0
50 150 100 0
50 150 100 0
50 150 100 0
50 150 100 0
50 150 100 0
50 150 100 0
50 150 100 0
 100 130 117 0
 75 101 87 0
 69 89 76 0
 82 118 105 0
 75 104 95 0
 91 98 96 0
 97 108 101 0
 68 81 79 0
 62 81 76 0
 88 108 100 0
 71 86 76 0
 81 97 86 0
 91 110 101 0
 75 83 79 0
 56 73 66 0
 78 103 95 0
 62 87 80 0
 96 120 116 0
 65 86 83 0
 61 84 77 0
 73 108 99 0
 61 87 78 0
 72 109 98 0
 52 76 66 0
 68 105 90 0
 87 117 101 0
 148 149 142 1
 132 142 132 0
 101 112 104 0
50 150 100 0
50 150 100 0
50 150 100 0
50 150 100 0
50 150 100 0
50 150 100 0
50 150 100 0
50 150 100 0
50 150 100 0
50 150 100 0
50 150 100 0
50 150 100 0
50 150 100 0
50 150 100 0
50 150 100 0
50 150 100 0
50 150 100 0
50 150 100 0
50 150 100 0
50 150 100 0
50 150 100 0
50 150 100 0
50 150 100 0
50 150 100 0
50 150 100 0
50 150 100 0
50 150 100 0
50 150 100 0
50 150 100 0
50 150 100 0
50 150 100 0
 81 115 100 0
 67 96 83 0
 89 125 109 0
 67 86 73 0
 74 98 91 0
 167 147 144 1
 116 122 114 0
 88 103 99 0
 79 105 101 0
 75 89 79 0
 54 66 58 0
 79 93 83 0
 93 111 101 0
 89 107 98 0
 66 85 77 0
 87 110 107 0
 67 82 86 0
 65 91 83 0
 73 103 92 0
 56 74 66 0
 68 99 93 0
 77 113 101 0
 64 100 89 0
 62 90 78 0
 68 108 92 0
 151 157 147 0
 166 160 155 1
 117 128 119 0
 0 0 0 0
50 150 100 0
50 150 100 0
50 150 100 0
50 150 100 0
50 150 100 0
50 150 100 0
50 150 100 0
50 150 100 0
50 150 100 0
50 150 100 0
50 150 100 0
50 150 100 0
50 150 100 0
50 150 100 0
50 150 100 0
50 150 100 0
50 150 100 0
50 150 100 0
50 150 100 0
50 150 100 0
50 150 100 0
50 150 100 0
50 150 100 0
50 150 100 0
50 150 100 0
50 150 100 0
50 150 100 0
50 150 100 0
50 150 100 0
50 150 100 0
50 150 100 0
 14 23 17 0
 88 115 103 0
 78 102 91 0
 82 118 103 0
 101 126 118 0
 146 142 138 1
 83 99 91 0
 70 87 82 0
 66 95 88 0
 97 116 103 0
 71 77 71 0
 98 113 103 0
 71 87 80 0
 62 73 67 0
 70 94 86 0
 108 113 127 0
 80 107 102 0
 96 114 112 0
 61 85 76 0
 65 87 79 0
 65 99 90 0
 62 96 86 0
 68 99 87 0
 67 103 89 0
 109 133 119 0
 173 161 155 1
 115 122 121 0
 118 132 125 0
50 150 100 0
50 150 100 0
50 150 100 0
50 150 100 0
50 150 100 0
50 150 100 0
50 150 100 0
50 150 100 0
50 150 100 0
50 150 100 0
50 150 100 0
50 150 100 0
50 150 100 0
50 150 100 0
50 150 100 0
50 150 100 0
50 150 100 0
50 150 100 0
50 150 100 0
50 150 100 0
50 150 100 0
50 150 100 0
50 150 100 0
50 150 100 0
50 150 100 0
50 150 100 0
50 150 100 0
50 150 100 0
50 150 100 0
50 150 100 0
50 150 100 0
50 150 100 0
50 150 100 0
 57 79 67 0
 59 72 65 0
 94 109 102 0
 94 120 112 0
 164 162 155 1
 59 69 64 0
 60 81 74 0
 86 109 98 0
 73 87 76 0
 76 80 75 0
 93 112 102 0
 93 110 104 0
 60 79 74 0
 74 98 91 0
 140 143 159 0
 58 84 80 0
 59 76 70 0
 50 69 60 0
 72 98 90 0
 67 101 90 0
 55 78 71 0
 56 77 68 0
 88 117 110 0
 143 145 138 1
 149 150 151 1
 101 111 109 0
 0 0 0 0
50 150 100 0
50 150 100 0
50 150 100 0
50 150 100 0
50 150 100 0
50 150 100 0
50 150 100 0
50 150 100 0
50 150 100 0
50 150 100 0
50 150 100 0
50 150 100 0
50 150 100 0
50 150 100 0
50 150 100 0
50 150 100 0
50 150 100 0
50 150 100 0
50 150 100 0
50 150 100 0
50 150 100 0
50 150 100 0
50 150 100 0
50 150 100 0
50 150 100 0
50 150 100 0
50 150 100 0
50 150 100 0
50 150 100 0
50 150 100 0
50 150 100 0
50 150 100 0
50 150 100 0
 35 46 40 0
 82 103 93 0
 78 91 90 0
 111 132 126 0
 139 136 129 1
 65 80 72 0
 82 100 97 0
 67 83 77 0
 91 110 100 0
 90 102 96 0
 82 104 99 0
 86 104 103 0
 68 94 88 0
 81 105 102 0
 103 120 123 0
 63 90 85 0
 75 90 87 0
 64 77 73 0
 65 85 79 0
 51 80 71 0
 65 100 87 0
 68 87 80 0
 98 124 116 0
 152 151 147 1
 120 130 127 0
 113 126 123 0
50 150 100 0
50 150 100 0
50 150 100 0
50 150 100 0
50 150 100 0
50 150 100 0
50 150 100 0
50 150 100 0
50 150 100 0
50 150 100 0
50 150 100 0
50 150 100 0
50 150 100 0
50 150 100 0
50 150 100 0
50 150 100 0
50 150 100 0
50 150 100 0
50 150 100 0
50 150 100 0
50 150 100 0
50 150 100 0
50 150 100 0
50 150 100 0
50 150 100 0
50 150 100 0
50 150 100 0
50 150 100 0
50 150 100 0
50 150 100 0
50 150 100 0
50 150 100 0
50 150 100 0
50 150 100 0
50 150 100 0
 67 83 76 0
 95 108 107 0
 158 159 152 1
 118 122 113 0
 78 102 91 0
 80 102 100 0
 91 113 106 0
 90 114 104 0
 74 84 78 0
 88 111 104 0
 65 82 78 0
 48 62 59 0
 62 84 81 0
 80 98 101 0
 50 71 66 0
 113 125 130 0
 78 91 87 0
 59 81 74 0
 68 108 97 0
 77 109 96 0
 74 96 87 0
 121 135 127 0
 98 107 104 0
 132 152 147 0
 84 95 90 0
50 150 100 0
50 150 100 0
50 150 100 0
50 150 100 0
50 150 100 0
50 150 100 0
50 150 100 0
50 150 100 0
50 150 100 0
50 150 100 0
50 150 100 0
50 150 100 0
50 150 100 0
50 150 100 0
50 150 100 0
50 150 100 0
50 150 100 0
50 150 100 0
50 150 100 0
50 150 100 0
50 150 100 0
50 150 100 0
50 150 100 0
50 150 100 0
50 150 100 0
50 150 100 0
50 150 100 0
50 150 100 0
50 150 100 0
50 150 100 0
50 150 100 0
50 150 100 0
50 150 100 0
50 150 100 0
50 150 100 0
 87 111 102 0
 72 91 84 0
 171 169 171 1
 101 116 103 0
 60 77 67 0
 70 94 91 0
 72 90 84 0
 92 120 114 0
 68 75 71 0
 77 105 95 0
 52 75 68 0
 45 59 54 0
 59 82 72 0
 54 73 71 0
 62 83 75 0
 52 70 64 0
 58 65 63 0
 56 66 63 0
 66 105 101 0
 61 91 80 0
 67 86 74 0
 135 135 131 1
 89 95 89 0
 109 125 116 0
50 150 100 0
50 150 100 0
50 150 100 0
50 150 100 0
50 150 100 0
50 150 100 0
50 150 100 0
50 150 100 0
50 150 100 0
50 150 100 0
50 150 100 0
50 150 100 0
50 150 100 0
50 150 100 0
50 150 100 0
50 150 100 0
50 150 100 0
50 150 100 0
50 150 100 0
50 150 100 0
50 150 100 0
50 150 100 0
50 150 100 0
50 150 100 0
50 150 100 0
50 150 100 0
50 150 100 0
50 150 100 0
50 150 100 0
50 150 100 0
50 150 100 0
50 150 100 0
50 150 100 0
50 150 100 0
50 150 100 0
50 150 100 0
50 150 100 0
 54 67 62 0
 117 132 125 1
 74 89 78 0
 53 70 60 0
 56 79 70 0
 87 113 102 0
 69 84 76 0
 70 95 85 0
 69 82 74 0
 76 107 100 0
 61 81 73 0
 70 97 85 0
 61 80 77 0
 40 56 49 0
 56 60 58 0
 70 77 73 0
 58 78 76 0
 67 109 99 0
 58 84 70 0
 84 107 92 0
 133 141 131 1
 110 126 117 0
 81 97 87 0
50 150 100 0
50 150 100 0
50 150 100 0
50 150 100 0
50 150 100 0
50 150 100 0
50 150 100 0
50 150 100 0
50 150 100 0
50 150 100 0
50 150 100 0
50 150 100 0
50 150 100 0
50 150 100 0
50 150 100 0
50 150 100 0
50 150 100 0
50 150 100 0
50 150 100 0
50 150 100 0
50 150 100 0
50 150 100 0
50 150 100 0
50 150 100 0
50 150 100 0
50 150 100 0
50 150 100 0
50 150 100 0
50 150 100 0
50 150 100 0
50 150 100 0
50 150 100 0
50 150 100 0
50 150 100 0
50 150 100 0
50 150 100 0
50 150 100 0
 86 100 93 0
 128 148 142 1
 63 78 71 0
 83 117 105 0
 77 111 102 0
 85 108 102 0
 61 77 68 0
 86 110 101 0
 66 88 79 0
 51 74 71 0
 47 61 56 0
 53 73 65 0
 46 63 57 0
 62 78 69 0
 51 56 49 0
 78 94 91 0
 70 87 87 0
 49 75 72 0
 58 83 69 0
 124 133 122 1
 87 97 87 0
 99 113 102 0
 23 28 25 0
50 150 100 0
50 150 100 0
50 150 100 0
50 150 100 0
50 150 100 0
50 150 100 0
50 150 100 0
50 150 100 0
50 150 100 0
50 150 100 0
50 150 100 0
50 150 100 0
50 150 100 0
50 150 100 0
50 150 100 0
50 150 100 0
50 150 100 0
50 150 100 0
50 150 100 0
50 150 100 0
50 150 100 0
50 150 100 0
50 150 100 0
50 150 100 0
50 150 100 0
50 150 100 0
50 150 100 0
50 150 100 0
50 150 100 0
50 150 100 0
50 150 100 0
50 150 100 0
50 150 100 0
50 150 100 0
50 150 100 0
50 150 100 0
50 150 100 0
50 150 100 0
 110 124 117 1
 71 95 84 0
 58 85 77 0
 66 95 86 0
 67 88 83 0
 94 118 106 0
 72 93 85 0
 54 73 65 0
 72 92 86 0
 63 91 82 0
 53 75 68 0
 67 90 84 0
 68 78 68 0
 78 81 79 0
 82 109 106 0
 67 90 84 0
 51 81 74 0
 76 112 98 0
 137 134 129 1
 88 94 86 0
 112 123 119 0
50 150 100 0
50 150 100 0
50 150 100 0
50 150 100 0
50 150 100 0
50 150 100 0
50 150 100 0
50 150 100 0
50 150 100 0
50 150 100 0
50 150 100 0
50 150 100 0
50 150 100 0
50 150 100 0
50 150 100 0
50 150 100 0
50 150 100 0
50 150 100 0
50 150 100 0
50 150 100 0
50 150 100 0
50 150 100 0
50 150 100 0
50 150 100 0
50 150 100 0
50 150 100 0
50 150 100 0
50 150 100 0
50 150 100 0
50 150 100 0
50 150 100 0
50 150 100 0
50 150 100 0
50 150 100 0
50 150 100 0
50 150 100 0
50 150 100 0
50 150 100 0
50 150 100 0
 93 113 101 0
 45 61 53 0
 75 109 96 0
 50 74 66 0
 85 114 106 0
 59 79 71 0
 80 105 93 0
 63 101 88 0
 65 78 71 0
 48 70 62 0
 52 72 66 0
 58 85 77 0
 56 71 65 0
 69 90 83 0
 64 91 86 0
 60 74 69 0
 70 104 95 0
 69 83 76 0
 79 82 82 0
 107 114 110 0
50 150 100 0
50 150 100 0
50 150 100 0
50 150 100 0
50 150 100 0
50 150 100 0
50 150 100 0
50 150 100 0
50 150 100 0
50 150 100 0
50 150 100 0
50 150 100 0
50 150 100 0
50 150 100 0
50 150 100 0
50 150 100 0
50 150 100 0
50 150 100 0
50 150 100 0
50 150 100 0
50 150 100 0
50 150 100 0
50 150 100 0
50 150 100 0
50 150 100 0
50 150 100 0
50 150 100 0
50 150 100 0
50 150 100 0
50 150 100 0
50 150 100 0
50 150 100 0
50 150 100 0
50 150 100 0
50 150 100 0
50 150 100 0
50 150 100 0
50 150 100 0
50 150 100 0
50 150 100 0
50 150 100 0
 50 70 60 0
 58 82 74 0
 69 114 103 0
 61 88 79 0
 66 86 75 0
 64 85 73 0
 47 73 63 0
 85 116 105 0
 58 91 80 0
 42 58 50 0
 51 67 61 0
 61 82 73 0
 50 69 63 0
 52 75 69 0
 74 105 94 0
 61 83 74 0
 196 174 176 1
 140 131 130 1
 109 118 117 0
50 150 100 0
50 150 100 0
50 150 100 0
50 150 100 0
50 150 100 0
50 150 100 0
50 150 100 0
50 150 100 0
50 150 100 0
50 150 100 0
50 150 100 0
50 150 100 0
50 150 100 0
50 150 100 0
50 150 100 0
50 150 100 0
50 150 100 0
50 150 100 0
50 150 100 0
50 150 100 0
50 150 100 0
50 150 100 0
50 150 100 0
50 150 100 0
50 150 100 0
50 150 100 0
50 150 100 0
50 150 100 0
50 150 100 0
50 150 100 0
50 150 100 0
50 150 100 0
50 150 100 0
50 150 100 0
50 150 100 0
50 150 100 0
50 150 100 0
50 150 100 0
50 150 100 0
50 150 100 0
50 150 100 0
 73 104 92 0
 65 121 104 0
 50 85 71 0
 72 105 92 0
 73 90 79 0
 51 67 55 0
 44 65 57 0
 66 91 85 0
 40 59 54 0
 54 77 69 0
 60 81 72 0
 44 59 53 0
 50 65 62 0
 62 92 86 0
 52 73 61 0
 83 102 92 0
 143 130 126 1
 96 98 94 0
50 150 100 0
50 150 100 0
50 150 100 0
50 150 100 0
50 150 100 0
50 150 100 0
50 150 100 0
50 150 100 0
50 150 100 0
50 150 100 0
50 150 100 0
50 150 100 0
50 150 100 0
50 150 100 0
50 150 100 0
50 150 100 0
50 150 100 0
50 150 100 0
50 150 100 0
50 150 100 0
50 150 100 0
50 150 100 0
50 150 100 0
50 150 100 0
50 150 100 0
50 150 100 0
50 150 100 0
50 150 100 0
50 150 100 0
50 150 100 0
50 150 100 0
50 150 100 0
50 150 100 0
50 150 100 0
50 150 100 0
50 150 100 0
50 150 100 0
50 150 100 0
50 150 100 0
50 150 100 0
50 150 100 0
50 150 100 0
50 150 100 0
 66 117 102 0
 41 62 54 0
 49 60 56 0
 51 69 61 0
 57 81 70 0
 33 50 42 0
 61 84 75 0
 44 63 54 0
 65 86 77 0
 49 66 60 0
 61 83 74 0
 54 73 66 0
 68 104 94 0
 53 65 59 0
 79 101 87 0
 137 117 111 1
 84 84 78 0
50 150 100 0
50 150 100 0
50 150 100 0
50 150 100 0
50 150 100 0
50 150 100 0
50 150 100 0
50 150 100 0
50 150 100 0
50 150 100 0
50 150 100 0
50 150 100 0
50 150 100 0
50 150 100 0
50 150 100 0
50 150 100 0
50 150 100 0
50 150 100 0
50 150 100 0
50 150 100 0
50 150 100 0
50 150 100 0
50 150 100 0
50 150 100 0
50 150 100 0
50 150 100 0
50 150 100 0
50 150 100 0
50 150 100 0
50 150 100 0
50 150 100 0
50 150 100 0
50 150 100 0
50 150 100 0
50 150 100 0
50 150 100 0
50 150 100 0
50 150 100 0
50 150 100 0
50 150 100 0
50 150 100 0
50 150 100 0
50 150 100 0
 50 97 82 0
 38 61 53 0
 69 97 89 0
 46 61 57 0
 72 99 89 0
 46 60 53 0
 65 87 81 0
 55 89 76 0
 46 56 50 0
 61 76 70 0
 52 68 63 0
 42 57 50 0
 56 83 73 0
 67 83 76 0
 118 117 108 1
 109 114 109 0
50 150 100 0
50 150 100 0
50 150 100 0
50 150 100 0
50 150 100 0
50 150 100 0
50 150 100 0
50 150 100 0
50 150 100 0
50 150 100 0
50 150 100 0
50 150 100 0
50 150 100 0
50 150 100 0
50 150 100 0
50 150 100 0
50 150 100 0
50 150 100 0
50 150 100 0
50 150 100 0
50 150 100 0
50 150 100 0
50 150 100 0
50 150 100 0
50 150 100 0
50 150 100 0
50 150 100 0
50 150 100 0
50 150 100 0
50 150 100 0
50 150 100 0
50 150 100 0
50 150 100 0
50 150 100 0
50 150 100 0
50 150 100 0
50 150 100 0
50 150 100 0
50 150 100 0
50 150 100 0
50 150 100 0
50 150 100 0
50 150 100 0
50 150 100 0
 10 16 13 0
 83 107 103 0
 54 72 71 0
 60 86 78 0
 45 62 54 0
 48 71 58 0
 49 73 61 0
 34 50 42 0
 62 77 69 0
 45 53 48 0
 60 73 64 0
 52 64 61 0
 62 80 73 0
 84 102 94 0
 147 135 128 1
 90 92 86 0
50 150 100 0
50 150 100 0
50 150 100 0
50 150 100 0
50 150 100 0
50 150 100 0
50 150 100 0
50 150 100 0
50 150 100 0
50 150 100 0
50 150 100 0
50 150 100 0
50 150 100 0
50 150 100 0
50 150 100 0
50 150 100 0
50 150 100 0
50 150 100 0
50 150 100 0
50 150 100 0
50 150 100 0
50 150 100 0
50 150 100 0
50 150 100 0
50 150 100 0
50 150 100 0
50 150 100 0
50 150 100 0
50 150 100 0
50 150 100 0
50 150 100 0
50 150 100 0
50 150 100 0
50 150 100 0
50 150 100 0
50 150 100 0
50 150 100 0
50 150 100 0
50 150 100 0
50 150 100 0
50 150 100 0
50 150 100 0
50 150 100 0
50 150 100 0
50 150 100 0
50 150 100 0
50 150 100 0
50 150 100 0
50 150 100 0
50 150 100 0
50 150 100 0
50 150 100 0
50 150 100 0
50 150 100 0
50 150 100 0
50 150 100 0
50 150 100 0
50 150 100 0
50 150 100 0
50 150 100 0
50 150 100 0
50 150 100 0
50 150 100 0
50 150 100 0
50 150 100 0
50 150 100 0
50 150 100 0
50 150 100 0
50 150 100 0
50 150 100 0
50 150 100 0
50 150 100 0
50 150 100 0
50 150 100 0
50 150 100 0
50 150 100 0
50 150 100 0
50 150 100 0
50 150 100 0
50 150 100 0
50 150 100 0
50 150 100 0
50 150 100 0
50 150 100 0
50 150 100 0
50 150 100 0
50 150 100 0
50 150 100 0
50 150 100 0
50 150 100 0
50 150 100 0
50 150 100 0
50 150 100 0
50 150 100 0
50 150 100 0
50 150 100 0
50 150 100 0
50 150 100 0
50 150 100 0
50 150 100 0
50 150 100 0
50 150 100 0
50 150 100 0
50 150 100 0
50 150 100 0
50 150 100 0
50 150 100 0
50 150 100 0
50 150 100 0
50 150 100 0
50 150 100 0
50 150 100 0
50 150 100 0
50 150 100 0
50 150 100 0
50 150 100 0
50 150 100 0
50 150 100 0
50 150 100 0
50 150 100 0
50 150 100 0
50 150 100 0
50 150 100 0
50 150 100 0
50 150 100 0
50 150 100 0
50 150 100 0
50 150 100 0
50 150 100 0
50 150 100 0
50 150 100 0
50 150 100 0
50 150 100 0
50 150 100 0
50 150 100 0
50 150 100 0
50 150 100 0
50 150 100 0
50 150 100 0
50 150 100 0
50 150 100 0
50 150 100 0
50 150 100 0
50 150 100 0
50 150 100 0
50 150 100 0
50 150 100 0
50 150 100 0
50 150 100 0
50 150 100 0
50 150 100 0
50 150 100 0
50 150 100 0
50 150 100 0
50 150 100 0
50 150 100 0
50 150 100 0
50 150 100 0
50 150 100 0
50 150 100 0
50 150 100 0
50 150 100 0
50 150 100 0
50 150 100 0
50 150 100 0
50 150 100 0
50 150 100 0
50 150 100 0
50 150 100 0
50 150 100 0
50 150 100 0
50 150 100 0
50 150 100 0
50 150 100 0
50 150 100 0
50 150 100 0
50 150 100 0
50 150 100 0
50 150 100 0
50 150 100 0
50 150 100 0
50 150 100 0
50 150 100 0
50 150 100 0
50 150 100 0
50 150 100 0
50 150 100 0
50 150 100 0
50 150 100 0
50 150 100 0
50 150 100 0
50 150 100 0
50 150 100 0
50 150 100 0
50 150 100 0
50 150 100 0
50 150 100 0
50 150 100 0
50 150 100 0
50 150 100 0
50 150 100 0
50 150 100 0
50 150 100 0
50 150 100 0
50 150 100 0
50 150 100 0
50 150 100 0
50 150 100 0
50 150 100 0
50 150 100 0
50 150 100 0
50 150 100 0
50 150 100 0
50 150 100 0
50 150 100 0
50 150 100 0
50 150 100 0
50 150 100 0
50 150 100 0
50 150 100 0
50 150 100 0
50 150 100 0
50 150 100 0
50 150 100 0
50 150 100 0
50 150 100 0
50 150 100 0
50 150 100 0
50 150 100 0
50 150 100 0
50 150 100 0
50 150 100 0
50 150 100 0
50 150 100 0
50 150 100 0
50 150 100 0
50 150 100 0
50 150 100 0
50 150 100 0
50 150 100 0
50 150 100 0
50 150 100 0
50 150 100 0
50 150 100 0
50 150 100 0
50 150 100 0
50 150 100 0
50 150 100 0
50 150 100 0
50 150 100 0
50 150 100 0
50 150 100 0
50 150 100 0
50 150 100 0
50 150 100 0
50 150 100 0
50 150 100 0
50 150 100 0
50 150 100 0
50 150 100 0
50 150 100 0
50 150 100 0

