 84 107 76 0
 80 103 71 0
 76 99 67 0
 75 91 63 0
 91 112 81 0
 92 118 84 0
 86 113 79 0
 88 118 82 0
 86 116 81 0
 90 120 85 0
 89 120 85 0
 91 124 87 0
 117 150 118 0
 94 127 92 0
 89 122 92 0
 91 123 90 0
 87 117 85 0
 85 120 90 0
 91 127 98 0
 87 120 94 0
 96 132 106 0
 89 125 99 0
 93 131 105 0
 94 134 107 0
 96 133 106 0
 88 123 97 0
 85 119 95 0
 97 127 103 0
 94 118 92 0
 85 109 83 0
 100 124 100 0
 105 127 104 0
 110 132 109 0
 93 115 92 0
 95 113 91 0
 105 126 104 0
 89 113 91 0
 95 121 100 0
 100 126 107 0
 102 126 106 0
 106 128 110 0
 100 126 108 0
 104 126 107 0
 109 135 117 0
 104 131 114 0
 107 130 112 0
 96 119 104 0
 105 131 115 0
 110 129 115 0
 109 131 118 0
 116 141 130 0
 115 136 121 0
 120 140 126 0
 113 136 122 0
 118 139 122 0
 121 138 124 0
 117 138 124 0
 113 133 120 0
 132 150 138 0
 116 137 122 0
 85 109 77 0
 80 103 71 0
 74 96 64 0
 81 103 71 0
 81 99 69 0
 95 120 86 0
 87 114 79 0
 85 114 79 0
 83 114 79 0
 92 123 88 0
 90 121 85 0
 91 123 88 0
 93 126 91 0
 95 127 93 0
 78 111 78 0
 92 125 92 0
 87 118 85 0
 86 120 90 0
 91 128 99 0
 92 125 99 0
 95 131 105 0
 91 126 101 0
 96 133 107 0
 94 134 107 0
 90 128 102 0
 89 125 98 0
 80 115 90 0
 98 128 103 0
 92 116 89 0
 105 130 104 0
 133 160 137 0
 106 128 105 0
 105 128 104 0
 95 116 93 0
 94 112 90 0
 93 116 94 0
 96 121 98 0
 99 125 104 0
 100 125 107 0
 99 123 104 0
 107 129 112 0
 95 119 101 0
 108 130 111 0
 98 125 109 0
 108 134 115 0
 101 122 105 0
 97 123 108 0
 107 131 116 0
 116 135 122 0
 114 137 126 0
 123 149 136 0
 114 134 121 0
 119 140 127 0
 114 138 121 0
 121 141 124 0
 126 144 129 0
 120 143 128 0
 121 140 126 0
 113 134 119 0
 118 139 124 0
 84 108 76 0
 79 103 71 0
 75 97 65 0
 78 100 68 0
 88 108 77 0
 98 122 88 0
 88 115 80 0
 83 111 76 0
 86 116 81 0
 90 121 86 0
 90 122 85 0
 93 128 92 0
 91 124 89 0
 105 137 106 0
 90 123 89 0
 87 119 87 0
 91 122 89 0
 91 124 93 0
 89 126 96 0
 94 128 101 0
 94 131 105 0
 103 131 108 0
 96 131 105 0
 95 133 107 0
 88 124 98 0
 88 122 96 0
 94 128 103 0
 98 128 103 0
 95 119 92 0
 107 132 107 0
 115 141 116 0
 102 125 101 0
 101 120 97 0
 99 119 96 0
 91 110 88 0
 99 122 99 0
 90 115 92 0
 99 125 105 0
 97 122 106 0
 92 117 100 0
 107 131 114 0
 96 117 99 0
 103 125 107 0
 105 132 115 0
 106 132 113 0
 108 133 114 0
 101 127 111 0
 111 132 116 0
 133 152 139 0
 120 143 132 0
 113 137 125 0
 116 136 123 0
 115 138 123 0
 116 139 121 0
 118 138 121 0
 130 150 135 0
 123 145 130 0
 123 141 128 0
 111 132 117 0
 118 139 124 0
 82 103 72 0
 82 105 73 0
 75 96 64 0
 76 97 65 0
 86 109 77 0
 98 121 87 0
 91 117 83 0
 86 113 78 0
 89 120 84 0
 85 116 81 0
 96 128 92 0
 87 123 86 0
 102 137 102 0
 98 131 99 0
 94 128 93 0
 80 113 82 0
 89 120 88 0
 97 129 98 0
 88 123 94 0
 83 118 89 0
 97 133 107 0
 124 143 121 0
 98 130 105 0
 94 131 105 0
 91 128 101 0
 86 119 94 0
 96 130 105 0
 96 126 100 0
 95 119 91 0
 106 129 103 0
 112 137 112 0
 103 125 101 0
 101 118 95 0
 99 118 93 0
 93 112 91 0
 102 125 102 0
 89 112 90 0
 95 121 102 0
 99 124 108 0
 90 114 98 0
 105 130 113 0
 99 118 99 0
 102 127 109 0
 104 132 113 0
 108 134 115 0
 74 94 79 0
 106 130 114 0
 110 132 115 0
 122 143 129 0
 118 141 130 0
 108 129 120 0
 117 138 126 0
 114 137 122 0
 117 137 121 0
 131 149 134 0
 127 150 135 0
 126 145 131 0
 115 133 120 0
 110 132 117 0
 123 143 128 0
 83 105 72 0
 83 106 74 0
 75 96 64 0
 74 95 63 0
 81 105 73 0
 100 124 90 0
 90 116 82 0
 85 114 78 0
 91 121 84 0
 92 123 87 0
 116 146 111 0
 89 124 86 0
 93 129 94 0
 102 136 105 0
 93 127 93 0
 85 118 87 0
 89 120 90 0
 95 129 97 0
 87 123 94 0
 85 119 91 0
 96 131 106 0
 138 151 130 0
 103 133 108 0
 95 131 105 0
 88 125 98 0
 89 120 96 0
 95 129 104 0
 90 120 93 0
 96 120 92 0
 102 124 97 0
 109 134 108 0
 87 108 83 0
 101 117 94 0
 98 116 92 0
 102 122 101 0
 90 111 88 0
 99 125 105 0
 93 117 99 0
 104 129 113 0
 91 114 99 0
 109 135 116 0
 101 121 101 0
 100 126 109 0
 100 128 110 0
 107 133 114 0
 100 123 107 0
 105 127 111 0
 117 136 121 0
 117 138 126 0
 105 126 117 0
 108 128 118 0
 113 135 121 0
 117 139 123 0
 115 132 117 0
 127 146 131 0
 129 153 137 0
 121 140 126 0
 116 136 122 0
 110 132 117 0
 126 144 130 0
 85 108 75 0
 84 108 75 0
 78 101 69 0
 72 91 59 0
 81 105 72 0
 98 123 89 0
 96 121 87 0
 86 115 79 0
 89 120 83 0
 92 124 87 0
 102 131 97 0
 93 127 90 0
 92 128 92 0
 105 141 109 0
 93 128 94 0
 88 122 90 0
 92 123 92 0
 95 126 96 0
 86 123 92 0
 91 125 99 0
 95 130 105 0
 146 152 132 0
 106 135 109 0
 92 128 102 0
 76 107 82 0
 97 126 101 0
 96 128 103 0
 88 117 91 0
 99 122 94 0
 103 125 98 0
 102 125 99 0
 115 138 115 0
 100 117 94 0
 97 115 91 0
 99 120 100 0
 95 117 96 0
 96 121 100 0
 100 125 108 0
 89 112 97 0
 98 121 106 0
 108 136 117 0
 105 126 107 0
 98 124 108 0
 97 125 108 0
 108 135 115 0
 104 128 110 0
 105 127 110 0
 111 129 115 0
 113 134 121 0
 101 122 112 0
 111 132 120 0
 109 132 118 0
 117 137 121 0
 118 133 119 0
 127 146 132 0
 117 138 123 0
 120 139 125 0
 118 140 124 0
 118 138 123 0
 124 141 127 0
 85 106 75 0
 82 106 73 0
 80 102 70 0
 72 88 59 0
 86 108 75 0
 98 124 90 0
 99 123 89 0
 86 114 79 0
 93 123 87 0
 93 124 88 0
 92 121 85 0
 96 130 94 0
 87 123 88 0
 97 137 105 0
 90 128 95 0
 88 123 92 0
 91 123 92 0
 94 124 93 0
 84 119 89 0
 93 129 102 0
 99 132 108 0
 154 155 136 0
 99 129 101 0
 94 128 101 0
 84 120 94 0
 94 120 95 0
 95 126 101 0
 81 107 82 0
 96 119 91 0
 105 129 103 0
 85 105 79 0
 103 126 101 0
 99 116 92 0
 95 113 90 0
 94 117 97 0
 108 130 109 0
 101 125 103 0
 100 125 107 0
 94 116 99 0
 111 140 121 0
 95 126 105 0
 108 130 112 0
 82 106 90 0
 100 128 111 0
 109 135 116 0
 105 128 110 0
 114 134 117 0
 109 128 115 0
 111 130 117 0
 108 128 117 0
 110 132 119 0
 114 135 121 0
 119 137 123 0
 123 138 124 0
 119 139 124 0
 115 133 119 0
 120 142 126 0
 118 140 124 0
 120 138 124 0
 124 140 126 0
 11 16 9 0
 80 100 71 0
 82 105 73 0
 79 102 70 0
 73 90 59 0
 91 116 82 0
 102 127 93 0
 94 120 86 0
 96 127 92 0
 95 126 90 0
 90 121 84 0
 120 149 115 0
 90 126 91 0
 81 118 85 0
 87 128 98 0
 88 128 97 0
 86 119 89 0
 95 126 95 0
 83 116 86 0
 93 129 102 0
 95 129 104 0
 133 142 121 0
 95 124 96 0
 94 127 100 0
 90 125 99 0
 98 124 99 0
 95 126 100 0
 76 104 78 0
 95 118 91 0
 103 127 99 0
 88 108 82 0
 97 116 91 0
 100 116 93 0
 90 108 85 0
 96 118 99 0
 104 129 109 0
 99 123 101 0
 101 128 108 0
 99 122 103 0
 97 121 103 0
 101 133 113 0
 101 123 106 0
 101 128 112 0
 108 134 116 0
 103 130 111 0
 113 135 117 0
 116 136 119 0
 111 128 115 0
 113 131 119 0
 109 131 118 0
 110 130 117 0
 111 131 117 0
 121 136 122 0
 122 139 125 0
 115 135 120 0
 114 132 118 0
 119 142 126 0
 121 140 126 0
 122 139 125 0
 127 142 128 0
50 150 100 0
 77 96 68 0
 80 103 71 0
 80 104 71 0
 80 99 67 0
 97 120 85 0
 103 128 93 0
 99 126 90 0
 94 126 90 0
 99 131 96 0
 89 121 84 0
 97 125 90 0
 93 128 92 0
 96 132 103 0
 88 129 100 0
 82 123 92 0
 89 125 94 0
 95 126 95 0
 89 120 90 0
 89 126 98 0
 92 127 101 0
 117 133 112 0
 95 120 93 0
 88 123 94 0
 91 128 101 0
 96 125 99 0
 96 124 99 0
 90 119 92 0
 99 122 94 0
 99 123 95 0
 90 110 85 0
 98 117 92 0
 102 118 95 0
 98 115 93 0
 98 118 100 0
 104 129 108 0
 96 119 97 0
 100 127 108 0
 98 116 97 0
 95 125 107 0
 89 127 107 0
 102 125 108 0
 98 125 109 0
 106 132 114 0
 104 129 111 0
 119 140 121 0
 115 134 116 0
 111 128 115 0
 110 129 117 0
 108 129 116 0
 109 129 116 0
 112 130 116 0
 122 138 124 0
 120 139 124 0
 112 130 116 0
 115 134 119 0
 121 143 128 0
 122 139 126 0
 125 141 127 0
 124 138 125 0
50 150 100 0
 72 89 64 0
 79 101 70 0
 79 103 71 0
 82 106 72 0
 98 120 85 0
 100 125 89 0
 103 129 93 0
 93 123 87 0
 98 131 95 0
 88 121 84 0
 92 122 86 0
 103 134 100 0
 91 125 91 0
 93 131 101 0
 81 122 90 0
 90 130 99 0
 85 117 86 0
 95 125 95 0
 88 125 97 0
 89 125 99 0
 95 128 102 0
 103 121 101 0
 91 126 96 0
 90 126 99 0
 96 124 98 0
 92 121 95 0
 88 118 91 0
 97 121 92 0
 95 118 91 0
 90 111 86 0
 100 118 94 0
 99 115 91 0
 95 113 90 0
 97 117 98 0
 97 122 102 0
 97 122 102 0
 98 124 105 0
 101 118 99 0
 95 119 102 0
 90 124 106 0
 106 129 113 0
 104 129 113 0
 97 124 107 0
 106 130 111 0
 120 140 121 0
 110 128 112 0
 107 124 112 0
 106 125 113 0
 107 126 113 0
 112 131 117 0
 116 132 118 0
 122 138 124 0
 116 135 120 0
 114 131 117 0
 119 140 125 0
 118 137 123 0
 124 140 126 0
 124 139 125 0
 119 132 119 0
50 150 100 0
50 150 100 0
 80 101 71 0
 82 106 74 0
 76 101 68 0
 89 114 79 0
 96 120 85 0
 99 124 89 0
 94 123 88 0
 95 128 93 0
 88 121 84 0
 90 122 86 0
 99 129 97 0
 93 126 93 0
 88 124 93 0
 79 119 88 0
 86 131 99 0
 85 118 86 0
 95 127 96 0
 91 128 99 0
 92 128 102 0
 92 126 99 0
 110 129 110 0
 91 125 95 0
 85 123 95 0
 94 123 97 0
 89 119 91 0
 84 113 85 0
 94 118 88 0
 94 118 90 0
 95 115 90 0
 106 122 99 0
 93 108 85 0
 99 118 96 0
 97 116 95 0
 93 118 99 0
 97 125 106 0
 97 122 103 0
 107 122 104 0
 90 116 100 0
 92 123 105 0
 105 129 113 0
 105 129 113 0
 101 126 109 0
 114 134 115 0
 117 137 118 0
 108 126 111 0
 108 125 113 0
 109 127 115 0
 112 130 116 0
 111 129 114 0
 120 135 122 0
 117 134 120 0
 115 135 120 0
 118 137 122 0
 117 137 123 0
 120 137 124 0
 121 136 123 0
 121 136 122 0
50 150 100 0
50 150 100 0
50 150 100 0
 71 89 63 0
 85 109 77 0
 79 103 71 0
 82 106 72 0
 92 118 82 0
 96 120 85 0
 96 124 88 0
 92 125 89 0
 86 119 83 0
 87 120 83 0
 98 129 96 0
 95 127 94 0
 91 125 93 0
 79 119 88 0
 88 135 102 0
 82 115 84 0
 93 128 99 0
 89 127 97 0
 87 125 97 0
 93 128 102 0
 104 127 105 0
 91 125 95 0
 79 115 87 0
 90 120 93 0
 85 114 86 0
 80 108 81 0
 93 115 87 0
 96 119 92 0
 93 114 89 0
 104 121 97 0
 100 113 90 0
 101 119 97 0
 104 125 103 0
 76 98 80 0
 87 116 99 0
 99 122 104 0
 107 123 107 0
 88 111 94 0
 101 128 111 0
 102 126 108 0
 104 128 111 0
 111 134 115 0
 118 138 119 0
 109 131 114 0
 112 129 115 0
 114 131 118 0
 116 134 120 0
 109 126 113 0
 121 136 122 0
 135 149 138 0
 111 129 115 0
 115 135 120 0
 118 137 122 0
 118 135 122 0
 119 134 122 0
 120 136 123 0
 67 75 68 0
50 150 100 0
50 150 100 0
50 150 100 0
50 150 100 0
 84 109 76 0
 86 111 77 0
 80 105 71 0
 91 116 81 0
 96 121 85 0
 94 121 85 0
 90 124 87 0
 82 117 80 0
 87 121 84 0
 99 132 98 0
 92 124 91 0
 95 129 96 0
 84 123 92 0
 85 129 96 0
 85 126 94 0
 78 112 82 0
 91 130 101 0
 83 120 90 0
 104 141 115 0
 103 132 109 0
 93 126 96 0
 79 115 87 0
 91 119 92 0
 85 114 85 0
 83 111 84 0
 95 117 89 0
 92 116 88 0
 88 111 85 0
 100 118 93 0
 103 117 93 0
 98 117 95 0
 106 128 108 0
 117 145 129 0
 83 109 94 0
 112 131 119 0
 101 117 103 0
 97 119 103 0
 105 132 114 0
 102 125 106 0
 109 132 113 0
 116 136 116 0
 114 133 116 0
 111 132 116 0
 114 131 117 0
 113 131 118 0
 117 135 121 0
 113 131 117 0
 119 134 120 0
 120 135 124 0
 112 130 116 0
 112 130 116 0
 119 137 124 0
 117 133 120 0
 116 132 119 0
 117 133 120 0
50 150 100 0
50 150 100 0
50 150 100 0
50 150 100 0
50 150 100 0
 80 101 71 0
 90 117 81 0
 85 111 75 0
 96 122 85 0
 95 122 84 0
 96 120 85 0
 91 123 87 0
 81 114 78 0
 87 121 84 0
 91 129 94 0
 91 125 93 0
 90 125 92 0
 85 124 94 0
 88 130 98 0
 85 128 97 0
 85 120 90 0
 90 130 99 0
 82 115 87 0
 88 125 99 0
 108 136 116 0
 91 124 95 0
 83 116 88 0
 86 115 88 0
 86 114 85 0
 87 116 86 0
 76 99 72 0
 94 116 88 0
 91 111 87 0
 100 118 93 0
 95 110 86 0
 97 116 95 0
 108 131 110 0
 97 119 100 0
 81 101 91 0
 106 126 114 0
 104 120 107 0
 105 126 110 0
 104 130 112 0
 102 127 107 0
 108 131 112 0
 114 133 115 0
 107 125 109 0
 110 130 115 0
 110 127 114 0
 108 126 113 0
 113 130 118 0
 118 134 121 0
 122 136 123 0
 113 128 115 0
 115 134 120 0
 107 123 110 0
 119 136 123 0
 122 136 124 0
 115 131 119 0
 113 129 117 0
50 150 100 0
50 150 100 0
50 150 100 0
50 150 100 0
50 150 100 0
50 150 100 0
 91 117 83 0
 90 116 80 0
 97 123 85 0
 94 121 82 0
 91 118 80 0
 90 119 83 0
 78 113 78 0
 84 119 83 0
 88 126 90 0
 89 124 94 0
 89 123 90 0
 84 123 92 0
 88 129 99 0
 85 131 102 0
 87 124 94 0
 90 127 97 0
 84 118 89 0
 91 128 101 0
 97 129 107 0
 89 121 94 0
 87 120 91 0
 82 110 83 0
 91 121 91 0
 81 104 78 0
 95 116 88 0
 82 101 78 0
 96 117 92 0
 96 115 90 0
 93 108 85 0
 99 120 98 0
 110 135 115 0
 93 114 98 0
 92 112 100 0
 110 131 117 0
 104 123 106 0
 102 124 108 0
 97 122 103 0
 101 125 107 0
 108 129 112 0
 114 133 115 0
 96 114 101 0
 113 131 117 0
 109 127 113 0
 109 127 114 0
 114 131 119 0
 118 134 121 0
 115 129 117 0
 112 128 115 0
 115 134 120 0
 116 133 120 0
 118 132 120 0
 116 131 119 0
 110 126 114 0
50 150 100 0
50 150 100 0
50 150 100 0
50 150 100 0
50 150 100 0
50 150 100 0
50 150 100 0
 85 109 76 0
 89 118 81 0
 93 120 83 0
 94 123 84 0
 89 116 77 0
 89 117 81 0
 81 115 81 0
 81 118 82 0
 91 129 95 0
 81 116 86 0
 91 124 92 0
 87 125 92 0
 88 130 101 0
 87 133 104 0
 90 130 100 0
 85 121 90 0
 82 116 87 0
 92 126 100 0
 92 132 106 0
 88 118 92 0
 87 121 92 0
 80 108 82 0
 87 117 88 0
 89 118 88 0
 92 112 84 0
 93 113 86 0
 99 118 93 0
 96 115 90 0
 93 109 86 0
 94 115 93 0
 96 123 103 0
 93 115 97 0
 101 119 104 0
 108 129 115 0
 105 124 107 0
 98 122 104 0
 102 125 106 0
 77 100 83 0
 108 128 111 0
 110 129 112 0
 112 131 119 0
 110 128 114 0
 109 127 114 0
 102 119 107 0
 113 130 117 0
 115 130 117 0
 114 129 118 0
 114 131 118 0
 116 134 120 0
 115 130 118 0
 117 131 119 0
 112 128 116 0
 101 119 107 0
50 150 100 0
50 150 100 0
50 150 100 0
50 150 100 0
50 150 100 0
50 150 100 0
50 150 100 0
50 150 100 0
 88 117 80 0
 88 116 78 0
 93 121 85 0
 88 117 79 0
 87 115 78 0
 85 119 83 0
 89 127 91 0
 84 121 86 0
 86 121 91 0
 90 124 93 0
 91 128 95 0
 86 128 98 0
 89 136 107 0
 85 130 99 0
 84 118 88 0
 81 115 86 0
 101 131 105 0
 83 123 97 0
 85 116 90 0
 87 120 91 0
 80 109 81 0
 80 112 82 0
 88 117 86 0
 91 111 82 0
 93 111 85 0
 94 113 88 0
 89 108 84 0
 100 116 94 0
 96 117 95 0
 91 120 99 0
 82 102 82 0
 103 120 105 0
 101 124 108 0
 100 122 104 0
 103 125 107 0
 100 124 106 0
 106 128 112 0
 115 135 118 0
 111 129 112 0
 113 135 121 0
 103 121 107 0
 108 126 113 0
 105 119 107 0
 110 129 115 0
 120 135 124 0
 109 126 115 0
 109 127 113 0
 116 133 120 0
 117 132 120 0
 112 129 116 0
 108 125 114 0
50 150 100 0
50 150 100 0
50 150 100 0
50 150 100 0
50 150 100 0
50 150 100 0
50 150 100 0
50 150 100 0
50 150 100 0
 90 115 81 0
 87 117 79 0
 85 112 76 0
 91 121 85 0
 82 111 76 0
 88 122 85 0
 86 126 89 0
 85 123 88 0
 128 161 130 0
 87 121 90 0
 91 129 96 0
 87 129 99 0
 88 135 107 0
 83 132 102 0
 78 115 82 0
 81 116 86 0
 73 102 76 0
 81 120 92 0
 81 112 87 0
 82 115 86 0
 83 114 85 0
 79 110 80 0
 89 118 88 0
 91 112 83 0
 96 115 88 0
 91 111 86 0
 93 112 88 0
 104 121 99 0
 92 112 91 0
 85 115 92 0
 90 110 90 0
 99 117 102 0
 92 116 101 0
 106 128 110 0
 98 121 103 0
 101 125 107 0
 98 120 105 0
 113 132 116 0
 111 132 117 0
 103 123 109 0
 108 125 112 0
 111 125 113 0
 111 127 114 0
 110 127 116 0
 109 123 115 0
 125 141 133 0
 112 130 116 0
 116 131 119 0
 117 131 120 0
 117 133 121 0
 107 123 112 0
50 150 100 0
50 150 100 0
50 150 100 0
50 150 100 0
50 150 100 0
50 150 100 0
50 150 100 0
50 150 100 0
50 150 100 0
 92 116 81 0
 86 115 76 0
 85 116 78 0
 91 123 87 0
 82 112 77 0
 88 123 87 0
 84 121 86 0
 84 126 90 0
 108 140 107 0
 86 120 89 0
 89 127 95 0
 86 128 97 0
 85 132 104 0
 122 171 143 0
 80 117 86 0
 83 118 87 0
 90 120 93 0
 84 119 91 0
 80 110 84 0
 82 116 86 0
 85 119 87 0
 83 112 82 0
 89 119 87 0
 88 111 82 0
 97 117 90 0
 92 111 85 0
 97 120 96 0
 100 120 98 0
 88 109 89 0
 88 114 92 0
 103 123 106 0
 103 121 107 0
 64 82 70 0
 101 124 108 0
 99 123 105 0
 77 98 84 0
 104 124 109 0
 109 127 112 0
 108 129 115 0
 109 128 113 0
 111 128 114 0
 117 130 117 0
 103 121 110 0
 106 121 113 0
 108 121 114 0
 112 129 119 0
 119 135 123 0
 110 124 113 0
 115 130 119 0
 110 125 114 0
 19 24 19 0
50 150 100 0
50 150 100 0
50 150 100 0
50 150 100 0
50 150 100 0
50 150 100 0
50 150 100 0
50 150 100 0
50 150 100 0
50 150 100 0
 88 113 77 0
 89 122 83 0
 90 123 87 0
 83 117 82 0
 85 119 84 0
 100 137 102 0
 85 127 92 0
 89 128 93 0
 86 120 88 0
 88 128 97 0
 86 128 99 0
 88 133 106 0
 76 125 97 0
 80 121 89 0
 78 111 81 0
 97 129 102 0
 87 122 92 0
 84 113 87 0
 82 115 85 0
 86 120 88 0
 85 114 82 0
 85 115 83 0
 84 108 80 0
 90 112 85 0
 87 105 80 0
 92 116 94 0
 100 122 100 0
 84 105 85 0
 92 117 95 0
 104 125 108 0
 104 123 110 0
 104 126 111 0
 89 111 93 0
 95 119 103 0
 92 113 99 0
 106 125 110 0
 104 122 107 0
 106 127 112 0
 112 132 116 0
 111 126 110 0
 115 129 116 0
 98 115 105 0
 105 117 109 0
 121 135 129 0
 128 146 135 0
 113 125 115 0
 102 114 105 0
 115 128 119 0
 101 111 102 0
50 150 100 0
50 150 100 0
50 150 100 0
50 150 100 0
50 150 100 0
50 150 100 0
50 150 100 0
50 150 100 0
50 150 100 0
50 150 100 0
50 150 100 0
 92 117 83 0
 91 123 84 0
 90 123 85 0
 84 119 84 0
 83 116 82 0
 80 117 83 0
 100 138 104 0
 87 129 93 0
 86 122 89 0
 87 127 96 0
 86 129 98 0
 86 131 104 0
 82 129 102 0
 77 119 89 0
 76 107 78 0
 95 127 100 0
 93 127 98 0
 86 115 88 0
 75 106 77 0
 84 119 87 0
 83 111 81 0
 82 110 80 0
 79 103 75 0
 82 104 78 0
 93 109 87 0
 75 90 77 0
 100 123 101 0
 94 115 94 0
 90 114 92 0
 97 118 102 0
 97 117 104 0
 100 120 107 0
 96 121 103 0
 83 105 90 0
 100 120 107 0
 105 124 111 0
 106 123 110 0
 107 128 114 0
 108 130 113 0
 109 124 108 0
 109 125 113 0
 105 121 111 0
 110 123 114 0
 123 140 134 0
 117 137 128 0
 88 100 92 0
 107 120 112 0
 110 123 113 0
50 150 100 0
50 150 100 0
50 150 100 0
50 150 100 0
50 150 100 0
50 150 100 0
50 150 100 0
50 150 100 0
50 150 100 0
50 150 100 0
50 150 100 0
50 150 100 0
50 150 100 0
 87 114 80 0
 86 123 85 0
 82 115 81 0
 81 113 80 0
 96 136 101 0
 100 138 105 0
 84 126 90 0
 83 122 88 0
 99 146 114 0
 78 121 89 0
 86 132 104 0
 85 132 105 0
 81 125 96 0
 71 104 73 0
 99 131 104 0
 81 114 83 0
 86 115 86 0
 80 108 80 0
 84 118 87 0
 75 104 75 0
 85 112 83 0
 77 101 75 0
 88 114 89 0
 76 92 72 0
 93 117 98 0
 109 132 111 0
 88 109 88 0
 87 108 89 0
 93 116 101 0
 74 91 80 0
 97 119 105 0
 82 105 90 0
 107 127 114 0
 104 124 110 0
 101 119 107 0
 111 128 115 0
 102 125 110 0
 104 127 112 0
 109 122 109 0
 105 122 110 0
 113 129 118 0
 115 128 119 0
 105 129 122 0
 112 127 118 0
 105 117 109 0
 110 123 115 0
 109 120 110 0
50 150 100 0
50 150 100 0
50 150 100 0
50 150 100 0
50 150 100 0
50 150 100 0
50 150 100 0
50 150 100 0
50 150 100 0
50 150 100 0
50 150 100 0
50 150 100 0
50 150 100 0
 89 116 82 0
 86 123 85 0
 84 118 82 0
 83 117 83 0
 87 124 89 0
 92 133 99 0
 91 133 98 0
 83 124 87 0
 84 125 92 0
 82 126 93 0
 86 133 105 0
 91 138 111 0
 77 119 92 0
 69 98 71 0
 93 128 101 0
 77 109 79 0
 82 111 82 0
 88 117 89 0
 78 110 80 0
 78 106 78 0
 85 109 81 0
 63 86 64 0
 84 114 89 0
 91 106 86 0
 102 127 108 0
 94 119 98 0
 86 108 88 0
 91 111 96 0
 102 126 110 0
 94 114 103 0
 79 101 89 0
 103 126 118 0
 90 110 99 0
 103 124 110 0
 101 117 106 0
 107 125 112 0
 94 120 106 0
 117 132 118 0
 91 105 94 0
 109 127 116 0
 111 125 115 0
 115 129 123 0
 96 118 110 0
 114 128 117 0
 113 127 118 0
 105 115 106 0
 64 69 58 0
50 150 100 0
50 150 100 0
50 150 100 0
50 150 100 0
50 150 100 0
50 150 100 0
50 150 100 0
50 150 100 0
50 150 100 0
50 150 100 0
50 150 100 0
50 150 100 0
50 150 100 0
50 150 100 0
 90 123 87 0
 86 124 88 0
 89 123 88 0
 87 123 89 0
 84 126 91 0
 88 132 97 0
 76 117 81 0
 85 131 99 0
 62 103 73 0
 80 123 94 0
 90 138 112 0
 76 117 91 0
 80 110 82 0
 95 129 103 0
 79 112 82 0
 74 104 75 0
 82 111 84 0
 84 115 86 0
 81 108 80 0
 74 98 73 0
 64 87 65 0
 77 107 82 0
 91 112 88 0
 95 116 100 0
 85 112 92 0
 73 93 75 0
 97 118 104 0
 96 120 107 0
 98 119 107 0
 82 102 90 0
 73 96 92 0
 94 113 102 0
 101 120 108 0
 108 124 112 0
 102 123 109 0
 99 123 109 0
 115 130 117 0
 106 122 111 0
 104 124 112 0
 114 127 117 0
 104 120 114 0
 107 124 114 0
 109 123 112 0
 114 126 117 0
 107 117 104 0
50 150 100 0
50 150 100 0
50 150 100 0
50 150 100 0
50 150 100 0
50 150 100 0
50 150 100 0
50 150 100 0
50 150 100 0
50 150 100 0
50 150 100 0
50 150 100 0
50 150 100 0
50 150 100 0
50 150 100 0
 85 113 81 0
 91 128 91 0
 86 122 87 0
 86 125 90 0
 84 126 91 0
 86 129 96 0
 81 124 87 0
 85 126 91 0
 82 126 95 0
 85 127 98 0
 85 131 106 0
 73 102 78 0
 86 112 84 0
 90 123 96 0
 80 114 83 0
 67 98 70 0
 84 114 86 0
 79 109 81 0
 82 111 83 0
 73 95 71 0
 75 104 78 0
 63 91 66 0
 75 92 73 0
 77 98 83 0
 83 111 91 0
 74 93 77 0
 93 114 100 0
 91 113 100 0
 92 113 100 0
 79 96 85 0
 89 113 101 0
 97 121 113 0
 96 116 104 0
 95 118 104 0
 96 114 99 0
 100 120 108 0
 102 117 104 0
 102 120 109 0
 103 123 111 0
 117 130 120 0
 103 120 111 0
 109 122 111 0
 123 135 124 0
 110 120 106 0
 0 0 0 0
50 150 100 0
50 150 100 0
50 150 100 0
50 150 100 0
50 150 100 0
50 150 100 0
50 150 100 0
50 150 100 0
50 150 100 0
50 150 100 0
50 150 100 0
50 150 100 0
50 150 100 0
50 150 100 0
50 150 100 0
50 150 100 0
 89 123 87 0
 83 122 87 0
 86 124 89 0
 87 131 97 0
 88 130 97 0
 83 127 90 0
 85 125 91 0
 85 128 97 0
 85 128 97 0
 80 126 99 0
 86 123 95 0
 88 115 89 0
 90 119 91 0
 83 117 88 0
 71 103 74 0
 78 109 81 0
 81 111 84 0
 81 110 83 0
 66 89 69 0
 81 114 88 0
 69 99 72 0
 83 108 83 0
 74 95 81 0
 62 84 65 0
 79 98 84 0
 87 108 95 0
 90 114 99 0
 92 114 100 0
 83 100 88 0
 86 114 102 0
 86 107 97 0
 86 109 94 0
 82 111 93 0
 99 120 104 0
 101 119 106 0
 107 120 108 0
 90 110 98 0
 110 126 115 0
 111 127 116 0
 101 118 106 0
 115 126 114 0
 122 133 122 0
 106 116 102 0
50 150 100 0
50 150 100 0
50 150 100 0
50 150 100 0
50 150 100 0
50 150 100 0
50 150 100 0
50 150 100 0
50 150 100 0
50 150 100 0
50 150 100 0
50 150 100 0
50 150 100 0
50 150 100 0
50 150 100 0
50 150 100 0
50 150 100 0
 78 104 73 0
 88 123 88 0
 82 124 89 0
 87 132 98 0
 85 128 96 0
 89 131 96 0
 76 116 84 0
 83 126 93 0
 82 124 94 0
 80 124 97 0
 77 118 89 0
 86 117 88 0
 79 110 81 0
 53 81 56 0
 81 115 88 0
 74 104 75 0
 78 107 81 0
 77 106 81 0
 68 95 72 0
 76 108 84 0
 65 92 70 0
 76 102 80 0
 69 94 77 0
 77 105 85 0
 74 95 79 0
 73 93 80 0
 79 105 88 0
 98 118 102 0
 81 97 84 0
 86 115 101 0
 87 110 97 0
 77 105 85 0
 74 104 87 0
 89 109 96 0
 108 124 110 0
 106 122 109 0
 84 102 90 0
 106 122 113 0
 100 121 109 0
 106 121 108 0
 120 131 118 0
 113 124 111 0
 104 113 95 0
50 150 100 0
50 150 100 0
50 150 100 0
50 150 100 0
50 150 100 0
50 150 100 0
50 150 100 0
50 150 100 0
50 150 100 0
50 150 100 0
50 150 100 0
50 150 100 0
50 150 100 0
50 150 100 0
50 150 100 0
50 150 100 0
50 150 100 0
50 150 100 0
 87 118 83 0
 81 119 84 0
 87 134 99 0
 82 127 95 0
 91 132 100 0
 90 131 99 0
 78 118 86 0
 80 124 93 0
 81 124 95 0
 72 114 83 0
 76 112 83 0
 84 112 83 0
 61 92 67 0
 76 109 82 0
 72 102 74 0
 69 98 73 0
 71 100 78 0
 69 97 74 0
 63 90 69 0
 61 86 68 0
 80 109 89 0
 54 78 63 0
 76 102 84 0
 84 110 93 0
 72 92 79 0
 67 94 76 0
 96 117 100 0
 67 85 73 0
 76 105 90 0
 75 100 82 0
 68 93 76 0
 69 96 80 0
 90 116 100 0
 95 115 100 0
 97 116 102 0
 101 119 108 0
 92 110 102 0
 99 120 107 0
 114 126 113 0
 113 123 111 0
 102 112 93 0
50 150 100 0
50 150 100 0
50 150 100 0
50 150 100 0
50 150 100 0
50 150 100 0
50 150 100 0
50 150 100 0
50 150 100 0
50 150 100 0
50 150 100 0
50 150 100 0
50 150 100 0
50 150 100 0
50 150 100 0
50 150 100 0
50 150 100 0
50 150 100 0
50 150 100 0
 80 109 77 0
 85 119 85 0
 89 136 102 0
 83 131 99 0
 84 127 96 0
 91 134 103 0
 81 121 89 0
 80 123 92 0
 82 123 93 0
 71 112 81 0
 76 114 83 0
 74 101 75 0
 84 114 86 0
 71 104 79 0
 84 118 93 0
 64 92 71 0
 60 91 69 0
 59 86 68 0
 66 92 74 0
 59 83 66 0
 75 105 85 0
 62 82 69 0
 71 93 77 0
 80 108 92 0
 72 94 81 0
 83 108 92 0
 83 105 88 0
 77 98 82 0
 81 109 92 0
 85 109 88 0
 79 103 85 0
 61 83 70 0
 81 108 92 0
 87 108 93 0
 99 121 105 0
 99 113 103 0
 87 109 97 0
 107 125 112 0
 110 120 109 0
 108 118 103 0
 96 106 86 0
50 150 100 0
50 150 100 0
50 150 100 0
50 150 100 0
50 150 100 0
50 150 100 0
50 150 100 0
50 150 100 0
50 150 100 0
50 150 100 0
50 150 100 0
50 150 100 0
50 150 100 0
50 150 100 0
50 150 100 0
50 150 100 0
50 150 100 0
50 150 100 0
50 150 100 0
50 150 100 0
 87 120 86 0
 92 134 100 0
 85 135 102 0
 76 122 90 0
 85 131 100 0
 88 128 97 0
 90 131 100 0
 80 119 90 0
 72 114 83 0
 81 122 90 0
 79 108 79 0
 81 112 83 0
 70 102 78 0
 52 79 59 0
 72 108 84 0
 66 98 75 0
 65 95 75 0
 58 83 66 0
 77 103 84 0
 60 84 69 0
 77 104 90 0
 77 101 83 0
 73 97 82 0
 61 80 68 0
 79 104 89 0
 74 97 79 0
 89 118 102 0
 94 117 96 0
 90 112 92 0
 87 108 91 0
 91 117 103 0
 85 105 91 0
 93 115 101 0
 102 120 107 0
 97 113 103 0
 89 111 99 0
 112 127 115 0
 109 119 106 0
 99 110 89 0
50 150 100 0
50 150 100 0
50 150 100 0
50 150 100 0
50 150 100 0
50 150 100 0
50 150 100 0
50 150 100 0
50 150 100 0
50 150 100 0
50 150 100 0
50 150 100 0
50 150 100 0
50 150 100 0
50 150 100 0
50 150 100 0
50 150 100 0
50 150 100 0
50 150 100 0
50 150 100 0
50 150 100 0
 90 123 89 0
 87 124 90 0
 85 135 103 0
 78 127 95 0
 78 129 98 0
 75 118 90 0
 76 119 90 0
 80 120 91 0
 80 119 89 0
 72 112 81 0
 74 101 73 0
 75 104 75 0
 75 110 82 0
 70 103 81 0
 60 89 68 0
 62 93 71 0
 53 82 63 0
 54 78 61 0
 61 80 67 0
 43 59 50 0
 69 96 81 0
 63 83 66 0
 86 112 96 0
 82 106 88 0
 72 95 80 0
 89 115 95 0
 83 113 95 0
 91 113 92 0
 94 114 96 0
 91 111 95 0
 92 119 104 0
 91 112 97 0
 88 111 97 0
 99 117 106 0
 96 118 107 0
 85 107 97 0
 96 112 102 0
 100 110 95 0
 90 100 81 0
50 150 100 0
50 150 100 0
50 150 100 0
50 150 100 0
50 150 100 0
50 150 100 0
50 150 100 0
50 150 100 0
50 150 100 0
50 150 100 0
50 150 100 0
50 150 100 0
50 150 100 0
50 150 100 0
50 150 100 0
50 150 100 0
50 150 100 0
50 150 100 0
50 150 100 0
50 150 100 0
50 150 100 0
 90 122 90 0
 92 128 95 0
 89 137 105 0
 80 129 100 0
 71 117 86 0
 71 121 91 0
 71 114 85 0
 72 109 81 0
 85 125 96 0
 71 107 77 0
 78 114 83 0
 73 100 71 0
 64 101 76 0
 63 99 77 0
 59 90 69 0
 74 105 86 0
 55 80 63 0
 76 107 89 0
 64 82 70 0
 54 78 63 0
 69 94 77 0
 83 104 84 0
 67 91 75 0
 82 104 85 0
 85 108 91 0
 88 113 94 0
 77 106 89 0
 95 119 99 0
 85 104 87 0
 94 119 105 0
 75 98 85 0
 82 105 89 0
 81 106 92 0
 78 95 87 0
 88 112 101 0
 93 114 102 0
 92 103 90 0
 85 93 78 0
50 150 100 0
50 150 100 0
50 150 100 0
50 150 100 0
50 150 100 0
50 150 100 0
50 150 100 0
50 150 100 0
50 150 100 0
50 150 100 0
50 150 100 0
50 150 100 0
50 150 100 0
50 150 100 0
50 150 100 0
50 150 100 0
50 150 100 0
50 150 100 0
50 150 100 0
50 150 100 0
50 150 100 0
50 150 100 0
50 150 100 0
 92 127 94 0
 89 131 100 0
 77 126 97 0
 74 118 88 0
 59 98 71 0
 73 114 86 0
 70 103 75 0
 91 127 102 0
 72 102 75 0
 69 105 76 0
 68 96 69 0
 51 85 69 0
 69 105 86 0
 50 75 62 0
 73 104 86 0
 68 95 76 0
 53 74 59 0
 63 87 73 0
 76 102 88 0
 66 92 74 0
 79 103 84 0
 80 104 86 0
 88 106 88 0
 85 101 84 0
 89 113 96 0
 72 91 79 0
 88 111 95 0
 93 112 95 0
 88 107 98 0
 74 91 80 0
 72 95 78 0
 74 99 85 0
 79 97 90 0
 82 107 94 0
 101 117 105 0
 100 108 93 0
 103 107 95 0
50 150 100 0
50 150 100 0
50 150 100 0
50 150 100 0
50 150 100 0
50 150 100 0
50 150 100 0
50 150 100 0
50 150 100 0
50 150 100 0
50 150 100 0
50 150 100 0
50 150 100 0
50 150 100 0
50 150 100 0
50 150 100 0
50 150 100 0
50 150 100 0
50 150 100 0
50 150 100 0
50 150 100 0
50 150 100 0
50 150 100 0
 88 122 91 0
 91 126 96 0
 84 131 103 0
 74 118 89 0
 82 129 101 0
 76 116 87 0
 72 110 81 0
 78 110 84 0
 84 115 84 0
 69 100 73 0
 61 90 65 0
 54 85 68 0
 57 92 74 0
 57 84 71 0
 71 104 84 0
 51 77 57 0
 45 61 48 0
 66 96 78 0
 60 84 70 0
 51 72 56 0
 64 84 67 0
 83 105 86 0
 97 114 93 0
 91 106 89 0
 85 105 86 0
 89 110 96 0
 79 100 85 0
 77 91 81 0
 78 96 83 0
 80 98 83 0
 81 105 87 0
 75 96 84 0
 75 96 83 0
 79 102 87 0
 98 108 94 0
 87 91 77 0
50 150 100 0
50 150 100 0
50 150 100 0
50 150 100 0
50 150 100 0
50 150 100 0
50 150 100 0
50 150 100 0
50 150 100 0
50 150 100 0
50 150 100 0
50 150 100 0
50 150 100 0
50 150 100 0
50 150 100 0
50 150 100 0
50 150 100 0
50 150 100 0
50 150 100 0
50 150 100 0
50 150 100 0
50 150 100 0
50 150 100 0
50 150 100 0
50 150 100 0
 89 123 94 0
 90 127 100 0
 84 131 102 0
 79 123 95 0
 70 110 81 0
 81 118 87 0
 74 103 76 0
 79 112 82 0
 73 105 77 0
 60 95 68 0
 59 92 72 0
 43 72 58 0
 84 119 104 0
 64 102 81 0
 54 76 59 0
 63 93 75 0
 70 102 81 0
 52 76 59 0
 66 89 69 0
 81 103 82 0
 84 105 84 0
 93 107 87 0
 90 111 89 0
 78 96 81 0
 91 113 100 0
 72 89 76 0
 87 113 98 0
 82 100 85 0
 84 108 89 0
 74 92 77 0
 86 105 91 0
 80 102 86 0
 78 93 79 0
 94 100 82 0
 101 104 89 0
50 150 100 0
50 150 100 0
50 150 100 0
50 150 100 0
50 150 100 0
50 150 100 0
50 150 100 0
50 150 100 0
50 150 100 0
50 150 100 0
50 150 100 0
50 150 100 0
50 150 100 0
50 150 100 0
50 150 100 0
50 150 100 0
50 150 100 0
50 150 100 0
50 150 100 0
50 150 100 0
50 150 100 0
50 150 100 0
50 150 100 0
50 150 100 0
50 150 100 0
 89 126 98 0
 80 114 87 0
 80 121 93 0
 81 125 97 0
 80 122 91 0
 77 114 82 0
 65 92 64 0
 73 104 76 0
 78 109 81 0
 65 112 81 0
 59 90 70 0
 41 65 53 0
 60 91 78 0
 53 84 69 0
 48 67 53 0
 62 90 73 0
 59 96 73 0
 65 92 71 0
 56 75 56 0
 75 99 77 0
 76 92 73 0
 84 102 82 0
 80 108 86 0
 68 80 69 0
 80 98 87 0
 89 106 94 0
 88 119 104 0
 86 106 89 0
 94 119 98 0
 84 101 84 0
 91 112 97 0
 86 106 89 0
 80 90 71 0
 93 99 81 0
50 150 100 0
50 150 100 0
50 150 100 0
50 150 100 0
50 150 100 0
50 150 100 0
50 150 100 0
50 150 100 0
50 150 100 0
50 150 100 0
50 150 100 0
50 150 100 0
50 150 100 0
50 150 100 0
50 150 100 0
50 150 100 0
50 150 100 0
50 150 100 0
50 150 100 0
50 150 100 0
50 150 100 0
50 150 100 0
50 150 100 0
50 150 100 0
50 150 100 0
50 150 100 0
50 150 100 0
 86 123 94 0
 85 124 93 0
 84 128 98 0
 79 121 89 0
 78 122 87 0
 74 111 77 0
 73 98 73 0
 75 105 79 0
 58 97 70 0
 53 85 62 0
 42 68 51 0
 54 80 70 0
 62 93 77 0
 55 71 59 0
 55 83 69 0
 54 90 71 0
 52 76 59 0
 67 100 77 0
 64 88 66 0
 64 84 68 0
 69 88 70 0
 76 102 82 0
 84 101 88 0
 72 86 78 0
 84 101 88 0
 77 101 88 0
 92 115 97 0
 98 116 96 0
 92 110 95 0
 82 100 85 0
 93 108 89 0
 84 92 71 0
 79 83 67 0
50 150 100 0
50 150 100 0
50 150 100 0
50 150 100 0
50 150 100 0
50 150 100 0
50 150 100 0
50 150 100 0
50 150 100 0
50 150 100 0
50 150 100 0
50 150 100 0
50 150 100 0
50 150 100 0
50 150 100 0
50 150 100 0
50 150 100 0
50 150 100 0
50 150 100 0
50 150 100 0
50 150 100 0
50 150 100 0
50 150 100 0
50 150 100 0
50 150 100 0
50 150 100 0
50 150 100 0
 82 118 89 0
 82 116 86 0
 88 129 99 0
 79 122 90 0
 74 117 83 0
 67 103 70 0
 63 89 63 0
 84 111 86 0
 53 91 66 0
 52 86 62 0
 70 102 86 0
 60 86 74 0
 57 87 72 0
 45 62 50 0
 59 79 66 0
 58 89 74 0
 59 91 70 0
 55 92 68 0
 59 81 60 0
 48 66 51 0
 61 83 66 0
 74 101 86 0
 67 85 73 0
 83 101 90 0
 66 82 73 0
 87 110 97 0
 91 114 96 0
 106 121 105 0
 90 105 92 0
 101 119 102 0
 89 100 80 0
 87 92 72 0
50 150 100 0
50 150 100 0
50 150 100 0
50 150 100 0
50 150 100 0
50 150 100 0
50 150 100 0
50 150 100 0
50 150 100 0
50 150 100 0
50 150 100 0
50 150 100 0
50 150 100 0
50 150 100 0
50 150 100 0
50 150 100 0
50 150 100 0
50 150 100 0
50 150 100 0
50 150 100 0
50 150 100 0
50 150 100 0
50 150 100 0
50 150 100 0
50 150 100 0
50 150 100 0
50 150 100 0
50 150 100 0
50 150 100 0
 72 107 76 0
 86 124 93 0
 78 120 89 0
 69 110 78 0
 67 101 72 0
 82 112 83 0
 64 92 68 0
 51 88 63 0
 46 72 54 0
 66 96 81 0
 47 63 54 0
 72 105 89 0
 61 86 71 0
 51 71 58 0
 52 75 65 0
 49 77 60 0
 60 100 74 0
 64 96 72 0
 64 88 69 0
 62 84 68 0
 63 90 75 0
 79 102 92 0
 66 87 75 0
 80 97 82 0
 84 103 89 0
 80 100 86 0
 92 107 93 0
 85 98 84 0
 92 108 90 0
 89 97 76 0
 74 79 61 0
50 150 100 0
50 150 100 0
50 150 100 0
50 150 100 0
50 150 100 0
50 150 100 0
50 150 100 0
50 150 100 0
50 150 100 0
50 150 100 0
50 150 100 0
50 150 100 0
50 150 100 0
50 150 100 0
50 150 100 0
50 150 100 0
50 150 100 0
50 150 100 0
50 150 100 0
50 150 100 0
50 150 100 0
50 150 100 0
50 150 100 0
50 150 100 0
50 150 100 0
50 150 100 0
50 150 100 0
50 150 100 0
50 150 100 0
 69 102 73 0
 89 121 91 0
 78 112 82 0
 73 109 79 0
 73 104 75 0
 72 104 77 0
 59 92 68 0
 69 106 80 0
 57 89 68 0
 52 76 61 0
 52 72 59 0
 54 86 70 0
 47 65 54 0
 67 97 83 0
 60 86 72 0
 55 84 65 0
 45 81 57 0
 46 76 57 0
 58 79 65 0
 72 98 84 0
 55 79 66 0
 66 90 82 0
 72 97 80 0
 72 93 77 0
 69 88 74 0
 88 107 95 0
 94 110 96 0
 94 106 90 0
 79 86 69 0
 86 93 72 0
50 150 100 0
50 150 100 0
50 150 100 0
50 150 100 0
50 150 100 0
50 150 100 0
50 150 100 0
50 150 100 0
50 150 100 0
50 150 100 0
50 150 100 0
50 150 100 0
50 150 100 0
50 150 100 0
50 150 100 0
50 150 100 0
50 150 100 0
50 150 100 0
50 150 100 0
50 150 100 0
50 150 100 0
50 150 100 0
50 150 100 0
50 150 100 0
50 150 100 0
50 150 100 0
50 150 100 0
50 150 100 0
50 150 100 0
50 150 100 0
50 150 100 0
 81 113 83 0
 78 106 78 0
 82 119 91 0
 75 101 73 0
 67 100 74 0
 48 79 57 0
 61 92 74 0
 51 81 63 0
 73 103 89 0
 53 73 60 0
 51 79 62 0
 58 81 68 0
 53 78 68 0
 57 84 69 0
 56 83 66 0
 46 74 58 0
 60 86 69 0
 47 59 49 0
 55 76 64 0
 53 70 62 0
 64 89 81 0
 62 86 70 0
 63 84 68 0
 67 86 71 0
 76 94 82 0
 99 113 98 0
 88 95 79 0
 79 86 67 0
 87 95 73 0
50 150 100 0
50 150 100 0
50 150 100 0
50 150 100 0
50 150 100 0
50 150 100 0
50 150 100 0
50 150 100 0
50 150 100 0
50 150 100 0
50 150 100 0
50 150 100 0
50 150 100 0
50 150 100 0
50 150 100 0
50 150 100 0
50 150 100 0
50 150 100 0
50 150 100 0
50 150 100 0
50 150 100 0
50 150 100 0
50 150 100 0
50 150 100 0
50 150 100 0
50 150 100 0
50 150 100 0
50 150 100 0
50 150 100 0
50 150 100 0
50 150 100 0
 82 117 86 0
 79 111 81 0
 70 103 75 0
 65 85 61 0
 79 109 83 0
 58 90 68 0
 46 71 52 0
 54 79 65 0
 61 94 77 0
 54 78 63 0
 54 78 62 0
 48 64 56 0
 59 84 75 0
 48 71 58 0
 42 64 48 0
 59 84 70 0
 57 83 67 0
 58 77 66 0
 55 76 65 0
 62 77 70 0
 66 91 83 0
 65 91 77 0
 62 81 66 0
 69 88 74 0
 73 91 78 0
 90 102 88 0
 86 92 75 0
 79 85 66 0
 0 0 0 0
50 150 100 0
50 150 100 0
50 150 100 0
50 150 100 0
50 150 100 0
50 150 100 0
50 150 100 0
50 150 100 0
50 150 100 0
50 150 100 0
50 150 100 0
50 150 100 0
50 150 100 0
50 150 100 0
50 150 100 0
50 150 100 0
50 150 100 0
50 150 100 0
50 150 100 0
50 150 100 0
50 150 100 0
50 150 100 0
50 150 100 0
50 150 100 0
50 150 100 0
50 150 100 0
50 150 100 0
50 150 100 0
50 150 100 0
50 150 100 0
50 150 100 0
 60 80 60 0
 76 111 84 0
 77 107 81 0
 66 89 65 0
 60 88 67 0
 49 75 57 0
 54 79 62 0
 46 63 52 0
 64 92 76 0
 62 86 73 0
 54 78 64 0
 57 79 66 0
 58 80 70 0
 35 50 42 0
 60 89 72 0
 41 62 50 0
 53 72 61 0
 70 94 83 0
 50 66 55 0
 61 73 66 0
 59 81 72 0
 58 83 70 0
 64 81 68 0
 66 82 70 0
 69 85 73 0
 78 84 73 0
 78 84 68 0
 88 93 75 0
50 150 100 0
50 150 100 0
50 150 100 0
50 150 100 0
50 150 100 0
50 150 100 0
50 150 100 0
50 150 100 0
50 150 100 0
50 150 100 0
50 150 100 0
50 150 100 0
50 150 100 0
50 150 100 0
50 150 100 0
50 150 100 0
50 150 100 0
50 150 100 0
50 150 100 0
50 150 100 0
50 150 100 0
50 150 100 0
50 150 100 0
50 150 100 0
50 150 100 0
50 150 100 0
50 150 100 0
50 150 100 0
50 150 100 0
50 150 100 0
50 150 100 0
50 150 100 0
50 150 100 0
 66 86 64 0
 80 107 82 0
 69 91 68 0
 77 100 75 0
 56 79 64 0
 48 64 52 0
 61 92 76 0
 76 100 84 0
 50 65 54 0
 42 59 46 0
 57 81 69 0
 48 69 58 0
 52 69 61 0
 45 70 52 0
 60 85 68 0
 42 58 52 0
 54 74 66 0
 65 85 71 0
 58 70 63 0
 61 83 73 0
 54 72 62 0
 61 76 65 0
 63 75 65 0
 70 80 68 0
 82 88 73 0
 80 85 70 0
 0 0 0 0
50 150 100 0
50 150 100 0
50 150 100 0
50 150 100 0
50 150 100 0
50 150 100 0
50 150 100 0
50 150 100 0
50 150 100 0
50 150 100 0
50 150 100 0
50 150 100 0
50 150 100 0
50 150 100 0
50 150 100 0
50 150 100 0
50 150 100 0
50 150 100 0
50 150 100 0
50 150 100 0
50 150 100 0
50 150 100 0
50 150 100 0
50 150 100 0
50 150 100 0
50 150 100 0
50 150 100 0
50 150 100 0
50 150 100 0
50 150 100 0
50 150 100 0
50 150 100 0
50 150 100 0
 83 106 80 0
 67 88 65 0
 82 111 85 0
 53 77 54 0
 58 80 63 0
 72 96 85 0
 52 82 67 0
 73 101 84 0
 71 83 70 0
 60 75 66 0
 53 78 65 0
 59 84 72 0
 37 59 47 0
 56 83 67 0
 43 59 48 0
 52 65 57 0
 57 76 68 0
 59 84 71 0
 57 74 63 0
 59 83 68 0
 52 68 59 0
 59 74 64 0
 71 81 74 0
 67 75 63 0
 73 80 66 0
 77 82 70 0
50 150 100 0
50 150 100 0
50 150 100 0
50 150 100 0
50 150 100 0
50 150 100 0
50 150 100 0
50 150 100 0
50 150 100 0
50 150 100 0
50 150 100 0
50 150 100 0
50 150 100 0
50 150 100 0
50 150 100 0
50 150 100 0
50 150 100 0
50 150 100 0
50 150 100 0
50 150 100 0
50 150 100 0
50 150 100 0
50 150 100 0
50 150 100 0
50 150 100 0
50 150 100 0
50 150 100 0
50 150 100 0
50 150 100 0
50 150 100 0
50 150 100 0
50 150 100 0
50 150 100 0
50 150 100 0
50 150 100 0
 81 105 79 0
 75 107 80 0
 50 77 56 0
 49 61 49 0
 62 78 67 0
 63 80 70 0
 69 98 79 0
 76 92 78 0
 58 76 65 0
 50 73 62 0
 54 77 65 0
 42 59 48 0
 58 81 70 0
 55 77 64 0
 65 88 76 0
 49 63 57 0
 50 72 62 0
 64 87 74 0
 56 77 62 0
 76 100 93 0
 50 64 55 0
 67 78 68 0
 67 72 62 0
 70 75 65 0
 78 83 73 0
50 150 100 0
50 150 100 0
50 150 100 0
50 150 100 0
50 150 100 0
50 150 100 0
50 150 100 0
50 150 100 0
50 150 100 0
50 150 100 0
50 150 100 0
50 150 100 0
50 150 100 0
50 150 100 0
50 150 100 0
50 150 100 0
50 150 100 0
50 150 100 0
50 150 100 0
50 150 100 0
50 150 100 0
50 150 100 0
50 150 100 0
50 150 100 0
50 150 100 0
50 150 100 0
50 150 100 0
50 150 100 0
50 150 100 0
50 150 100 0
50 150 100 0
50 150 100 0
50 150 100 0
50 150 100 0
50 150 100 0
 84 115 87 0
 77 117 89 0
 60 98 73 0
 46 67 52 0
 61 77 65 0
 81 102 86 0
 143 130 122 1
 89 93 80 0
 43 60 50 0
 57 76 66 0
 52 75 63 0
 41 53 43 0
 55 68 61 0
 49 60 53 0
 54 72 63 0
 50 66 60 0
 50 69 60 0
 50 70 58 0
 57 72 60 0
 48 57 52 0
 62 73 65 0
 55 59 52 0
 66 69 62 0
 68 74 65 0
50 150 100 0
50 150 100 0
50 150 100 0
50 150 100 0
50 150 100 0
50 150 100 0
50 150 100 0
50 150 100 0
50 150 100 0
50 150 100 0
50 150 100 0
50 150 100 0
50 150 100 0
50 150 100 0
50 150 100 0
50 150 100 0
50 150 100 0
50 150 100 0
50 150 100 0
50 150 100 0
50 150 100 0
50 150 100 0
50 150 100 0
50 150 100 0
50 150 100 0
50 150 100 0
50 150 100 0
50 150 100 0
50 150 100 0
50 150 100 0
50 150 100 0
50 150 100 0
50 150 100 0
50 150 100 0
50 150 100 0
50 150 100 0
50 150 100 0
 60 89 71 0
 55 90 68 0
 48 73 55 0
 58 76 63 0
 67 82 70 0
 223 185 185 1
 92 94 83 0
 57 74 63 0
 46 61 50 0
 59 89 71 0
 53 69 54 0
 53 64 58 0
 60 81 70 0
 49 61 54 0
 59 78 67 0
 50 69 57 0
 61 89 75 0
 61 80 68 0
 63 77 70 0
 56 65 58 0
 70 74 65 0
 68 72 66 0
 72 85 75 0
50 150 100 0
50 150 100 0
50 150 100 0
50 150 100 0
50 150 100 0
50 150 100 0
50 150 100 0
50 150 100 0
50 150 100 0
50 150 100 0
50 150 100 0
50 150 100 0
50 150 100 0
50 150 100 0
50 150 100 0
50 150 100 0
50 150 100 0
50 150 100 0
50 150 100 0
50 150 100 0
50 150 100 0
50 150 100 0
50 150 100 0
50 150 100 0
50 150 100 0
50 150 100 0
50 150 100 0
50 150 100 0
50 150 100 0
50 150 100 0
50 150 100 0
50 150 100 0
50 150 100 0
50 150 100 0
50 150 100 0
50 150 100 0
50 150 100 0
 58 79 67 0
 66 105 84 0
 57 88 70 0
 54 73 61 0
 80 95 82 0
 169 141 135 1
 50 61 51 0
 57 73 63 0
 58 71 60 0
 50 79 63 0
 49 61 50 0
 44 53 47 0
 54 72 60 0
 61 74 65 0
 51 62 54 0
 59 83 69 0
 50 69 56 0
 63 87 78 0
 51 68 59 0
 49 58 51 0
 72 79 68 0
 59 67 63 0
50 150 100 0
50 150 100 0
50 150 100 0
50 150 100 0
50 150 100 0
50 150 100 0
50 150 100 0
50 150 100 0
50 150 100 0
50 150 100 0
50 150 100 0
50 150 100 0
50 150 100 0
50 150 100 0
50 150 100 0
50 150 100 0
50 150 100 0
50 150 100 0
50 150 100 0
50 150 100 0
50 150 100 0
50 150 100 0
50 150 100 0
50 150 100 0
50 150 100 0
50 150 100 0
50 150 100 0
50 150 100 0
50 150 100 0
50 150 100 0
50 150 100 0
50 150 100 0
50 150 100 0
50 150 100 0
50 150 100 0
50 150 100 0
50 150 100 0
50 150 100 0
50 150 100 0
 57 86 67 0
 42 62 48 0
 49 64 56 0
 78 82 72 0
 151 127 119 1
 70 85 73 0
 53 72 60 0
 44 54 47 0
 61 82 70 0
 46 68 56 0
 56 77 65 0
 46 60 49 0
 62 82 68 0
 61 72 64 0
 49 70 58 0
 57 81 68 0
 48 68 61 0
 51 60 56 0
 59 69 59 0
 65 71 63 0
 67 86 82 0
50 150 100 0
50 150 100 0
50 150 100 0
50 150 100 0
50 150 100 0
50 150 100 0
50 150 100 0
50 150 100 0
50 150 100 0
50 150 100 0
50 150 100 0
50 150 100 0
50 150 100 0
50 150 100 0
50 150 100 0
50 150 100 0
50 150 100 0
50 150 100 0
50 150 100 0
50 150 100 0
50 150 100 0
50 150 100 0
50 150 100 0
50 150 100 0
50 150 100 0
50 150 100 0
50 150 100 0
50 150 100 0
50 150 100 0
50 150 100 0
50 150 100 0
50 150 100 0
50 150 100 0
50 150 100 0
50 150 100 0
50 150 100 0
50 150 100 0
50 150 100 0
50 150 100 0
 54 73 60 0
 59 82 68 0
 51 72 62 0
 79 97 83 0
 201 161 157 1
 57 69 59 0
 41 54 45 0
 63 88 78 0
 49 62 52 0
 40 59 48 0
 50 70 59 0
 55 70 59 0
 50 65 53 0
 53 63 54 0
 65 86 73 0
 64 81 76 0
 52 68 62 0
 49 56 52 0
 57 65 55 0
 57 68 63 0
50 150 100 0
50 150 100 0
50 150 100 0
50 150 100 0
50 150 100 0
50 150 100 0
50 150 100 0
50 150 100 0
50 150 100 0
50 150 100 0
50 150 100 0
50 150 100 0
50 150 100 0
50 150 100 0
50 150 100 0
50 150 100 0
50 150 100 0
50 150 100 0
50 150 100 0
50 150 100 0
50 150 100 0
50 150 100 0
50 150 100 0
50 150 100 0
50 150 100 0
50 150 100 0
50 150 100 0
50 150 100 0
50 150 100 0
50 150 100 0
50 150 100 0
50 150 100 0
50 150 100 0
50 150 100 0
50 150 100 0
50 150 100 0
50 150 100 0
50 150 100 0
50 150 100 0
50 150 100 0
50 150 100 0
 44 58 49 0
 49 64 55 0
 76 94 78 0
 129 107 96 1
 54 72 59 0
 49 63 56 0
 42 63 53 0
 51 67 55 0
 46 58 51 0
 58 83 71 0
 39 51 41 0
 49 60 51 0
 52 68 59 0
 64 83 73 0
 55 67 62 0
 47 57 50 0
 57 65 58 0
 72 83 74 0
 66 85 86 0
50 150 100 0
50 150 100 0
50 150 100 0
50 150 100 0
50 150 100 0
50 150 100 0
50 150 100 0
50 150 100 0
50 150 100 0
50 150 100 0
50 150 100 0
50 150 100 0
50 150 100 0
50 150 100 0
50 150 100 0
50 150 100 0
50 150 100 0
50 150 100 0
50 150 100 0
50 150 100 0
50 150 100 0
50 150 100 0
50 150 100 0
50 150 100 0
50 150 100 0
50 150 100 0
50 150 100 0
50 150 100 0
50 150 100 0
50 150 100 0
50 150 100 0
50 150 100 0
50 150 100 0
50 150 100 0
50 150 100 0
50 150 100 0
50 150 100 0
50 150 100 0
50 150 100 0
50 150 100 0
50 150 100 0
 65 93 79 0
 47 70 57 0
 109 108 93 0
 175 142 132 1
 41 57 46 0
 38 53 45 0
 55 76 68 0
 40 49 43 0
 57 67 62 0
 74 96 91 0
 47 60 49 0
 62 77 67 0
 47 56 51 0
 67 79 73 0
 55 66 59 0
 55 64 56 0
 55 61 56 0
 55 65 64 0
 13 17 17 0
50 150 100 0
50 150 100 0
50 150 100 0
50 150 100 0
50 150 100 0
50 150 100 0
50 150 100 0
50 150 100 0
50 150 100 0
50 150 100 0
50 150 100 0
50 150 100 0
50 150 100 0
50 150 100 0
50 150 100 0
50 150 100 0
50 150 100 0
50 150 100 0
50 150 100 0
50 150 100 0
50 150 100 0
50 150 100 0
50 150 100 0
50 150 100 0
50 150 100 0
50 150 100 0
50 150 100 0
50 150 100 0
50 150 100 0
50 150 100 0
50 150 100 0
50 150 100 0
50 150 100 0
50 150 100 0
50 150 100 0
50 150 100 0
50 150 100 0
50 150 100 0
50 150 100 0
50 150 100 0
50 150 100 0
50 150 100 0
 54 79 65 0
 69 82 69 0
 70 86 67 0
 50 76 62 0
 40 50 44 0
 50 69 60 0
 40 48 42 0
 53 71 63 0
 52 72 63 0
 40 48 43 0
 53 63 56 0
 56 61 57 0
 66 77 71 0
 47 56 49 0
 72 79 73 0
 58 66 61 0
 69 82 78 0
50 150 100 0
50 150 100 0
50 150 100 0
50 150 100 0
50 150 100 0
50 150 100 0
50 150 100 0
50 150 100 0
50 150 100 0
50 150 100 0
50 150 100 0
50 150 100 0
50 150 100 0
50 150 100 0
50 150 100 0
50 150 100 0
50 150 100 0
50 150 100 0
50 150 100 0
50 150 100 0
50 150 100 0
50 150 100 0
50 150 100 0
50 150 100 0
50 150 100 0
50 150 100 0
50 150 100 0
50 150 100 0
50 150 100 0
50 150 100 0
50 150 100 0
50 150 100 0
50 150 100 0
50 150 100 0
50 150 100 0
50 150 100 0
50 150 100 0
50 150 100 0
50 150 100 0
50 150 100 0
50 150 100 0
50 150 100 0
50 150 100 0
 34 49 38 0
 136 112 98 1
 66 79 62 0
 43 58 46 0
 51 74 66 0
 39 56 47 0
 34 46 39 0
 46 56 52 0
 50 65 59 0
 76 89 88 0
 61 74 64 0
 68 80 75 0
 60 69 65 0
 54 64 56 0
 62 69 66 0
 67 79 76 0
50 150 100 0
50 150 100 0
50 150 100 0
50 150 100 0
50 150 100 0
50 150 100 0
50 150 100 0
50 150 100 0
50 150 100 0
50 150 100 0
50 150 100 0
50 150 100 0
50 150 100 0
50 150 100 0
50 150 100 0
50 150 100 0
50 150 100 0
50 150 100 0
50 150 100 0
50 150 100 0
50 150 100 0
50 150 100 0
50 150 100 0
50 150 100 0
50 150 100 0
50 150 100 0
50 150 100 0
50 150 100 0
50 150 100 0
50 150 100 0
50 150 100 0
50 150 100 0
50 150 100 0
50 150 100 0
50 150 100 0
50 150 100 0
50 150 100 0
50 150 100 0
50 150 100 0
50 150 100 0
50 150 100 0
50 150 100 0
50 150 100 0
50 150 100 0
 38 62 47 0
 61 93 75 0
 53 73 55 0
 45 54 48 0
 34 43 35 0
 35 56 47 0
 57 75 66 0
 43 48 46 0
 55 63 61 0
 37 45 40 0
 53 63 57 0
 54 62 61 0
 59 66 61 0
 54 60 56 0
 64 82 84 0
 51 58 64 0
50 150 100 0
50 150 100 0
50 150 100 0
50 150 100 0
50 150 100 0
50 150 100 0
50 150 100 0
50 150 100 0
50 150 100 0
50 150 100 0
50 150 100 0
50 150 100 0
50 150 100 0
50 150 100 0
50 150 100 0
50 150 100 0
50 150 100 0
50 150 100 0
50 150 100 0
50 150 100 0
50 150 100 0
50 150 100 0
50 150 100 0
50 150 100 0
50 150 100 0
50 150 100 0
50 150 100 0
50 150 100 0
50 150 100 0
50 150 100 0
50 150 100 0
50 150 100 0
50 150 100 0
50 150 100 0
50 150 100 0
50 150 100 0
50 150 100 0
50 150 100 0
50 150 100 0
50 150 100 0
50 150 100 0
50 150 100 0
50 150 100 0
50 150 100 0
50 150 100 0
 132 127 115 1
 56 75 61 0
 36 54 43 0
 42 62 57 0
 22 34 27 0
 39 51 45 0
 39 47 43 0
 47 58 50 0
 43 48 46 0
 61 67 66 0
 44 48 46 0
 54 57 54 0
 63 68 67 0
 53 68 70 0
50 150 100 0
50 150 100 0
50 150 100 0
50 150 100 0
50 150 100 0
50 150 100 0
50 150 100 0
50 150 100 0
50 150 100 0
50 150 100 0
50 150 100 0
50 150 100 0
50 150 100 0
50 150 100 0
50 150 100 0
50 150 100 0
50 150 100 0
50 150 100 0
50 150 100 0
50 150 100 0
50 150 100 0
50 150 100 0
50 150 100 0
50 150 100 0
50 150 100 0
50 150 100 0
50 150 100 0
50 150 100 0
50 150 100 0
50 150 100 0
50 150 100 0
50 150 100 0
50 150 100 0
50 150 100 0
50 150 100 0
50 150 100 0
50 150 100 0
50 150 100 0
50 150 100 0
50 150 100 0
50 150 100 0
50 150 100 0
50 150 100 0
50 150 100 0
50 150 100 0
50 150 100 0
50 150 100 0
50 150 100 0
50 150 100 0
50 150 100 0
50 150 100 0
50 150 100 0
50 150 100 0
50 150 100 0
50 150 100 0
50 150 100 0
50 150 100 0
50 150 100 0
50 150 100 0
50 150 100 0
50 150 100 0
50 150 100 0
50 150 100 0
50 150 100 0
50 150 100 0
50 150 100 0
50 150 100 0
50 150 100 0
50 150 100 0
50 150 100 0
50 150 100 0
50 150 100 0
50 150 100 0
50 150 100 0
50 150 100 0
50 150 100 0
50 150 100 0
50 150 100 0
50 150 100 0
50 150 100 0
50 150 100 0
50 150 100 0
50 150 100 0
50 150 100 0
50 150 100 0
50 150 100 0
50 150 100 0
50 150 100 0
50 150 100 0
50 150 100 0
50 150 100 0
50 150 100 0
50 150 100 0
50 150 100 0
50 150 100 0
50 150 100 0
50 150 100 0
50 150 100 0
50 150 100 0
50 150 100 0
50 150 100 0
50 150 100 0
50 150 100 0
50 150 100 0
50 150 100 0
50 150 100 0
50 150 100 0
50 150 100 0
50 150 100 0
50 150 100 0
50 150 100 0
50 150 100 0
50 150 100 0
50 150 100 0
50 150 100 0
50 150 100 0
50 150 100 0
50 150 100 0
50 150 100 0
50 150 100 0
50 150 100 0
50 150 100 0
50 150 100 0
50 150 100 0
50 150 100 0
50 150 100 0
50 150 100 0
50 150 100 0
50 150 100 0
50 150 100 0
50 150 100 0
50 150 100 0
50 150 100 0
50 150 100 0
50 150 100 0
50 150 100 0
50 150 100 0
50 150 100 0
50 150 100 0
50 150 100 0
50 150 100 0
50 150 100 0
50 150 100 0
50 150 100 0
50 150 100 0
50 150 100 0
50 150 100 0
50 150 100 0
50 150 100 0
50 150 100 0
50 150 100 0
50 150 100 0
50 150 100 0
50 150 100 0
50 150 100 0
50 150 100 0
50 150 100 0
50 150 100 0
50 150 100 0
50 150 100 0
50 150 100 0
50 150 100 0
50 150 100 0
50 150 100 0
50 150 100 0
50 150 100 0
50 150 100 0
50 150 100 0
50 150 100 0
50 150 100 0
50 150 100 0
50 150 100 0
50 150 100 0
50 150 100 0
50 150 100 0
50 150 100 0
50 150 100 0
50 150 100 0
50 150 100 0
50 150 100 0
50 150 100 0
50 150 100 0
50 150 100 0
50 150 100 0
50 150 100 0
50 150 100 0
50 150 100 0
50 150 100 0
50 150 100 0
50 150 100 0
50 150 100 0
50 150 100 0
50 150 100 0
50 150 100 0
50 150 100 0
50 150 100 0
50 150 100 0
50 150 100 0
50 150 100 0
50 150 100 0
50 150 100 0
50 150 100 0
50 150 100 0

