 63 97 76 0
 67 104 82 0
 67 105 83 0
 83 122 100 0
 64 105 82 0
 76 118 95 0
 76 114 94 0
 82 118 97 0
 83 121 100 0
 67 107 86 0
 64 102 85 0
 69 111 96 0
 52 93 81 0
 72 109 98 0
 176 172 163 1
 100 119 101 0
 75 106 91 0
 66 93 81 0
 79 114 106 0
 73 110 99 0
 79 115 106 0
 83 123 112 0
 73 112 96 0
 63 102 85 0
 66 106 92 0
 51 87 72 0
 73 117 96 0
 57 88 68 0
 72 109 89 0
 66 96 79 0
 79 113 95 0
 77 112 95 0
 76 107 89 0
 85 116 98 0
 75 104 85 0
 79 104 92 0
 106 125 113 0
 177 178 173 1
 109 125 115 0
 96 120 106 0
 86 119 104 0
 97 132 117 0
 95 126 115 0
 95 126 116 0
 80 119 106 0
 89 129 114 0
 102 138 122 0
 85 128 111 0
 97 136 120 0
 94 131 115 0
 91 126 113 0
 101 136 123 0
 92 128 115 0
 124 157 149 0
 118 148 141 0
 133 161 155 0
 118 147 132 0
 117 145 130 0
 116 144 130 0
 107 136 123 0
 72 105 84 0
 70 107 85 0
 69 107 85 0
 79 118 96 0
 78 118 95 0
 76 118 95 0
 76 117 94 0
 82 120 100 0
 79 117 95 0
 75 116 93 0
 67 107 87 0
 66 107 90 0
 63 107 91 0
 68 108 97 0
 83 104 95 0
 101 121 104 0
 63 95 79 0
 69 97 85 0
 70 106 95 0
 80 117 103 0
 78 115 105 0
 83 125 114 0
 64 104 86 0
 64 105 85 0
 57 95 82 0
 60 100 83 0
 69 112 90 0
 55 82 64 0
 65 102 82 0
 70 101 84 0
 79 112 95 0
 79 112 96 0
 72 103 85 0
 84 115 97 0
 75 103 84 0
 76 101 89 0
 107 126 114 0
 208 198 194 1
 111 126 117 0
 93 121 107 0
 84 119 103 0
 89 124 110 0
 94 126 116 0
 89 125 113 0
 76 115 100 0
 91 129 114 0
 101 136 121 0
 82 125 108 0
 93 132 116 0
 95 131 116 0
 99 133 122 0
 103 138 125 0
 91 126 115 0
 122 153 146 0
 112 140 130 0
 118 145 132 0
 120 147 132 0
 121 148 133 0
 119 148 134 0
 105 134 121 0
 67 99 76 0
 81 117 95 0
 66 105 81 0
 83 122 99 0
 77 116 94 0
 76 119 96 0
 72 115 91 0
 79 118 99 0
 75 113 91 0
 72 114 91 0
 65 107 86 0
 63 103 86 0
 64 108 91 0
 65 105 93 0
 97 104 97 0
 110 129 113 0
 88 115 97 0
 90 122 107 0
 68 98 88 0
 63 102 89 0
 80 120 106 0
 80 124 112 0
 71 112 94 0
 65 106 84 0
 60 99 82 0
 63 104 88 0
 65 107 85 0
 53 77 60 0
 68 102 85 0
 71 104 86 0
 78 114 97 0
 80 115 97 0
 70 102 84 0
 84 117 99 0
 75 104 86 0
 72 99 86 0
 104 125 114 0
 198 193 189 1
 106 120 112 0
 85 119 105 0
 83 120 103 0
 82 119 105 0
 93 126 116 0
 85 122 110 0
 77 116 101 0
 94 130 115 0
 102 136 121 0
 83 125 109 0
 92 130 114 0
 101 136 121 0
 100 134 123 0
 105 139 128 0
 106 141 132 0
 108 138 131 0
 107 134 124 0
 118 144 131 0
 123 150 134 0
 123 149 135 0
 115 145 131 0
 107 137 124 0
 61 92 70 0
 81 117 97 0
 73 111 88 0
 85 124 102 0
 75 114 92 0
 76 118 96 0
 73 117 94 0
 72 112 92 0
 62 99 80 0
 71 112 89 0
 65 107 85 0
 61 101 83 0
 59 101 85 0
 71 109 97 0
 105 120 112 0
 176 165 158 1
 75 105 87 0
 94 126 112 0
 66 99 88 0
 72 112 97 0
 81 121 107 0
 76 119 107 0
 67 107 90 0
 58 98 78 0
 63 102 86 0
 57 98 81 0
 62 103 81 0
 54 76 60 0
 67 100 83 0
 75 108 90 0
 76 112 95 0
 79 114 96 0
 68 101 83 0
 80 114 95 0
 77 106 88 0
 68 94 83 0
 107 130 120 0
 183 182 177 1
 107 121 114 0
 79 115 99 0
 81 117 101 0
 79 115 102 0
 90 125 115 0
 80 117 105 0
 85 124 109 0
 98 132 118 0
 100 136 121 0
 84 127 110 0
 94 132 116 0
 106 139 127 0
 102 134 125 0
 104 138 127 0
 104 137 129 0
 104 134 127 0
 106 134 123 0
 119 146 131 0
 123 150 135 0
 121 148 134 0
 113 144 129 0
 108 137 124 0
 56 87 65 0
 68 103 83 0
 83 120 100 0
 89 128 106 0
 76 115 94 0
 71 112 91 0
 75 119 96 0
 71 108 90 0
 50 85 69 0
 70 112 90 0
 62 104 83 0
 61 100 82 0
 56 97 81 0
 74 114 100 0
 73 109 96 0
 136 142 132 1
 86 111 93 0
 75 106 90 0
 82 115 102 0
 68 106 93 0
 77 118 105 0
 75 117 104 0
 51 88 73 0
 63 102 84 0
 62 102 84 0
 65 105 88 0
 58 98 76 0
 56 86 67 0
 52 72 57 0
 72 108 89 0
 76 114 96 0
 75 109 91 0
 71 104 86 0
 71 102 85 0
 73 101 84 0
 78 105 92 0
 88 104 93 0
 139 146 138 1
 87 116 104 0
 77 112 97 0
 75 110 95 0
 82 117 106 0
 89 123 113 0
 78 116 103 0
 94 132 117 0
 99 133 119 0
 98 135 120 0
 86 128 112 0
 100 135 120 0
 110 141 131 0
 105 136 127 0
 103 137 126 0
 101 133 126 0
 102 131 122 0
 110 139 125 0
 118 145 131 0
 124 149 136 0
 120 146 133 0
 114 143 129 0
 113 141 129 0
 62 92 70 0
 61 94 73 0
 79 115 97 0
 90 129 108 0
 80 120 98 0
 71 111 92 0
 76 121 98 0
 63 102 82 0
 56 90 75 0
 71 114 92 0
 48 88 69 0
 61 99 81 0
 58 97 80 0
 58 97 82 0
 74 112 98 0
 147 150 139 1
 92 117 99 0
 75 106 88 0
 73 106 91 0
 61 97 84 0
 70 110 97 0
 77 119 106 0
 72 111 96 0
 62 99 85 0
 66 107 90 0
 62 102 85 0
 53 89 69 0
 57 85 67 0
 55 77 61 0
 70 106 88 0
 78 115 99 0
 75 111 93 0
 83 117 99 0
 63 90 73 0
 71 96 81 0
 86 112 99 0
 93 117 105 0
 149 156 146 1
 104 128 116 0
 71 105 90 0
 78 114 99 0
 82 118 107 0
 86 120 112 0
 79 118 104 0
 97 133 119 0
 96 128 114 0
 94 135 120 0
 85 126 110 0
 99 133 119 0
 109 141 131 0
 103 135 125 0
 98 132 122 0
 98 130 121 0
 98 127 116 0
 112 142 128 0
 119 143 131 0
 123 147 135 0
 119 146 131 0
 115 143 130 0
 112 140 128 0
 62 94 71 0
 68 101 82 0
 75 111 94 0
 89 127 107 0
 81 121 100 0
 78 119 99 0
 78 121 99 0
 66 106 86 0
 69 106 90 0
 57 91 76 0
 60 102 82 0
 50 87 71 0
 60 98 80 0
 57 95 80 0
 74 113 101 0
 150 147 136 1
 92 117 99 0
 76 106 88 0
 59 91 77 0
 63 99 86 0
 78 117 106 0
 78 120 107 0
 67 104 90 0
 69 111 97 0
 59 98 83 0
 62 101 83 0
 52 85 65 0
 62 92 73 0
 62 87 70 0
 76 111 93 0
 69 105 88 0
 77 114 97 0
 81 115 98 0
 61 85 71 0
 68 93 77 0
 82 110 97 0
 108 132 118 0
 160 166 156 1
 115 136 125 0
 77 110 96 0
 82 120 104 0
 84 120 110 0
 85 121 111 0
 88 125 111 0
 100 134 120 0
 90 123 109 0
 94 135 120 0
 87 127 111 0
 99 131 120 0
 108 140 130 0
 101 134 123 0
 93 127 117 0
 94 126 118 0
 95 126 116 0
 114 142 129 0
 115 139 128 0
 119 144 132 0
 120 147 133 0
 112 140 128 0
 114 143 130 0
 69 101 77 0
 62 94 74 0
 78 116 99 0
 88 127 108 0
 80 121 99 0
 80 122 101 0
 78 121 100 0
 69 111 90 0
 72 111 93 0
 55 89 75 0
 73 117 98 0
 58 95 79 0
 61 98 81 0
 51 87 74 0
 78 119 106 0
 162 160 151 1
 89 115 98 0
 73 107 88 0
 65 98 83 0
 79 117 104 0
 74 111 99 0
 77 119 107 0
 68 107 93 0
 66 103 89 0
 63 105 91 0
 58 96 79 0
 59 92 71 0
 67 96 77 0
 83 117 97 0
 76 110 92 0
 67 103 86 0
 79 115 99 0
 61 88 74 0
 71 94 79 0
 66 91 76 0
 78 107 95 0
 99 128 114 0
 164 169 161 1
 124 140 130 1
 85 120 104 0
 78 117 102 0
 91 125 115 0
 87 123 112 0
 98 132 119 0
 91 125 111 0
 94 130 115 0
 86 129 112 0
 90 128 113 0
 102 135 124 0
 105 137 126 0
 99 131 121 0
 92 125 117 0
 91 123 115 0
 108 140 128 0
 112 138 125 0
 110 134 124 0
 117 142 130 0
 122 148 134 0
 115 143 130 0
 113 145 131 0
50 150 100 0
 68 101 78 0
 73 108 91 0
 88 128 109 0
 86 126 105 0
 79 124 102 0
 73 115 95 0
 72 116 97 0
 72 113 94 0
 57 92 77 0
 75 116 99 0
 61 101 84 0
 64 103 86 0
 58 94 78 0
 53 87 76 0
 134 134 124 1
 90 115 100 0
 68 103 84 0
 76 110 96 0
 79 117 104 0
 67 106 93 0
 72 113 101 0
 69 107 93 0
 69 107 94 0
 56 97 84 0
 65 103 87 0
 64 97 77 0
 67 96 77 0
 85 119 101 0
 76 110 92 0
 63 99 82 0
 78 113 96 0
 62 88 73 0
 71 95 80 0
 73 101 85 0
 80 109 96 0
 99 125 113 0
 157 165 156 1
 129 144 135 1
 81 118 102 0
 77 114 100 0
 92 126 117 0
 92 126 115 0
 103 134 120 0
 87 120 107 0
 92 128 114 0
 89 132 115 0
 89 127 112 0
 105 137 126 0
 101 132 121 0
 102 133 124 0
 92 123 116 0
 103 134 124 0
 103 135 122 0
 108 134 121 0
 112 134 124 0
 113 137 124 0
 123 148 135 0
 116 145 132 0
 111 143 128 0
50 150 100 0
 74 107 83 0
 70 104 83 0
 85 123 105 0
 87 126 106 0
 82 125 102 0
 65 107 88 0
 68 111 93 0
 69 111 94 0
 58 93 78 0
 60 95 80 0
 70 112 96 0
 68 111 94 0
 53 89 73 0
 51 85 73 0
 84 122 110 0
 111 121 107 0
 69 104 85 0
 77 110 96 0
 74 113 102 0
 73 112 97 0
 63 103 91 0
 66 103 90 0
 73 114 100 0
 56 94 82 0
 50 81 65 0
 64 95 77 0
 69 99 81 0
 85 120 103 0
 74 109 92 0
 72 109 93 0
 73 109 92 0
 59 86 72 0
 64 87 73 0
 76 104 89 0
 76 106 93 0
 102 130 117 0
 141 152 144 1
 93 128 113 0
 71 110 93 0
 74 111 98 0
 88 122 113 0
 94 127 115 0
 103 133 120 0
 88 121 108 0
 91 129 114 0
 86 129 112 0
 93 129 115 0
 102 134 123 0
 102 133 122 0
 101 132 124 0
 92 122 113 0
 105 136 125 0
 97 128 116 0
 110 133 123 0
 110 132 122 0
 123 148 134 0
 122 148 135 0
 113 144 130 0
 113 141 127 0
50 150 100 0
 250 750 500 0
 75 112 87 0
 79 115 97 0
 83 120 103 0
 83 123 102 0
 62 105 85 0
 69 112 94 0
 64 106 89 0
 55 90 75 0
 65 98 84 0
 60 98 84 0
 66 111 93 0
 52 87 73 0
 61 96 84 0
 170 169 161 1
 111 125 111 0
 66 99 81 0
 75 109 96 0
 66 105 98 0
 71 112 97 0
 60 99 86 0
 66 103 90 0
 69 111 98 0
 63 102 87 0
 52 83 67 0
 63 93 77 0
 65 96 80 0
 77 111 94 0
 70 106 89 0
 89 124 108 0
 71 105 88 0
 51 72 59 0
 65 87 77 0
 66 96 83 0
 69 100 86 0
 85 122 108 0
 139 151 140 1
 99 128 113 0
 73 114 96 0
 76 113 101 0
 86 121 113 0
 92 125 114 0
 102 131 118 0
 86 121 107 0
 89 129 114 0
 89 130 114 0
 96 129 117 0
 100 130 119 0
 105 135 125 0
 104 134 125 0
 95 125 114 0
 105 137 126 0
 100 129 119 0
 111 133 123 0
 116 140 128 0
 124 149 135 0
 116 143 130 0
 113 141 128 0
50 150 100 0
50 150 100 0
50 150 100 0
 76 114 89 0
 75 111 90 0
 83 119 103 0
 84 123 105 0
 70 112 92 0
 70 113 94 0
 52 93 78 0
 64 106 89 0
 61 95 81 0
 60 96 82 0
 68 111 95 0
 61 105 86 0
 59 92 80 0
 91 127 114 0
 120 131 119 0
 87 115 97 0
 66 96 79 0
 71 107 100 0
 73 113 102 0
 58 98 85 0
 69 106 92 0
 60 100 87 0
 64 103 89 0
 66 104 86 0
 67 99 82 0
 58 87 71 0
 76 109 94 0
 68 105 89 0
 83 118 102 0
 63 96 79 0
 57 81 67 0
 66 85 76 0
 61 90 79 0
 66 97 83 0
 80 120 104 0
 107 135 122 0
 94 128 111 0
 78 120 103 0
 83 119 107 0
 82 116 107 0
 93 125 113 0
 95 126 113 0
 79 118 103 0
 90 130 114 0
 89 130 113 0
 96 128 117 0
 101 131 120 0
 105 135 125 0
 108 137 127 0
 100 129 118 0
 100 132 121 0
 105 131 121 0
 109 133 123 0
 119 143 130 0
 125 148 136 0
 112 138 126 0
 117 143 130 0
50 150 100 0
50 150 100 0
50 150 100 0
 71 106 85 0
 77 117 93 0
 67 100 83 0
 78 116 99 0
 81 122 102 0
 63 105 85 0
 67 108 91 0
 61 103 88 0
 52 85 71 0
 66 104 90 0
 57 97 82 0
 60 101 84 0
 63 98 85 0
 100 133 121 0
 175 175 167 1
 87 113 96 0
 61 87 73 0
 64 97 90 0
 70 109 102 0
 64 104 93 0
 70 107 93 0
 62 100 86 0
 67 107 92 0
 60 97 79 0
 68 101 83 0
 59 88 74 0
 73 106 94 0
 80 116 100 0
 80 115 100 0
 59 94 76 0
 63 89 75 0
 66 85 75 0
 75 105 93 0
 72 105 91 0
 75 117 101 0
 134 147 136 1
 92 126 110 0
 83 125 108 0
 88 121 109 0
 84 117 107 0
 93 122 111 0
 93 130 115 0
 72 112 96 0
 88 129 112 0
 91 129 114 0
 96 127 116 0
 104 134 123 0
 107 136 126 0
 109 137 126 0
 105 135 124 0
 100 129 119 0
 104 128 118 0
 110 135 123 0
 121 144 131 0
 119 143 131 0
 118 144 131 0
 0 0 0 0
50 150 100 0
50 150 100 0
50 150 100 0
50 150 100 0
 76 116 93 0
 62 95 77 0
 77 116 99 0
 78 120 99 0
 53 89 72 0
 55 94 79 0
 67 110 94 0
 50 85 71 0
 67 108 93 0
 48 84 71 0
 58 95 81 0
 68 104 91 0
 99 127 118 0
 160 158 150 1
 92 114 99 0
 52 75 61 0
 64 100 94 0
 78 121 113 0
 62 102 92 0
 72 109 96 0
 65 103 90 0
 64 104 89 0
 57 94 77 0
 66 98 82 0
 69 101 88 0
 71 105 92 0
 77 110 97 0
 59 93 77 0
 70 107 89 0
 59 83 70 0
 68 85 76 0
 75 107 95 0
 64 97 83 0
 71 111 95 0
 102 132 118 0
 160 169 158 1
 89 127 110 0
 92 123 110 0
 91 121 111 0
 96 126 113 0
 94 130 116 0
 73 115 98 0
 88 130 113 0
 89 126 112 0
 101 131 118 0
 109 138 126 0
 110 136 125 0
 109 135 123 0
 108 135 125 0
 104 130 122 0
 104 129 118 0
 108 135 121 0
 123 146 134 0
 110 135 122 0
 123 148 135 0
50 150 100 0
50 150 100 0
50 150 100 0
50 150 100 0
50 150 100 0
 78 116 96 0
 54 90 69 0
 79 116 98 0
 74 117 96 0
 52 86 68 0
 59 94 78 0
 60 100 86 0
 63 106 89 0
 67 109 95 0
 60 98 84 0
 55 91 78 0
 62 96 83 0
 100 117 112 0
 186 175 170 1
 88 108 94 0
 58 80 71 0
 72 106 98 0
 71 111 105 0
 65 107 95 0
 66 103 91 0
 59 97 84 0
 56 95 81 0
 59 96 79 0
 61 93 77 0
 71 106 94 0
 72 108 92 0
 69 94 86 0
 65 99 83 0
 55 84 69 0
 69 95 80 0
 67 87 77 0
 73 106 95 0
 66 99 85 0
 68 106 91 0
 121 136 124 0
 118 140 126 0
 88 121 105 0
 95 126 113 0
 98 128 116 0
 92 121 108 0
 96 132 118 0
 77 121 102 0
 87 130 112 0
 88 125 110 0
 108 138 123 0
 106 133 120 0
 109 135 122 0
 108 134 122 0
 107 134 124 0
 105 129 121 0
 108 134 122 0
 117 141 128 0
 113 135 124 0
 123 147 135 0
 0 0 0 0
50 150 100 0
50 150 100 0
50 150 100 0
50 150 100 0
50 150 100 0
50 150 100 0
 39 75 55 0
 70 107 87 0
 80 120 101 0
 70 114 93 0
 62 96 78 0
 63 100 87 0
 52 90 77 0
 65 105 93 0
 45 84 71 0
 61 101 86 0
 51 85 72 0
 81 110 101 0
 154 152 147 1
 106 119 108 0
 77 100 86 0
 56 80 73 0
 71 112 106 0
 57 98 89 0
 62 99 88 0
 63 100 87 0
 61 96 85 0
 66 101 85 0
 57 89 73 0
 67 99 88 0
 66 105 90 0
 70 94 85 0
 65 95 83 0
 50 78 65 0
 67 98 81 0
 64 88 77 0
 56 86 76 0
 68 102 87 0
 74 110 95 0
 131 142 129 1
 190 193 184 1
 89 120 104 0
 100 126 114 0
 97 124 112 0
 98 131 117 0
 86 127 110 0
 74 120 98 0
 86 129 111 0
 90 125 110 0
 108 137 123 0
 105 131 118 0
 107 134 121 0
 106 132 121 0
 108 135 126 0
 101 126 117 0
 110 137 123 0
 119 141 129 0
 121 141 129 0
 121 144 132 0
50 150 100 0
50 150 100 0
50 150 100 0
50 150 100 0
50 150 100 0
50 150 100 0
50 150 100 0
 77 116 97 0
 75 114 92 0
 73 110 91 0
 68 112 91 0
 66 104 84 0
 67 104 89 0
 64 104 91 0
 59 99 87 0
 52 89 80 0
 58 99 84 0
 42 71 61 0
 70 101 91 0
 149 153 150 1
 81 101 91 0
 75 104 87 0
 57 86 78 0
 74 114 108 0
 58 97 88 0
 60 95 85 0
 67 104 92 0
 49 76 64 0
 68 100 84 0
 52 83 69 0
 67 99 89 0
 51 85 73 0
 69 100 88 0
 67 94 84 0
 52 78 66 0
 66 98 81 0
 56 82 71 0
 75 113 103 0
 57 90 76 0
 76 110 96 0
 158 166 156 1
 89 110 96 0
 99 131 117 0
 99 123 111 0
 93 121 108 0
 96 129 115 0
 89 130 113 0
 75 122 100 0
 83 125 107 0
 94 128 113 0
 106 133 120 0
 106 131 119 0
 111 136 123 0
 107 133 122 0
 103 128 120 0
 101 128 117 0
 114 140 127 0
 122 143 131 0
 123 144 132 0
 115 137 126 0
50 150 100 0
50 150 100 0
50 150 100 0
50 150 100 0
50 150 100 0
50 150 100 0
50 150 100 0
50 150 100 0
 75 113 94 0
 67 102 83 0
 68 109 90 0
 59 102 80 0
 71 109 93 0
 76 119 104 0
 62 103 88 0
 65 105 93 0
 56 94 82 0
 51 88 75 0
 57 83 75 0
 81 106 99 0
 80 104 94 0
 74 99 87 0
 70 104 93 0
 68 106 99 0
 57 93 84 0
 57 92 83 0
 71 110 100 0
 54 81 69 0
 69 104 87 0
 52 82 68 0
 76 112 105 0
 53 81 71 0
 73 105 92 0
 71 101 87 0
 53 80 67 0
 67 99 83 0
 64 97 86 0
 56 85 74 0
 55 87 74 0
 66 100 86 0
 99 120 105 0
 118 134 121 0
 100 130 116 0
 97 122 110 0
 85 114 100 0
 93 127 114 0
 78 123 102 0
 77 124 100 0
 84 128 109 0
 101 132 117 0
 106 132 119 0
 104 129 117 0
 117 142 128 0
 106 131 121 0
 109 133 124 0
 100 128 116 0
 114 139 126 0
 122 144 131 0
 122 145 132 0
50 150 100 0
50 150 100 0
50 150 100 0
50 150 100 0
50 150 100 0
50 150 100 0
50 150 100 0
50 150 100 0
50 150 100 0
 73 109 92 0
 63 96 79 0
 72 110 92 0
 54 95 75 0
 56 94 77 0
 75 117 101 0
 59 101 86 0
 64 105 92 0
 54 91 80 0
 56 94 81 0
 55 81 72 0
 86 107 101 0
 139 143 139 1
 76 101 91 0
 56 84 73 0
 71 109 102 0
 59 92 85 0
 67 102 95 0
 70 109 101 0
 55 85 72 0
 66 103 85 0
 61 93 79 0
 73 110 104 0
 55 80 71 0
 69 98 87 0
 67 99 84 0
 61 91 75 0
 66 99 84 0
 62 91 78 0
 61 89 77 0
 61 93 80 0
 68 101 87 0
 84 111 95 0
 149 161 150 1
 102 132 116 0
 91 119 105 0
 89 119 105 0
 90 124 110 0
 73 119 95 0
 78 124 101 0
 93 132 115 0
 101 129 115 0
 106 132 118 0
 109 133 120 0
 117 142 129 0
 109 134 125 0
 96 124 111 0
 103 131 120 0
 111 135 122 0
 122 145 131 0
 120 141 130 0
50 150 100 0
50 150 100 0
50 150 100 0
50 150 100 0
50 150 100 0
50 150 100 0
50 150 100 0
50 150 100 0
50 150 100 0
50 150 100 0
 68 104 87 0
 72 111 91 0
 54 85 72 0
 66 105 88 0
 77 117 101 0
 43 83 68 0
 53 93 80 0
 51 89 78 0
 63 101 90 0
 61 89 81 0
 95 114 109 0
 169 163 163 1
 70 96 87 0
 60 86 79 0
 66 102 94 0
 60 93 87 0
 67 103 95 0
 65 102 94 0
 54 85 72 0
 64 101 85 0
 69 114 99 0
 66 100 97 0
 68 96 85 0
 65 90 79 0
 54 81 68 0
 79 111 93 0
 65 101 84 0
 51 78 67 0
 67 99 86 0
 62 91 78 0
 56 89 77 0
 91 118 103 0
 104 135 119 0
 91 117 105 0
 96 125 112 0
 94 125 110 0
 91 125 108 0
 73 119 94 0
 79 125 103 0
 90 128 111 0
 104 131 116 0
 107 132 118 0
 113 136 123 0
 110 135 124 0
 109 133 124 0
 100 126 115 0
 99 127 116 0
 114 139 126 0
 120 143 131 0
50 150 100 0
50 150 100 0
50 150 100 0
50 150 100 0
50 150 100 0
50 150 100 0
50 150 100 0
50 150 100 0
50 150 100 0
50 150 100 0
50 150 100 0
 58 96 79 0
 55 93 75 0
 69 108 89 0
 62 94 82 0
 74 114 97 0
 68 109 93 0
 58 99 85 0
 55 93 83 0
 50 84 75 0
 63 92 85 0
 97 120 115 0
 140 137 135 1
 75 100 92 0
 62 89 82 0
 56 89 82 0
 58 91 84 0
 64 100 91 0
 73 110 102 0
 50 80 72 0
 69 110 96 0
 64 106 93 0
 49 82 80 0
 70 103 90 0
 69 94 81 0
 59 87 72 0
 87 118 99 0
 62 98 81 0
 67 99 85 0
 62 92 79 0
 57 85 73 0
 71 106 92 0
 70 103 87 0
 98 125 111 0
 105 134 121 0
 95 126 112 0
 92 123 107 0
 81 119 97 0
 70 116 94 0
 86 128 109 0
 99 130 115 0
 112 139 123 0
 112 136 122 0
 110 135 121 0
 102 128 118 0
 106 128 119 0
 102 130 119 0
 99 130 116 0
 117 143 130 0
 0 0 0 0
50 150 100 0
50 150 100 0
50 150 100 0
50 150 100 0
50 150 100 0
50 150 100 0
50 150 100 0
50 150 100 0
50 150 100 0
50 150 100 0
50 150 100 0
50 150 100 0
 38 72 55 0
 69 109 90 0
 57 90 77 0
 80 124 104 0
 70 111 94 0
 66 108 95 0
 65 102 92 0
 52 83 75 0
 67 96 91 0
 92 114 111 0
 175 159 158 1
 62 90 81 0
 68 98 89 0
 64 97 88 0
 56 88 81 0
 63 99 91 0
 73 108 100 0
 47 75 68 0
 60 92 81 0
 56 95 81 0
 49 83 79 0
 61 96 84 0
 66 91 77 0
 75 104 87 0
 73 100 84 0
 72 108 91 0
 58 90 78 0
 78 111 97 0
 56 83 73 0
 73 105 91 0
 119 135 123 0
 146 158 146 1
 105 135 122 0
 92 124 109 0
 87 118 101 0
 79 118 97 0
 73 119 97 0
 89 128 111 0
 105 135 120 0
 112 138 124 0
 110 134 120 0
 105 132 119 0
 101 126 116 0
 108 131 122 0
 99 130 117 0
 94 128 112 0
 116 142 129 0
50 150 100 0
50 150 100 0
50 150 100 0
50 150 100 0
50 150 100 0
50 150 100 0
50 150 100 0
50 150 100 0
50 150 100 0
50 150 100 0
50 150 100 0
50 150 100 0
50 150 100 0
 58 98 79 0
 79 123 102 0
 57 96 78 0
 64 102 86 0
 80 122 102 0
 60 100 85 0
 62 101 92 0
 59 92 83 0
 75 106 101 0
 66 93 91 0
 143 140 136 1
 88 108 100 0
 65 98 88 0
 55 89 79 0
 61 93 87 0
 55 84 79 0
 72 110 102 0
 60 91 84 0
 63 96 86 0
 54 88 77 0
 49 83 77 0
 68 104 92 0
 56 80 67 0
 75 106 88 0
 77 104 87 0
 68 104 90 0
 71 106 94 0
 56 89 74 0
 66 97 83 0
 66 97 85 0
 99 123 109 0
 163 172 165 1
 95 126 113 0
 89 122 106 0
 85 117 100 0
 88 126 108 0
 78 123 103 0
 97 130 115 0
 110 138 124 0
 113 138 124 0
 111 136 122 0
 101 129 117 0
 105 129 119 0
 109 135 125 0
 95 127 113 0
 95 128 113 0
 108 133 122 0
50 150 100 0
50 150 100 0
50 150 100 0
50 150 100 0
50 150 100 0
50 150 100 0
50 150 100 0
50 150 100 0
50 150 100 0
50 150 100 0
50 150 100 0
50 150 100 0
50 150 100 0
50 150 100 0
 51 88 70 0
 69 111 88 0
 53 91 73 0
 69 110 93 0
 69 108 93 0
 51 85 77 0
 51 80 73 0
 70 105 97 0
 70 100 97 0
 158 151 147 1
 83 109 100 0
 65 98 89 0
 51 85 76 0
 63 97 89 0
 59 88 82 0
 65 102 94 0
 57 89 81 0
 65 98 89 0
 51 83 75 0
 54 87 80 0
 67 104 93 0
 48 71 59 0
 76 110 91 0
 74 100 83 0
 72 107 96 0
 61 96 82 0
 37 65 51 0
 72 108 92 0
 72 103 89 0
 94 120 105 0
 149 158 150 1
 92 123 110 0
 76 105 87 0
 101 130 114 0
 83 120 102 0
 98 134 117 0
 102 131 116 0
 111 138 124 0
 111 136 122 0
 111 137 123 0
 102 128 116 0
 108 130 121 0
 108 135 123 0
 95 128 113 0
 96 127 113 0
50 150 100 0
50 150 100 0
50 150 100 0
50 150 100 0
50 150 100 0
50 150 100 0
50 150 100 0
50 150 100 0
50 150 100 0
50 150 100 0
50 150 100 0
50 150 100 0
50 150 100 0
50 150 100 0
50 150 100 0
 74 120 98 0
 72 112 90 0
 56 95 77 0
 66 112 95 0
 72 115 98 0
 58 91 80 0
 51 80 71 0
 66 101 93 0
 65 96 91 0
 93 120 115 0
 122 122 116 1
 64 96 89 0
 56 92 81 0
 64 101 92 0
 56 84 78 0
 69 104 97 0
 68 102 94 0
 49 78 70 0
 62 96 86 0
 47 78 72 0
 60 95 85 0
 57 81 68 0
 75 108 90 0
 75 103 85 0
 71 103 91 0
 60 95 83 0
 62 94 79 0
 66 103 89 0
 63 92 78 0
 88 116 102 0
 154 161 154 1
 89 117 104 0
 94 121 105 0
 90 115 101 0
 105 135 120 0
 99 131 116 0
 91 118 104 0
 109 136 123 0
 112 137 123 0
 112 138 125 0
 108 132 121 0
 113 136 125 0
 108 137 122 0
 93 125 110 0
 91 119 107 0
50 150 100 0
50 150 100 0
50 150 100 0
50 150 100 0
50 150 100 0
50 150 100 0
50 150 100 0
50 150 100 0
50 150 100 0
50 150 100 0
50 150 100 0
50 150 100 0
50 150 100 0
50 150 100 0
50 150 100 0
50 150 100 0
 81 120 100 0
 59 97 78 0
 68 115 98 0
 60 106 89 0
 68 109 95 0
 69 104 93 0
 58 88 81 0
 77 109 104 0
 74 88 85 0
 139 140 136 1
 78 110 101 0
 53 85 76 0
 58 94 85 0
 54 81 75 0
 61 93 89 0
 55 86 79 0
 50 77 71 0
 62 96 86 0
 62 92 85 0
 49 77 71 0
 79 112 95 0
 58 86 72 0
 76 105 89 0
 61 91 80 0
 74 111 99 0
 63 94 79 0
 59 93 81 0
 70 102 88 0
 83 122 107 0
 175 189 178 0
 107 130 116 0
 100 122 108 0
 109 137 122 0
 107 139 123 0
 92 123 108 0
 94 123 110 0
 107 132 120 0
 109 134 121 0
 110 135 122 0
 119 142 129 0
 119 144 130 0
 114 142 128 0
 96 126 113 0
50 150 100 0
50 150 100 0
50 150 100 0
50 150 100 0
50 150 100 0
50 150 100 0
50 150 100 0
50 150 100 0
50 150 100 0
50 150 100 0
50 150 100 0
50 150 100 0
50 150 100 0
50 150 100 0
50 150 100 0
50 150 100 0
50 150 100 0
 85 117 103 0
 83 123 104 0
 46 83 66 0
 50 94 78 0
 67 108 92 0
 67 101 90 0
 68 101 93 0
 47 73 68 0
 72 103 97 0
 132 137 131 1
 70 101 92 0
 50 80 73 0
 56 87 80 0
 59 87 81 0
 55 80 76 0
 58 86 85 0
 52 78 73 0
 58 87 81 0
 55 81 76 0
 66 98 90 0
 62 89 76 0
 71 102 85 0
 71 102 87 0
 60 84 76 0
 56 93 80 0
 63 95 81 0
 60 95 84 0
 71 107 92 0
 77 117 101 0
 142 149 139 1
 107 123 110 0
 102 123 109 0
 106 134 120 0
 99 129 115 0
 84 118 102 0
 95 124 111 0
 108 134 121 0
 106 130 119 0
 113 137 125 0
 118 141 128 0
 117 142 129 0
 115 145 130 0
 66 85 76 0
50 150 100 0
50 150 100 0
50 150 100 0
50 150 100 0
50 150 100 0
50 150 100 0
50 150 100 0
50 150 100 0
50 150 100 0
50 150 100 0
50 150 100 0
50 150 100 0
50 150 100 0
50 150 100 0
50 150 100 0
50 150 100 0
50 150 100 0
 25 34 29 0
 83 121 106 0
 57 93 78 0
 66 109 93 0
 54 95 79 0
 64 95 84 0
 59 92 84 0
 57 85 79 0
 83 118 112 0
 129 136 129 1
 67 88 83 0
 48 78 71 0
 68 104 96 0
 56 84 78 0
 64 91 85 0
 62 89 86 0
 56 82 76 0
 70 98 92 0
 49 72 68 0
 83 114 101 0
 63 89 78 0
 64 97 81 0
 60 86 73 0
 71 95 88 0
 68 103 92 0
 56 82 72 0
 54 88 78 0
 65 101 88 0
 67 105 90 0
 134 144 133 1
 107 125 111 0
 90 111 99 0
 98 129 116 0
 97 129 115 0
 82 117 102 0
 102 129 116 0
 101 125 113 0
 105 127 117 0
 113 138 125 0
 118 143 129 0
 115 138 126 0
 113 141 127 0
50 150 100 0
50 150 100 0
50 150 100 0
50 150 100 0
50 150 100 0
50 150 100 0
50 150 100 0
50 150 100 0
50 150 100 0
50 150 100 0
50 150 100 0
50 150 100 0
50 150 100 0
50 150 100 0
50 150 100 0
50 150 100 0
50 150 100 0
50 150 100 0
50 150 100 0
 84 118 105 0
 68 102 87 0
 68 109 91 0
 58 96 80 0
 59 91 79 0
 59 87 79 0
 72 110 101 0
 77 116 108 0
 137 142 136 1
 93 105 97 0
 59 83 78 0
 63 104 95 0
 55 84 77 0
 68 103 93 0
 65 93 88 0
 58 85 79 0
 57 81 74 0
 56 76 71 0
 70 97 88 0
 59 83 71 0
 69 100 85 0
 59 85 72 0
 73 105 96 0
 58 86 72 0
 56 78 69 0
 62 97 88 0
 61 95 85 0
 61 99 85 0
 125 137 125 1
 103 118 106 0
 101 124 112 0
 87 117 105 0
 76 113 97 0
 98 128 115 0
 105 130 118 0
 108 132 120 0
 109 132 120 0
 115 140 126 0
 118 142 130 0
 115 141 129 0
 114 143 129 0
50 150 100 0
50 150 100 0
50 150 100 0
50 150 100 0
50 150 100 0
50 150 100 0
50 150 100 0
50 150 100 0
50 150 100 0
50 150 100 0
50 150 100 0
50 150 100 0
50 150 100 0
50 150 100 0
50 150 100 0
50 150 100 0
50 150 100 0
50 150 100 0
50 150 100 0
 81 115 102 0
 65 99 86 0
 61 94 79 0
 63 99 83 0
 63 95 84 0
 51 73 68 0
 65 103 95 0
 80 119 109 0
 185 173 167 1
 87 101 92 0
 56 80 75 0
 60 99 90 0
 51 75 69 0
 63 102 87 0
 56 78 73 0
 57 85 77 0
 53 78 70 0
 70 97 87 0
 58 83 77 0
 66 90 78 0
 68 99 84 0
 64 91 78 0
 67 97 87 0
 62 94 80 0
 58 81 73 0
 53 86 77 0
 48 82 73 0
 85 117 101 0
 184 181 173 1
 97 112 102 0
 101 125 114 0
 96 124 111 0
 70 108 93 0
 88 121 109 0
 100 123 112 0
 109 133 121 0
 110 134 122 0
 113 137 126 0
 113 138 127 0
 108 136 124 0
50 150 100 0
50 150 100 0
50 150 100 0
50 150 100 0
50 150 100 0
50 150 100 0
50 150 100 0
50 150 100 0
50 150 100 0
50 150 100 0
50 150 100 0
50 150 100 0
50 150 100 0
50 150 100 0
50 150 100 0
50 150 100 0
50 150 100 0
50 150 100 0
50 150 100 0
50 150 100 0
50 150 100 0
 56 85 74 0
 66 99 86 0
 51 77 65 0
 62 94 83 0
 52 74 68 0
 68 105 97 0
 79 110 102 0
 143 140 133 0
 80 98 89 0
 59 83 76 0
 53 88 79 0
 62 93 84 0
 60 98 83 0
 58 82 74 0
 55 79 71 0
 53 78 68 0
 69 94 85 0
 53 74 67 0
 57 80 72 0
 60 92 77 0
 61 88 76 0
 46 72 63 0
 59 89 76 0
 61 84 75 0
 59 86 78 0
 51 82 74 0
 67 102 87 0
 139 145 135 1
 105 122 112 0
 95 121 110 0
 91 121 107 0
 68 103 90 0
 89 119 108 0
 103 126 115 0
 104 125 114 0
 113 136 125 0
 107 131 121 0
 115 142 131 0
 110 136 124 0
50 150 100 0
50 150 100 0
50 150 100 0
50 150 100 0
50 150 100 0
50 150 100 0
50 150 100 0
50 150 100 0
50 150 100 0
50 150 100 0
50 150 100 0
50 150 100 0
50 150 100 0
50 150 100 0
50 150 100 0
50 150 100 0
50 150 100 0
50 150 100 0
50 150 100 0
50 150 100 0
50 150 100 0
 83 116 102 0
 60 91 79 0
 54 79 67 0
 63 93 80 0
 52 82 71 0
 67 101 93 0
 73 106 96 0
 182 166 157 1
 102 109 96 0
 70 94 81 0
 47 72 64 0
 67 98 89 0
 47 84 71 0
 53 89 75 0
 39 61 52 0
 61 85 74 0
 61 85 75 0
 66 92 82 0
 69 89 83 0
 67 98 83 0
 50 74 61 0
 58 84 74 0
 67 100 85 0
 63 92 79 0
 48 71 63 0
 61 91 81 0
 59 93 80 0
 148 154 146 1
 97 120 110 0
 144 161 154 0
 71 98 85 0
 78 111 100 0
 90 117 107 0
 108 131 119 0
 110 131 120 0
 109 133 123 0
 106 131 121 0
 116 143 131 0
50 150 100 0
50 150 100 0
50 150 100 0
50 150 100 0
50 150 100 0
50 150 100 0
50 150 100 0
50 150 100 0
50 150 100 0
50 150 100 0
50 150 100 0
50 150 100 0
50 150 100 0
50 150 100 0
50 150 100 0
50 150 100 0
50 150 100 0
50 150 100 0
50 150 100 0
50 150 100 0
50 150 100 0
50 150 100 0
50 150 100 0
 73 105 92 0
 60 90 76 0
 68 106 91 0
 49 76 65 0
 65 100 89 0
 73 111 99 0
 98 116 103 0
 133 135 122 1
 50 71 62 0
 60 92 82 0
 44 69 59 0
 59 86 78 0
 63 105 91 0
 52 74 65 0
 48 71 61 0
 65 90 81 0
 64 88 79 0
 80 103 97 0
 71 101 88 0
 63 92 78 0
 64 97 84 0
 60 93 78 0
 60 91 77 0
 61 87 77 0
 68 105 91 0
 71 102 89 0
 104 121 110 0
 104 125 116 0
 87 111 101 0
 81 112 99 0
 88 120 108 0
 104 127 117 0
 111 134 122 0
 109 129 119 0
 109 133 123 0
 104 128 119 0
 114 138 128 0
50 150 100 0
50 150 100 0
50 150 100 0
50 150 100 0
50 150 100 0
50 150 100 0
50 150 100 0
50 150 100 0
50 150 100 0
50 150 100 0
50 150 100 0
50 150 100 0
50 150 100 0
50 150 100 0
50 150 100 0
50 150 100 0
50 150 100 0
50 150 100 0
50 150 100 0
50 150 100 0
50 150 100 0
50 150 100 0
50 150 100 0
 64 98 83 0
 48 81 67 0
 50 78 66 0
 68 105 92 0
 59 89 79 0
 56 92 81 0
 68 100 87 0
 114 118 106 1
 64 79 67 0
 57 78 70 0
 72 102 92 0
 61 88 80 0
 62 99 88 0
 50 71 62 0
 57 80 70 0
 55 79 71 0
 57 78 69 0
 65 78 74 0
 75 94 87 0
 59 90 79 0
 64 100 86 0
 52 85 70 0
 42 70 57 0
 65 95 83 0
 64 104 89 0
 71 101 87 0
 160 159 154 1
 113 123 118 0
 112 131 122 0
 78 109 96 0
 91 120 108 0
 105 127 117 0
 110 131 119 0
 111 132 123 0
 111 135 125 0
 105 128 119 0
50 150 100 0
50 150 100 0
50 150 100 0
50 150 100 0
50 150 100 0
50 150 100 0
50 150 100 0
50 150 100 0
50 150 100 0
50 150 100 0
50 150 100 0
50 150 100 0
50 150 100 0
50 150 100 0
50 150 100 0
50 150 100 0
50 150 100 0
50 150 100 0
50 150 100 0
50 150 100 0
50 150 100 0
50 150 100 0
50 150 100 0
50 150 100 0
50 150 100 0
 53 81 69 0
 45 70 60 0
 67 107 93 0
 58 88 78 0
 51 80 73 0
 59 77 67 0
 138 129 119 1
 69 81 71 0
 63 84 76 0
 54 80 72 0
 67 94 86 0
 55 90 79 0
 59 83 74 0
 61 81 74 0
 72 98 89 0
 61 85 75 0
 60 77 72 0
 53 78 69 0
 45 66 58 0
 59 95 84 0
 47 79 65 0
 61 91 79 0
 60 92 79 0
 56 92 78 0
 82 107 95 0
 153 154 151 1
 187 184 186 1
 94 118 105 0
 83 116 102 0
 98 123 112 0
 96 120 110 0
 107 128 118 0
 109 132 122 0
 110 132 121 0
 111 134 125 0
50 150 100 0
50 150 100 0
50 150 100 0
50 150 100 0
50 150 100 0
50 150 100 0
50 150 100 0
50 150 100 0
50 150 100 0
50 150 100 0
50 150 100 0
50 150 100 0
50 150 100 0
50 150 100 0
50 150 100 0
50 150 100 0
50 150 100 0
50 150 100 0
50 150 100 0
50 150 100 0
50 150 100 0
50 150 100 0
50 150 100 0
50 150 100 0
50 150 100 0
 31 55 44 0
 53 78 67 0
 68 107 92 0
 48 71 64 0
 60 88 81 0
 65 99 86 0
 142 134 122 1
 83 98 82 0
 52 67 58 0
 52 72 65 0
 57 84 74 0
 53 83 75 0
 52 75 66 0
 59 80 72 0
 65 89 80 0
 55 77 69 0
 66 84 79 0
 68 88 81 0
 59 83 77 0
 43 71 62 0
 59 92 79 0
 45 71 62 0
 65 98 86 0
 60 95 82 0
 66 97 84 0
 133 138 135 1
 116 129 120 0
 85 110 96 0
 92 120 110 0
 95 117 109 0
 100 121 111 0
 107 128 118 0
 104 126 116 0
 110 132 122 0
 48 58 55 0
50 150 100 0
50 150 100 0
50 150 100 0
50 150 100 0
50 150 100 0
50 150 100 0
50 150 100 0
50 150 100 0
50 150 100 0
50 150 100 0
50 150 100 0
50 150 100 0
50 150 100 0
50 150 100 0
50 150 100 0
50 150 100 0
50 150 100 0
50 150 100 0
50 150 100 0
50 150 100 0
50 150 100 0
50 150 100 0
50 150 100 0
50 150 100 0
50 150 100 0
50 150 100 0
 60 90 75 0
 62 96 81 0
 60 83 77 0
 69 98 91 0
 51 79 68 0
 77 93 82 0
 85 99 82 0
 59 77 62 0
 53 70 60 0
 64 100 86 0
 60 88 79 0
 53 74 66 0
 58 79 72 0
 60 82 74 0
 60 82 73 0
 65 85 79 0
 72 101 89 0
 60 82 74 0
 57 88 80 0
 47 73 64 0
 62 92 84 0
 61 95 82 0
 56 86 76 0
 75 100 91 0
 108 119 113 1
 157 155 152 1
 100 115 104 0
 119 138 133 0
 100 121 113 0
 105 127 118 0
 104 127 118 0
 111 132 120 0
 96 119 109 0
50 150 100 0
50 150 100 0
50 150 100 0
50 150 100 0
50 150 100 0
50 150 100 0
50 150 100 0
50 150 100 0
50 150 100 0
50 150 100 0
50 150 100 0
50 150 100 0
50 150 100 0
50 150 100 0
50 150 100 0
50 150 100 0
50 150 100 0
50 150 100 0
50 150 100 0
50 150 100 0
50 150 100 0
50 150 100 0
50 150 100 0
50 150 100 0
50 150 100 0
50 150 100 0
50 150 100 0
 63 96 77 0
 63 94 77 0
 47 73 63 0
 61 87 80 0
 55 83 71 0
 79 97 86 0
 111 111 99 0
 73 95 80 0
 57 74 62 0
 41 65 55 0
 59 87 77 0
 55 75 68 0
 52 68 62 0
 66 81 77 0
 56 73 66 0
 71 95 90 0
 61 89 79 0
 47 67 61 0
 54 79 74 0
 61 89 80 0
 61 95 82 0
 55 87 75 0
 57 87 78 0
 71 94 85 0
 119 124 114 1
 147 140 134 1
 104 113 102 0
 121 139 134 0
 102 124 115 0
 99 121 114 0
 104 128 116 0
 99 122 111 0
50 150 100 0
50 150 100 0
50 150 100 0
50 150 100 0
50 150 100 0
50 150 100 0
50 150 100 0
50 150 100 0
50 150 100 0
50 150 100 0
50 150 100 0
50 150 100 0
50 150 100 0
50 150 100 0
50 150 100 0
50 150 100 0
50 150 100 0
50 150 100 0
50 150 100 0
50 150 100 0
50 150 100 0
50 150 100 0
50 150 100 0
50 150 100 0
50 150 100 0
50 150 100 0
50 150 100 0
50 150 100 0
50 150 100 0
 43 65 50 0
 58 84 72 0
 56 80 72 0
 49 75 64 0
 53 75 66 0
 166 160 151 1
 80 106 94 0
 57 74 62 0
 53 74 66 0
 58 84 75 0
 79 106 98 0
 64 76 71 0
 76 91 86 0
 58 71 65 0
 59 82 79 0
 63 91 83 0
 55 77 71 0
 45 67 63 0
 58 85 75 0
 51 80 67 0
 54 79 72 0
 64 95 86 0
 62 84 76 0
 98 107 97 0
 165 154 146 1
 114 127 119 0
 90 113 106 0
 101 125 114 0
 98 122 112 0
 102 126 114 0
 90 116 105 0
50 150 100 0
50 150 100 0
50 150 100 0
50 150 100 0
50 150 100 0
50 150 100 0
50 150 100 0
50 150 100 0
50 150 100 0
50 150 100 0
50 150 100 0
50 150 100 0
50 150 100 0
50 150 100 0
50 150 100 0
50 150 100 0
50 150 100 0
50 150 100 0
50 150 100 0
50 150 100 0
50 150 100 0
50 150 100 0
50 150 100 0
50 150 100 0
50 150 100 0
50 150 100 0
50 150 100 0
50 150 100 0
50 150 100 0
 66 100 82 0
 63 101 85 0
 55 79 69 0
 67 90 79 0
 50 66 58 0
 130 132 125 1
 59 87 73 0
 52 67 57 0
 61 85 74 0
 59 85 77 0
 53 73 68 0
 77 93 85 0
 72 85 77 0
 54 63 59 0
 56 72 69 0
 64 91 83 0
 67 95 86 0
 57 86 78 0
 42 62 55 0
 59 91 78 0
 55 79 73 0
 58 79 74 0
 73 84 77 0
 107 108 98 0
 122 127 119 0
 97 118 109 0
 94 117 106 0
 96 117 107 0
 103 125 115 0
 96 122 112 0
50 150 100 0
50 150 100 0
50 150 100 0
50 150 100 0
50 150 100 0
50 150 100 0
50 150 100 0
50 150 100 0
50 150 100 0
50 150 100 0
50 150 100 0
50 150 100 0
50 150 100 0
50 150 100 0
50 150 100 0
50 150 100 0
50 150 100 0
50 150 100 0
50 150 100 0
50 150 100 0
50 150 100 0
50 150 100 0
50 150 100 0
50 150 100 0
50 150 100 0
50 150 100 0
50 150 100 0
50 150 100 0
50 150 100 0
50 150 100 0
50 150 100 0
 61 86 75 0
 53 74 64 0
 69 93 81 0
 63 81 71 0
 160 153 147 1
 93 105 90 0
 46 68 56 0
 55 75 66 0
 41 64 58 0
 51 73 68 0
 67 93 82 0
 61 74 66 0
 55 61 59 0
 68 83 79 0
 50 67 62 0
 49 74 69 0
 52 80 72 0
 59 84 77 0
 50 76 67 0
 44 67 59 0
 59 76 71 0
 65 78 72 0
 92 98 87 0
 138 135 129 1
 96 120 110 0
 92 116 104 0
 97 120 109 0
 95 116 106 0
 89 111 103 0
50 150 100 0
50 150 100 0
50 150 100 0
50 150 100 0
50 150 100 0
50 150 100 0
50 150 100 0
50 150 100 0
50 150 100 0
50 150 100 0
50 150 100 0
50 150 100 0
50 150 100 0
50 150 100 0
50 150 100 0
50 150 100 0
50 150 100 0
50 150 100 0
50 150 100 0
50 150 100 0
50 150 100 0
50 150 100 0
50 150 100 0
50 150 100 0
50 150 100 0
50 150 100 0
50 150 100 0
50 150 100 0
50 150 100 0
50 150 100 0
50 150 100 0
 62 86 75 0
 59 84 71 0
 53 66 60 0
 54 68 57 0
 91 97 91 0
 92 110 95 0
 44 61 52 0
 58 81 72 0
 41 59 55 0
 49 69 64 0
 57 82 71 0
 48 58 51 0
 67 76 72 0
 67 90 81 0
 69 94 86 0
 48 70 63 0
 48 72 65 0
 61 88 78 0
 45 65 58 0
 53 71 64 0
 54 70 65 0
 70 82 73 0
 95 98 93 0
 123 132 128 1
 80 103 93 0
 98 123 110 0
 90 113 103 0
 95 111 104 0
 0 0 0 0
50 150 100 0
50 150 100 0
50 150 100 0
50 150 100 0
50 150 100 0
50 150 100 0
50 150 100 0
50 150 100 0
50 150 100 0
50 150 100 0
50 150 100 0
50 150 100 0
50 150 100 0
50 150 100 0
50 150 100 0
50 150 100 0
50 150 100 0
50 150 100 0
50 150 100 0
50 150 100 0
50 150 100 0
50 150 100 0
50 150 100 0
50 150 100 0
50 150 100 0
50 150 100 0
50 150 100 0
50 150 100 0
50 150 100 0
50 150 100 0
50 150 100 0
 23 32 28 0
 55 77 66 0
 67 90 76 0
 58 78 65 0
 101 102 96 0
 121 120 110 0
 62 75 64 0
 52 74 65 0
 57 80 73 0
 51 71 62 0
 42 58 51 0
 58 72 64 0
 52 59 54 0
 60 82 72 0
 57 70 63 0
 70 95 83 0
 64 82 79 0
 66 91 82 0
 52 69 65 0
 51 67 61 0
 52 67 62 0
 66 80 73 0
 107 119 114 0
 125 129 127 1
 96 116 107 0
 94 118 107 0
 88 108 100 0
 91 103 96 0
50 150 100 0
50 150 100 0
50 150 100 0
50 150 100 0
50 150 100 0
50 150 100 0
50 150 100 0
50 150 100 0
50 150 100 0
50 150 100 0
50 150 100 0
50 150 100 0
50 150 100 0
50 150 100 0
50 150 100 0
50 150 100 0
50 150 100 0
50 150 100 0
50 150 100 0
50 150 100 0
50 150 100 0
50 150 100 0
50 150 100 0
50 150 100 0
50 150 100 0
50 150 100 0
50 150 100 0
50 150 100 0
50 150 100 0
50 150 100 0
50 150 100 0
50 150 100 0
50 150 100 0
 43 59 48 0
 58 82 68 0
 49 64 54 0
 64 70 62 0
 183 171 167 1
 79 91 76 0
 57 77 67 0
 38 57 49 0
 42 58 51 0
 56 82 72 0
 65 84 78 0
 56 64 59 0
 57 76 68 0
 51 67 56 0
 52 76 66 0
 49 64 61 0
 57 78 69 0
 61 77 69 0
 55 71 63 0
 56 70 65 0
 64 87 80 0
 84 106 99 0
 160 157 156 0
 88 106 97 0
 100 120 115 0
 109 121 126 0
 0 0 0 0
50 150 100 0
50 150 100 0
50 150 100 0
50 150 100 0
50 150 100 0
50 150 100 0
50 150 100 0
50 150 100 0
50 150 100 0
50 150 100 0
50 150 100 0
50 150 100 0
50 150 100 0
50 150 100 0
50 150 100 0
50 150 100 0
50 150 100 0
50 150 100 0
50 150 100 0
50 150 100 0
50 150 100 0
50 150 100 0
50 150 100 0
50 150 100 0
50 150 100 0
50 150 100 0
50 150 100 0
50 150 100 0
50 150 100 0
50 150 100 0
50 150 100 0
50 150 100 0
50 150 100 0
 40 50 44 0
 62 77 69 0
 52 71 60 0
 73 87 79 0
 130 128 121 1
 75 88 73 0
 52 66 56 0
 53 74 66 0
 48 63 57 0
 46 64 57 0
 44 59 54 0
 52 61 56 0
 48 62 58 0
 64 83 72 0
 42 61 51 0
 63 81 75 0
 51 70 60 0
 58 71 64 0
 53 64 59 0
 62 79 73 0
 59 82 77 0
 89 110 102 0
 131 132 128 1
 86 103 94 0
 95 113 118 0
 84 97 91 0
50 150 100 0
50 150 100 0
50 150 100 0
50 150 100 0
50 150 100 0
50 150 100 0
50 150 100 0
50 150 100 0
50 150 100 0
50 150 100 0
50 150 100 0
50 150 100 0
50 150 100 0
50 150 100 0
50 150 100 0
50 150 100 0
50 150 100 0
50 150 100 0
50 150 100 0
50 150 100 0
50 150 100 0
50 150 100 0
50 150 100 0
50 150 100 0
50 150 100 0
50 150 100 0
50 150 100 0
50 150 100 0
50 150 100 0
50 150 100 0
50 150 100 0
50 150 100 0
50 150 100 0
50 150 100 0
50 150 100 0
 43 52 46 0
 48 62 55 0
 67 72 69 0
 115 112 108 1
 68 82 67 0
 68 87 75 0
 44 56 50 0
 49 64 60 0
 56 73 65 0
 108 126 121 0
 48 59 53 0
 47 54 51 0
 50 71 61 0
 64 83 72 0
 52 67 60 0
 51 67 58 0
 49 61 54 0
 55 67 61 0
 57 77 72 0
 61 85 80 0
 64 90 83 0
 153 149 143 1
 86 102 98 0
 83 99 94 0
 0 0 0 0
50 150 100 0
50 150 100 0
50 150 100 0
50 150 100 0
50 150 100 0
50 150 100 0
50 150 100 0
50 150 100 0
50 150 100 0
50 150 100 0
50 150 100 0
50 150 100 0
50 150 100 0
50 150 100 0
50 150 100 0
50 150 100 0
50 150 100 0
50 150 100 0
50 150 100 0
50 150 100 0
50 150 100 0
50 150 100 0
50 150 100 0
50 150 100 0
50 150 100 0
50 150 100 0
50 150 100 0
50 150 100 0
50 150 100 0
50 150 100 0
50 150 100 0
50 150 100 0
50 150 100 0
50 150 100 0
50 150 100 0
 63 74 65 0
 60 71 62 0
 70 77 73 0
 133 123 121 1
 80 83 75 0
 57 80 65 0
 55 67 60 0
 41 51 47 0
 53 69 62 0
 39 50 46 0
 47 58 53 0
 62 82 74 0
 46 66 54 0
 49 66 54 0
 43 56 48 0
 48 63 56 0
 54 67 60 0
 47 66 60 0
 58 82 77 0
 54 76 71 0
 79 109 99 0
 127 129 125 1
 71 84 81 0
 84 101 100 0
50 150 100 0
50 150 100 0
50 150 100 0
50 150 100 0
50 150 100 0
50 150 100 0
50 150 100 0
50 150 100 0
50 150 100 0
50 150 100 0
50 150 100 0
50 150 100 0
50 150 100 0
50 150 100 0
50 150 100 0
50 150 100 0
50 150 100 0
50 150 100 0
50 150 100 0
50 150 100 0
50 150 100 0
50 150 100 0
50 150 100 0
50 150 100 0
50 150 100 0
50 150 100 0
50 150 100 0
50 150 100 0
50 150 100 0
50 150 100 0
50 150 100 0
50 150 100 0
50 150 100 0
50 150 100 0
50 150 100 0
50 150 100 0
50 150 100 0
 56 66 58 0
 78 87 81 0
 104 103 98 0
 58 64 56 0
 61 85 73 0
 48 60 51 0
 44 54 48 0
 55 69 64 0
 40 49 45 0
 56 74 67 0
 58 79 70 0
 47 61 50 0
 50 65 56 0
 50 61 56 0
 44 56 50 0
 52 67 61 0
 55 79 69 0
 52 70 65 0
 54 76 70 0
 80 104 97 0
 151 151 152 1
 94 110 108 0
 71 83 82 0
50 150 100 0
50 150 100 0
50 150 100 0
50 150 100 0
50 150 100 0
50 150 100 0
50 150 100 0
50 150 100 0
50 150 100 0
50 150 100 0
50 150 100 0
50 150 100 0
50 150 100 0
50 150 100 0
50 150 100 0
50 150 100 0
50 150 100 0
50 150 100 0
50 150 100 0
50 150 100 0
50 150 100 0
50 150 100 0
50 150 100 0
50 150 100 0
50 150 100 0
50 150 100 0
50 150 100 0
50 150 100 0
50 150 100 0
50 150 100 0
50 150 100 0
50 150 100 0
50 150 100 0
50 150 100 0
50 150 100 0
50 150 100 0
50 150 100 0
 51 59 53 0
 75 87 81 0
 121 106 98 1
 85 90 81 0
 58 72 64 0
 47 64 55 0
 51 63 53 0
 46 59 51 0
 49 61 54 0
 47 56 50 0
 46 66 57 0
 48 61 52 0
 45 56 51 0
 44 54 49 0
 54 67 61 0
 53 71 66 0
 50 68 63 0
 50 69 62 0
 65 84 77 0
 98 105 100 0
 145 142 147 1
 74 89 87 0
50 150 100 0
50 150 100 0
50 150 100 0
50 150 100 0
50 150 100 0
50 150 100 0
50 150 100 0
50 150 100 0
50 150 100 0
50 150 100 0
50 150 100 0
50 150 100 0
50 150 100 0
50 150 100 0
50 150 100 0
50 150 100 0
50 150 100 0
50 150 100 0
50 150 100 0
50 150 100 0
50 150 100 0
50 150 100 0
50 150 100 0
50 150 100 0
50 150 100 0
50 150 100 0
50 150 100 0
50 150 100 0
50 150 100 0
50 150 100 0
50 150 100 0
50 150 100 0
50 150 100 0
50 150 100 0
50 150 100 0
50 150 100 0
50 150 100 0
50 150 100 0
50 150 100 0
 63 67 64 0
 148 140 137 1
 68 77 69 0
 49 54 50 0
 55 71 63 0
 43 54 46 0
 56 69 62 0
 36 46 38 0
 53 66 58 0
 39 51 43 0
 51 63 55 0
 41 52 46 0
 37 44 41 0
 74 92 93 0
 43 59 55 0
 59 82 75 0
 61 82 79 0
 56 78 71 0
 110 103 102 0
 74 83 81 0
 89 103 100 0
50 150 100 0
50 150 100 0
50 150 100 0
50 150 100 0
50 150 100 0
50 150 100 0
50 150 100 0
50 150 100 0
50 150 100 0
50 150 100 0
50 150 100 0
50 150 100 0
50 150 100 0
50 150 100 0
50 150 100 0
50 150 100 0
50 150 100 0
50 150 100 0
50 150 100 0
50 150 100 0
50 150 100 0
50 150 100 0
50 150 100 0
50 150 100 0
50 150 100 0
50 150 100 0
50 150 100 0
50 150 100 0
50 150 100 0
50 150 100 0
50 150 100 0
50 150 100 0
50 150 100 0
50 150 100 0
50 150 100 0
50 150 100 0
50 150 100 0
50 150 100 0
50 150 100 0
 49 48 45 0
 109 103 100 1
 83 78 73 0
 70 77 71 0
 55 69 63 0
 41 51 45 0
 39 47 42 0
 55 69 62 0
 47 57 48 0
 46 54 46 0
 54 62 54 0
 40 53 45 0
 48 60 57 0
 63 88 91 0
 48 64 62 0
 44 64 58 0
 41 63 61 0
 86 98 88 0
 169 150 153 1
 92 103 98 0
50 150 100 0
50 150 100 0
50 150 100 0
50 150 100 0
50 150 100 0
50 150 100 0
50 150 100 0
50 150 100 0
50 150 100 0
50 150 100 0
50 150 100 0
50 150 100 0
50 150 100 0
50 150 100 0
50 150 100 0
50 150 100 0
50 150 100 0
50 150 100 0
50 150 100 0
50 150 100 0
50 150 100 0
50 150 100 0
50 150 100 0
50 150 100 0
50 150 100 0
50 150 100 0
50 150 100 0
50 150 100 0
50 150 100 0
50 150 100 0
50 150 100 0
50 150 100 0
50 150 100 0
50 150 100 0
50 150 100 0
50 150 100 0
50 150 100 0
50 150 100 0
50 150 100 0
50 150 100 0
50 150 100 0
 110 102 99 1
 73 73 65 0
 59 64 57 0
 60 73 64 0
 43 54 47 0
 44 54 46 0
 47 57 49 0
 38 44 38 0
 54 58 52 0
 60 65 60 0
 53 74 62 0
 43 58 50 0
 33 51 50 0
 49 74 74 0
 50 74 67 0
 63 91 89 0
 57 75 69 0
 144 135 133 1
 80 89 83 0
50 150 100 0
50 150 100 0
50 150 100 0
50 150 100 0
50 150 100 0
50 150 100 0
50 150 100 0
50 150 100 0
50 150 100 0
50 150 100 0
50 150 100 0
50 150 100 0
50 150 100 0
50 150 100 0
50 150 100 0
50 150 100 0
50 150 100 0
50 150 100 0
50 150 100 0
50 150 100 0
50 150 100 0
50 150 100 0
50 150 100 0
50 150 100 0
50 150 100 0
50 150 100 0
50 150 100 0
50 150 100 0
50 150 100 0
50 150 100 0
50 150 100 0
50 150 100 0
50 150 100 0
50 150 100 0
50 150 100 0
50 150 100 0
50 150 100 0
50 150 100 0
50 150 100 0
50 150 100 0
50 150 100 0
 223 157 206 0
 87 73 74 0
 75 80 74 0
 44 55 48 0
 46 59 50 0
 33 41 31 0
 34 41 34 0
 44 52 44 0
 51 55 50 0
 53 58 53 0
 50 73 66 0
 39 51 47 0
 53 67 67 0
 39 56 53 0
 52 71 67 0
 46 66 66 0
 68 85 82 0
 127 119 116 1
50 150 100 0
50 150 100 0
50 150 100 0
50 150 100 0
50 150 100 0
50 150 100 0
50 150 100 0
50 150 100 0
50 150 100 0
50 150 100 0
50 150 100 0
50 150 100 0
50 150 100 0
50 150 100 0
50 150 100 0
50 150 100 0
50 150 100 0
50 150 100 0
50 150 100 0
50 150 100 0
50 150 100 0
50 150 100 0
50 150 100 0
50 150 100 0
50 150 100 0
50 150 100 0
50 150 100 0
50 150 100 0
50 150 100 0
50 150 100 0
50 150 100 0
50 150 100 0
50 150 100 0
50 150 100 0
50 150 100 0
50 150 100 0
50 150 100 0
50 150 100 0
50 150 100 0
50 150 100 0
50 150 100 0
50 150 100 0
50 150 100 0
 221 123 183 0
 54 61 56 0
 52 63 56 0
 44 55 47 0
 44 52 39 0
 38 44 36 0
 39 44 39 0
 50 55 50 0
 62 69 66 0
 44 60 59 0
 64 72 73 0
 36 44 45 0
 53 68 65 0
 49 65 63 0
 74 93 103 0
 71 80 75 0
 137 123 122 1
50 150 100 0
50 150 100 0
50 150 100 0
50 150 100 0
50 150 100 0
50 150 100 0
50 150 100 0
50 150 100 0
50 150 100 0
50 150 100 0
50 150 100 0
50 150 100 0
50 150 100 0
50 150 100 0
50 150 100 0
50 150 100 0
50 150 100 0
50 150 100 0
50 150 100 0
50 150 100 0
50 150 100 0
50 150 100 0
50 150 100 0
50 150 100 0
50 150 100 0
50 150 100 0
50 150 100 0
50 150 100 0
50 150 100 0
50 150 100 0
50 150 100 0
50 150 100 0
50 150 100 0
50 150 100 0
50 150 100 0
50 150 100 0
50 150 100 0
50 150 100 0
50 150 100 0
50 150 100 0
50 150 100 0
50 150 100 0
50 150 100 0
 218 106 175 0
 71 67 66 0
 48 50 46 0
 40 43 38 0
 38 44 32 0
 40 46 35 0
 34 41 33 0
 51 64 58 0
 62 76 72 0
 40 49 47 0
 41 50 50 0
 57 73 72 0
 46 56 53 0
 53 71 68 0
 52 67 65 0
 94 91 86 0
50 150 100 0
50 150 100 0
50 150 100 0
50 150 100 0
50 150 100 0
50 150 100 0
50 150 100 0
50 150 100 0
50 150 100 0
50 150 100 0
50 150 100 0
50 150 100 0
50 150 100 0
50 150 100 0
50 150 100 0
50 150 100 0
50 150 100 0
50 150 100 0
50 150 100 0
50 150 100 0
50 150 100 0
50 150 100 0
50 150 100 0
50 150 100 0
50 150 100 0
50 150 100 0
50 150 100 0
50 150 100 0
50 150 100 0
50 150 100 0
50 150 100 0
50 150 100 0
50 150 100 0
50 150 100 0
50 150 100 0
50 150 100 0
50 150 100 0
50 150 100 0
50 150 100 0
50 150 100 0
50 150 100 0
50 150 100 0
50 150 100 0
50 150 100 0
 19 2 11 0
 208 100 169 0
 59 19 36 0
 41 37 33 0
 31 35 26 0
 41 49 35 0
 38 48 36 0
 41 55 49 0
 43 56 52 0
 61 76 73 0
 42 53 50 0
 42 52 50 0
 52 65 61 0
 46 57 54 0
 57 78 71 0
 154 130 128 1
50 150 100 0
50 150 100 0
50 150 100 0
50 150 100 0
50 150 100 0
50 150 100 0
50 150 100 0
50 150 100 0
50 150 100 0
50 150 100 0
50 150 100 0
50 150 100 0
50 150 100 0
50 150 100 0
50 150 100 0
50 150 100 0
50 150 100 0
50 150 100 0
50 150 100 0
50 150 100 0
50 150 100 0
50 150 100 0
50 150 100 0
50 150 100 0
50 150 100 0
50 150 100 0
50 150 100 0
50 150 100 0
50 150 100 0
50 150 100 0
50 150 100 0
50 150 100 0
50 150 100 0
50 150 100 0
50 150 100 0
50 150 100 0
50 150 100 0
50 150 100 0
50 150 100 0
50 150 100 0
50 150 100 0
50 150 100 0
50 150 100 0
50 150 100 0
50 150 100 0
50 150 100 0
50 150 100 0
50 150 100 0
50 150 100 0
50 150 100 0
50 150 100 0
50 150 100 0
50 150 100 0
50 150 100 0
50 150 100 0
50 150 100 0
50 150 100 0
50 150 100 0
50 150 100 0
50 150 100 0
50 150 100 0
50 150 100 0
50 150 100 0
50 150 100 0
50 150 100 0
50 150 100 0
50 150 100 0
50 150 100 0
50 150 100 0
50 150 100 0
50 150 100 0
50 150 100 0
50 150 100 0
50 150 100 0
50 150 100 0
50 150 100 0
50 150 100 0
50 150 100 0
50 150 100 0
50 150 100 0
50 150 100 0
50 150 100 0
50 150 100 0
50 150 100 0
50 150 100 0
50 150 100 0
50 150 100 0
50 150 100 0
50 150 100 0
50 150 100 0
50 150 100 0
50 150 100 0
50 150 100 0
50 150 100 0
50 150 100 0
50 150 100 0
50 150 100 0
50 150 100 0
50 150 100 0
50 150 100 0
50 150 100 0
50 150 100 0
50 150 100 0
50 150 100 0
50 150 100 0
50 150 100 0
50 150 100 0
50 150 100 0
50 150 100 0
50 150 100 0
50 150 100 0
50 150 100 0
50 150 100 0
50 150 100 0
50 150 100 0
50 150 100 0
50 150 100 0
50 150 100 0
50 150 100 0
50 150 100 0
50 150 100 0
50 150 100 0
50 150 100 0
50 150 100 0
50 150 100 0
50 150 100 0
50 150 100 0
50 150 100 0
50 150 100 0
50 150 100 0
50 150 100 0
50 150 100 0
50 150 100 0
50 150 100 0
50 150 100 0
50 150 100 0
50 150 100 0
50 150 100 0
50 150 100 0
50 150 100 0
50 150 100 0
50 150 100 0
50 150 100 0
50 150 100 0
50 150 100 0
50 150 100 0
50 150 100 0
50 150 100 0
50 150 100 0
50 150 100 0
50 150 100 0
50 150 100 0
50 150 100 0
50 150 100 0
50 150 100 0
50 150 100 0
50 150 100 0
50 150 100 0
50 150 100 0
50 150 100 0
50 150 100 0
50 150 100 0
50 150 100 0
50 150 100 0
50 150 100 0
50 150 100 0
50 150 100 0
50 150 100 0
50 150 100 0
50 150 100 0
50 150 100 0
50 150 100 0
50 150 100 0
50 150 100 0
50 150 100 0
50 150 100 0
50 150 100 0
50 150 100 0
50 150 100 0
50 150 100 0
50 150 100 0
50 150 100 0
50 150 100 0
50 150 100 0
50 150 100 0
50 150 100 0
50 150 100 0
50 150 100 0
50 150 100 0
50 150 100 0
50 150 100 0
50 150 100 0
50 150 100 0
50 150 100 0
50 150 100 0
50 150 100 0
50 150 100 0
50 150 100 0
50 150 100 0
50 150 100 0
50 150 100 0
50 150 100 0
50 150 100 0
50 150 100 0
50 150 100 0
50 150 100 0
50 150 100 0
50 150 100 0
50 150 100 0
50 150 100 0
50 150 100 0
50 150 100 0
50 150 100 0
50 150 100 0
50 150 100 0
50 150 100 0
50 150 100 0
50 150 100 0
50 150 100 0
50 150 100 0
50 150 100 0
50 150 100 0
50 150 100 0
50 150 100 0
50 150 100 0
50 150 100 0
50 150 100 0
50 150 100 0
50 150 100 0
50 150 100 0
50 150 100 0
50 150 100 0
50 150 100 0
50 150 100 0
50 150 100 0
50 150 100 0
50 150 100 0
50 150 100 0
50 150 100 0
50 150 100 0
50 150 100 0
50 150 100 0
50 150 100 0
50 150 100 0
50 150 100 0
50 150 100 0
50 150 100 0
50 150 100 0
50 150 100 0
50 150 100 0
50 150 100 0
50 150 100 0
50 150 100 0
50 150 100 0
50 150 100 0
50 150 100 0
50 150 100 0
50 150 100 0
50 150 100 0
50 150 100 0
50 150 100 0
50 150 100 0

