 109 141 115 0
 141 167 141 0
 115 145 120 0
 108 146 119 0
 100 142 115 0
 101 137 109 0
 98 136 107 0
 92 135 105 0
 91 136 107 0
 78 120 92 0
 91 133 106 0
 98 138 112 0
 94 135 108 0
 94 135 108 0
 90 131 104 0
 98 136 110 0
 91 132 105 0
 83 125 98 0
 88 135 109 0
 87 133 107 0
 94 137 111 0
 85 125 101 0
 83 121 96 0
 98 133 109 0
 89 120 96 0
 94 123 98 0
 87 115 92 0
 101 131 106 0
 94 124 99 0
 93 119 97 0
 101 126 106 0
 100 125 103 0
 83 104 84 0
 96 126 102 0
 89 119 95 0
 92 120 99 0
 92 121 97 0
 96 126 102 0
 97 128 107 0
 85 120 99 0
 71 113 89 0
 78 122 97 0
 62 108 81 0
 70 119 92 0
 74 120 96 0
 69 115 91 0
 78 124 102 0
 84 129 107 0
 100 140 119 0
 139 152 136 1
 111 137 118 0
 95 124 105 0
 89 127 110 0
 93 135 119 0
 86 129 112 0
 87 132 113 0
 79 124 103 0
 89 130 109 0
 88 129 108 0
 86 127 106 0
 113 146 118 0
 133 159 133 0
 114 143 118 0
 113 147 122 0
 102 141 115 0
 101 134 107 0
 101 132 104 0
 81 121 91 0
 98 141 112 0
 86 127 99 0
 88 129 103 0
 96 137 110 0
 93 133 107 0
 91 132 105 0
 91 131 104 0
 95 133 106 0
 95 134 106 0
 78 119 92 0
 92 137 110 0
 88 132 106 0
 90 133 107 0
 87 127 102 0
 82 120 95 0
 87 121 97 0
 81 109 87 0
 93 121 97 0
 87 116 93 0
 99 129 105 0
 91 119 95 0
 97 123 100 0
 97 120 99 0
 99 124 101 0
 63 81 62 0
 96 126 103 0
 89 118 94 0
 92 119 98 0
 96 125 101 0
 99 129 107 0
 94 125 104 0
 78 115 94 0
 76 122 97 0
 104 145 120 0
 62 105 79 0
 64 111 87 0
 74 121 95 0
 66 112 88 0
 78 125 103 0
 96 137 116 0
 151 162 145 1
 117 145 124 0
 101 131 110 0
 92 124 105 0
 96 136 120 0
 93 135 120 0
 82 126 108 0
 75 119 99 0
 80 121 101 0
 89 130 110 0
 91 132 111 0
 97 139 118 0
 119 150 122 0
 134 158 132 0
 105 136 110 0
 111 144 119 0
 106 142 116 0
 100 134 108 0
 102 130 102 0
 92 128 97 0
 98 139 110 0
 94 136 107 0
 86 127 100 0
 92 134 107 0
 93 133 107 0
 87 127 101 0
 89 128 102 0
 93 132 105 0
 97 135 108 0
 84 124 97 0
 93 137 110 0
 90 133 106 0
 89 132 105 0
 86 125 99 0
 85 124 98 0
 81 115 89 0
 81 112 88 0
 91 120 96 0
 90 118 95 0
 96 126 102 0
 92 120 96 0
 126 149 126 0
 104 127 104 0
 92 117 94 0
 92 112 91 0
 94 123 99 0
 93 121 96 0
 94 121 98 0
 101 131 108 0
 97 127 106 0
 91 126 104 0
 79 122 100 0
 73 120 94 0
 68 108 83 0
 76 123 99 0
 63 109 85 0
 73 121 95 0
 68 115 90 0
 79 126 104 0
 99 133 113 0
 176 177 162 1
 113 143 122 0
 92 126 104 0
 92 125 106 0
 98 140 124 0
 90 132 116 0
 75 119 101 0
 72 114 96 0
 81 121 102 0
 94 136 116 0
 102 143 124 0
 98 140 119 0
 124 153 124 0
 122 149 123 0
 129 152 126 0
 102 134 109 0
 106 142 115 0
 96 135 107 0
 102 132 105 0
 108 140 109 0
 101 141 110 0
 95 134 105 0
 88 128 101 0
 87 129 102 0
 91 131 105 0
 90 129 102 0
 88 126 99 0
 92 131 104 0
 94 132 105 0
 91 132 104 0
 90 133 106 0
 87 129 102 0
 95 137 110 0
 82 122 95 0
 85 124 98 0
 81 114 88 0
 91 121 97 0
 86 114 91 0
 93 122 99 0
 90 121 97 0
 90 117 94 0
 106 129 106 0
 95 117 95 0
 90 113 91 0
 94 114 93 0
 95 123 100 0
 98 126 101 0
 98 126 102 0
 99 131 108 0
 90 121 100 0
 84 122 100 0
 76 123 99 0
 58 102 76 0
 66 106 81 0
 77 124 98 0
 67 114 90 0
 78 125 99 0
 76 124 100 0
 93 132 111 0
 137 149 132 0
 114 143 123 0
 89 127 105 0
 85 121 98 0
 98 139 120 0
 91 134 119 0
 82 126 109 0
 74 117 99 0
 83 125 107 0
 86 128 108 0
 97 138 119 0
 101 142 123 0
 85 125 104 0
 119 148 119 0
 133 159 131 0
 133 155 129 0
 98 128 103 0
 101 135 109 0
 96 135 107 0
 98 134 106 0
 111 142 113 0
 107 144 114 0
 92 130 100 0
 92 131 103 0
 90 130 104 0
 87 127 99 0
 87 128 99 0
 88 127 99 0
 90 129 102 0
 92 130 104 0
 92 133 105 0
 87 130 102 0
 85 125 98 0
 88 130 104 0
 87 127 100 0
 86 125 99 0
 85 118 92 0
 92 124 99 0
 85 113 90 0
 94 124 101 0
 85 114 91 0
 97 124 100 0
 98 121 98 0
 97 118 95 0
 90 113 91 0
 101 123 101 0
 104 131 107 0
 98 125 100 0
 99 128 105 0
 96 129 105 0
 89 122 101 0
 82 122 100 0
 75 120 97 0
 55 95 70 0
 69 110 84 0
 73 120 94 0
 71 118 92 0
 79 127 102 0
 75 122 98 0
 103 131 112 0
 191 183 170 1
 107 136 116 0
 89 127 105 0
 83 122 99 0
 94 137 120 0
 86 129 114 0
 79 122 105 0
 81 124 107 0
 84 126 108 0
 94 136 116 0
 95 135 117 0
 96 136 117 0
 86 126 105 0
 112 144 114 0
 134 159 130 0
 134 154 128 0
 96 123 98 0
 92 125 99 0
 100 136 108 0
 101 138 110 0
 107 138 110 0
 112 147 116 0
 93 132 103 0
 91 129 101 0
 92 132 105 0
 85 125 97 0
 86 126 96 0
 84 124 95 0
 88 127 98 0
 93 131 103 0
 92 132 105 0
 87 129 99 0
 82 122 93 0
 84 125 99 0
 88 128 101 0
 87 127 100 0
 88 123 97 0
 88 120 94 0
 84 112 89 0
 95 126 102 0
 99 129 105 0
 102 128 105 0
 102 123 101 0
 96 117 94 0
 97 121 98 0
 102 126 104 0
 108 133 108 0
 87 114 89 0
 104 133 109 0
 89 121 98 0
 89 122 101 0
 79 118 97 0
 76 121 97 0
 62 102 77 0
 70 112 86 0
 71 118 93 0
 67 113 87 0
 78 127 102 0
 76 120 98 0
 138 151 135 0
 191 184 169 1
 91 128 107 0
 88 127 104 0
 84 123 101 0
 90 133 116 0
 80 123 106 0
 80 123 106 0
 81 125 108 0
 81 123 105 0
 89 130 113 0
 95 134 118 0
 87 127 107 0
 93 132 111 0
 110 143 116 0
 114 143 115 0
 131 149 124 0
 101 124 99 0
 91 121 95 0
 103 136 109 0
 102 137 109 0
 100 135 106 0
 111 143 113 0
 98 137 107 0
 90 124 97 0
 93 132 105 0
 94 133 105 0
 85 123 92 0
 86 125 96 0
 90 128 100 0
 94 132 105 0
 92 132 104 0
 88 129 98 0
 84 124 93 0
 85 125 98 0
 91 131 101 0
 90 131 102 0
 88 124 96 0
 81 111 85 0
 84 113 89 0
 94 125 100 0
 103 132 108 0
 107 132 108 0
 105 125 102 0
 104 124 101 0
 99 123 100 0
 101 126 103 0
 79 105 81 0
 105 132 107 0
 96 125 101 0
 82 114 89 0
 93 126 104 0
 78 116 95 0
 73 118 93 0
 67 108 81 0
 72 116 89 0
 68 115 90 0
 61 105 80 0
 78 128 102 0
 97 134 113 0
 173 174 159 1
 122 138 120 0
 90 126 104 0
 85 124 102 0
 89 131 112 0
 83 125 109 0
 79 122 105 0
 78 122 106 0
 71 113 97 0
 82 124 106 0
 85 126 109 0
 93 133 115 0
 88 127 106 0
 97 135 114 0
 107 138 111 0
 112 142 113 0
 122 145 117 0
 109 126 102 0
 108 133 108 0
 106 138 111 0
 101 134 105 0
 100 134 105 0
 95 128 98 0
 105 140 110 0
 92 129 101 0
 94 130 103 0
 93 131 101 0
 86 123 92 0
 91 130 101 0
 84 122 94 0
 94 131 104 0
 88 128 100 0
 86 126 97 0
 85 126 94 0
 86 126 98 0
 91 129 101 0
 95 135 106 0
 84 121 93 0
 77 108 82 0
 85 114 90 0
 94 126 101 0
 99 127 102 0
 101 127 103 0
 107 126 102 0
 103 122 98 0
 98 123 99 0
 94 123 99 0
 106 132 108 0
 100 125 101 0
 86 115 91 0
 80 113 87 0
 98 132 108 0
 75 113 91 0
 72 117 92 0
 70 112 85 0
 73 119 92 0
 64 109 84 0
 62 106 81 0
 74 123 97 0
 183 186 172 1
 140 147 131 0
 101 128 110 0
 83 121 101 0
 84 124 102 0
 83 126 108 0
 81 123 106 0
 86 130 113 0
 75 118 102 0
 66 106 90 0
 84 126 108 0
 83 123 106 0
 88 128 108 0
 94 132 111 0
 104 139 119 0
50 150 100 0
 106 137 110 0
 118 142 115 0
 108 127 100 0
 112 131 107 0
 108 137 112 0
 101 133 105 0
 100 131 102 0
 91 124 95 0
 102 137 107 0
 94 132 103 0
 97 131 105 0
 83 121 91 0
 92 128 96 0
 92 131 100 0
 86 123 95 0
 92 130 102 0
 86 125 97 0
 83 123 94 0
 84 125 93 0
 86 126 97 0
 89 128 100 0
 95 136 106 0
 103 134 106 0
 66 97 70 0
 86 114 90 0
 94 125 99 0
 96 124 100 0
 100 127 103 0
 102 124 99 0
 96 117 92 0
 97 124 98 0
 91 120 94 0
 102 129 102 0
 101 126 102 0
 75 106 81 0
 91 126 101 0
 79 115 91 0
 74 114 92 0
 68 113 87 0
 74 116 89 0
 72 119 92 0
 64 108 83 0
 78 122 99 0
 117 141 123 0
 175 176 162 1
 109 127 112 0
 89 121 104 0
 93 133 115 0
 85 127 106 0
 91 132 117 0
 84 126 109 0
 79 123 105 0
 74 117 101 0
 82 124 107 0
 77 118 101 0
 80 120 103 0
 91 128 109 0
 97 132 113 0
 108 141 123 0
50 150 100 0
 103 133 107 0
 108 136 110 0
 117 140 113 0
 117 136 110 0
 104 125 101 0
 99 130 102 0
 98 127 99 0
 90 120 93 0
 100 134 107 0
 93 132 104 0
 98 132 105 0
 86 125 96 0
 94 129 98 0
 92 129 96 0
 86 123 94 0
 86 124 94 0
 90 128 98 0
 84 123 93 0
 90 130 98 0
 85 125 92 0
 92 132 102 0
 96 138 107 0
 82 119 89 0
 89 119 92 0
 87 116 91 0
 97 126 100 0
 90 119 94 0
 94 123 98 0
 92 116 90 0
 89 112 85 0
 95 122 97 0
 88 116 90 0
 94 123 94 0
 112 136 110 0
 84 113 89 0
 85 119 95 0
 78 114 90 0
 73 114 91 0
 68 110 85 0
 73 116 90 0
 71 118 92 0
 70 113 89 0
 82 127 102 0
 149 159 143 1
 122 135 119 0
 100 126 108 0
 92 125 108 0
 103 142 125 0
 86 126 107 0
 105 142 128 0
 81 122 105 0
 79 122 106 0
 79 122 106 0
 81 123 106 0
 71 111 95 0
 87 125 109 0
 94 129 111 0
 102 136 119 0
 107 141 124 0
50 150 100 0
 20 28 21 0
 107 136 110 0
 118 143 116 0
 116 137 110 0
 99 119 95 0
 90 122 93 0
 89 121 91 0
 93 122 93 0
 99 133 106 0
 90 128 101 0
 99 133 106 0
 95 131 103 0
 88 127 96 0
 92 127 95 0
 85 121 91 0
 79 115 85 0
 90 126 96 0
 84 124 94 0
 92 133 101 0
 85 124 92 0
 92 132 101 0
 85 128 97 0
 83 116 86 0
 81 110 84 0
 89 118 91 0
 94 123 96 0
 88 115 89 0
 92 121 95 0
 88 111 84 0
 94 123 96 0
 99 126 100 0
 79 107 79 0
 90 118 89 0
 100 124 97 0
 85 120 93 0
 83 117 93 0
 75 111 88 0
 70 111 88 0
 68 110 85 0
 73 118 92 0
 71 117 93 0
 80 125 100 0
 117 141 122 0
 144 155 139 1
 107 129 111 0
 93 123 104 0
 100 136 119 0
 84 125 106 0
 88 128 111 0
 83 124 106 0
 77 118 101 0
 78 121 106 0
 81 125 108 0
 69 108 92 0
 81 120 104 0
 97 133 116 0
 102 136 119 0
 107 140 126 0
50 150 100 0
50 150 100 0
50 150 100 0
 100 128 104 0
 116 142 116 0
 115 140 113 0
 115 137 109 0
 97 126 99 0
 85 119 89 0
 88 117 88 0
 99 131 104 0
 91 127 100 0
 92 131 101 0
 90 124 96 0
 85 125 93 0
 91 125 94 0
 69 106 75 0
 80 115 86 0
 88 122 94 0
 85 124 95 0
 88 129 97 0
 84 122 91 0
 94 134 102 0
 83 125 93 0
 79 111 81 0
 90 117 91 0
 89 120 92 0
 93 122 94 0
 78 103 79 0
 91 120 94 0
 88 114 85 0
 93 119 91 0
 96 128 98 0
 89 115 88 0
 88 117 87 0
 93 122 96 0
 83 122 95 0
 75 109 85 0
 73 110 86 0
 70 113 89 0
 66 107 84 0
 74 120 94 0
 75 121 98 0
 82 126 101 0
 133 148 129 1
 112 133 115 0
 94 119 98 0
 86 118 100 0
 91 129 112 0
 78 117 100 0
 90 129 113 0
 75 116 96 0
 77 119 103 0
 74 118 102 0
 82 125 108 0
 76 115 100 0
 85 123 108 0
 101 135 121 0
 101 135 120 0
 105 138 125 0
50 150 100 0
50 150 100 0
50 150 100 0
 98 124 101 0
 114 140 114 0
 114 139 113 0
 115 140 112 0
 114 138 110 0
 98 131 103 0
 95 125 96 0
 103 132 105 0
 93 127 100 0
 94 133 104 0
 78 112 83 0
 86 125 95 0
 86 124 91 0
 91 126 94 0
 90 126 96 0
 78 109 82 0
 88 126 97 0
 85 126 94 0
 89 126 94 0
 88 125 94 0
 85 123 93 0
 77 114 83 0
 85 113 84 0
 92 120 92 0
 91 121 92 0
 92 119 94 0
 93 121 95 0
 83 110 83 0
 99 127 98 0
 96 123 95 0
 124 155 126 0
 91 120 90 0
 95 128 102 0
 77 119 91 0
 68 103 79 0
 73 111 87 0
 72 115 90 0
 73 117 93 0
 74 120 95 0
 76 124 100 0
 94 133 108 0
 141 151 133 1
 92 120 98 0
 88 117 98 0
 86 123 107 0
 78 118 99 0
 79 116 100 0
 77 118 99 0
 77 118 100 0
 79 122 106 0
 78 122 105 0
 76 117 101 0
 83 122 109 0
 93 129 117 0
 98 132 121 0
 99 133 119 0
 73 94 85 0
50 150 100 0
50 150 100 0
50 150 100 0
50 150 100 0
 111 138 114 0
 117 142 115 0
 115 140 112 0
 115 140 112 0
 102 134 105 0
 101 134 104 0
 104 133 105 0
 91 123 96 0
 97 134 106 0
 82 114 85 0
 89 124 96 0
 83 121 88 0
 90 124 93 0
 90 130 99 0
 97 129 101 0
 97 132 105 0
 84 123 92 0
 87 123 90 0
 93 128 97 0
 91 128 98 0
 69 102 72 0
 85 113 84 0
 93 120 91 0
 91 120 91 0
 93 120 95 0
 81 108 83 0
 89 117 90 0
 95 124 94 0
 93 121 92 0
 102 132 102 0
 94 127 94 0
 90 126 99 0
 71 113 86 0
 72 111 85 0
 68 110 83 0
 71 115 90 0
 76 119 97 0
 76 122 99 0
 81 128 103 0
 143 152 133 1
 94 122 103 0
 74 104 79 0
 95 126 109 0
 85 124 107 0
 77 118 98 0
 74 111 96 0
 78 119 101 0
 79 121 103 0
 84 127 110 0
 79 121 106 0
 82 123 108 0
 83 121 109 0
 92 128 117 0
 98 132 121 0
 101 135 123 0
50 150 100 0
50 150 100 0
50 150 100 0
50 150 100 0
50 150 100 0
 66 81 69 0
 111 138 113 0
 117 141 113 0
 110 138 109 0
 102 133 105 0
 95 130 100 0
 104 134 104 0
 101 130 104 0
 99 137 109 0
 87 121 92 0
 97 130 101 0
 93 129 97 0
 87 120 89 0
 92 131 101 0
 93 131 100 0
 92 129 101 0
 81 118 89 0
 88 122 91 0
 84 119 89 0
 97 132 102 0
 81 116 86 0
 90 118 90 0
 76 99 72 0
 89 115 86 0
 96 123 98 0
 81 108 83 0
 90 119 91 0
 86 114 84 0
 91 119 88 0
 87 119 86 0
 81 117 86 0
 67 109 82 0
 71 112 85 0
 69 108 82 0
 67 108 82 0
 65 108 83 0
 71 115 92 0
 75 120 97 0
 98 132 109 0
 170 171 152 1
 97 126 106 0
 92 124 101 0
 89 123 107 0
 76 118 98 0
 84 123 107 0
 83 122 106 0
 79 120 103 0
 79 122 104 0
 84 127 110 0
 83 127 111 0
 86 126 111 0
 90 127 115 0
 99 133 122 0
 101 136 126 0
 65 85 81 0
50 150 100 0
50 150 100 0
50 150 100 0
50 150 100 0
50 150 100 0
50 150 100 0
 104 130 106 0
 111 133 109 0
 105 132 103 0
 98 129 100 0
 88 123 95 0
 94 123 95 0
 106 136 108 0
 108 142 115 0
 92 131 101 0
 103 132 104 0
 96 131 100 0
 87 121 91 0
 90 127 98 0
 88 130 98 0
 84 122 92 0
 83 118 90 0
 94 125 95 0
 103 136 106 0
 94 126 97 0
 78 113 82 0
 88 117 88 0
 92 121 95 0
 85 110 83 0
 96 124 97 0
 81 108 82 0
 80 107 81 0
 84 113 83 0
 85 116 83 0
 70 106 74 0
 79 119 89 0
 70 112 84 0
 67 106 79 0
 59 97 71 0
 61 100 76 0
 61 101 79 0
 67 110 87 0
 87 127 104 0
 151 159 140 1
 126 136 117 0
 91 124 104 0
 85 120 100 0
 85 123 106 0
 76 117 98 0
 84 122 106 0
 84 125 108 0
 74 115 98 0
 77 118 102 0
 86 129 112 0
 102 148 134 0
 83 123 109 0
 94 130 119 0
 99 134 124 0
 100 134 125 0
50 150 100 0
50 150 100 0
50 150 100 0
50 150 100 0
50 150 100 0
50 150 100 0
50 150 100 0
 93 122 100 0
 99 125 103 0
 105 130 104 0
 94 122 95 0
 92 126 99 0
 101 131 103 0
 102 132 103 0
 105 139 112 0
 91 130 100 0
 104 134 106 0
 102 135 105 0
 86 118 88 0
 91 127 98 0
 88 127 97 0
 76 110 80 0
 84 121 91 0
 98 129 100 0
 95 128 98 0
 94 125 97 0
 88 122 91 0
 84 114 87 0
 90 117 90 0
 96 123 95 0
 88 115 89 0
 75 97 74 0
 81 107 82 0
 77 107 75 0
 73 105 71 0
 77 115 80 0
 66 109 78 0
 68 112 82 0
 55 92 66 0
 60 94 69 0
 60 94 73 0
 66 104 83 0
 69 112 90 0
 99 135 114 0
 181 179 163 1
 108 131 110 0
 86 121 99 0
 87 122 103 0
 87 125 108 0
 71 111 93 0
 81 120 104 0
 81 123 106 0
 80 120 105 0
 84 126 111 0
 81 126 113 0
 81 123 108 0
 90 128 116 0
 93 128 118 0
 91 127 118 0
 91 123 116 0
50 150 100 0
50 150 100 0
50 150 100 0
50 150 100 0
50 150 100 0
50 150 100 0
50 150 100 0
50 150 100 0
 27 42 31 0
 103 127 104 0
 94 119 94 0
 101 131 104 0
 91 125 97 0
 103 132 104 0
 99 131 104 0
 86 123 95 0
 88 124 94 0
 97 130 102 0
 101 135 104 0
 88 120 92 0
 96 131 103 0
 68 98 70 0
 85 121 91 0
 92 125 95 0
 93 127 96 0
 85 118 89 0
 84 114 85 0
 77 107 80 0
 92 122 96 0
 95 121 93 0
 87 114 88 0
 94 119 94 0
 78 104 79 0
 63 92 61 0
 78 113 79 0
 76 117 83 0
 62 105 74 0
 49 85 59 0
 51 85 61 0
 59 93 70 0
 64 98 78 0
 66 104 84 0
 75 118 95 0
 109 140 121 0
 130 138 120 0
 96 128 108 0
 87 122 100 0
 87 125 106 0
 86 125 107 0
 78 119 102 0
 83 124 108 0
 76 118 102 0
 85 125 110 0
 82 126 111 0
 81 126 112 0
 88 129 114 0
 90 128 116 0
 86 123 113 0
 91 128 121 0
50 150 100 0
50 150 100 0
50 150 100 0
50 150 100 0
50 150 100 0
50 150 100 0
50 150 100 0
50 150 100 0
50 150 100 0
 83 112 92 0
 100 127 104 0
 98 124 100 0
 100 127 102 0
 80 112 86 0
 102 131 105 0
 101 133 107 0
 95 129 103 0
 71 105 78 0
 93 130 101 0
 90 127 96 0
 102 133 106 0
 97 132 103 0
 76 106 79 0
 78 113 83 0
 93 124 94 0
 84 117 86 0
 92 125 95 0
 71 99 72 0
 78 108 83 0
 89 120 93 0
 87 116 86 0
 84 113 84 0
 86 116 88 0
 76 103 80 0
 58 81 58 0
 76 114 81 0
 66 107 76 0
 47 81 57 0
 63 103 76 0
 52 87 63 0
 64 100 76 0
 66 99 81 0
 63 95 77 0
 103 132 116 0
 156 162 148 1
 96 124 105 0
 87 126 106 0
 83 120 98 0
 82 121 103 0
 80 120 102 0
 84 123 107 0
 79 120 105 0
 71 112 95 0
 81 122 106 0
 77 123 107 0
 83 128 112 0
 90 133 118 0
 87 126 114 0
 77 115 105 0
 90 127 120 0
50 150 100 0
50 150 100 0
50 150 100 0
50 150 100 0
50 150 100 0
50 150 100 0
50 150 100 0
50 150 100 0
50 150 100 0
50 150 100 0
 94 126 105 0
 99 124 101 0
 97 127 101 0
 81 111 86 0
 102 135 108 0
 102 133 107 0
 98 132 106 0
 85 119 93 0
 86 123 97 0
 81 121 89 0
 91 126 96 0
 99 133 104 0
 91 124 95 0
 93 128 99 0
 90 124 94 0
 85 118 87 0
 98 132 103 0
 77 104 77 0
 82 110 85 0
 87 119 93 0
 81 112 83 0
 82 112 83 0
 84 114 86 0
 79 106 82 0
 44 69 46 0
 81 122 90 0
 62 102 72 0
 59 93 69 0
 68 110 83 0
 59 96 73 0
 64 96 77 0
 68 100 83 0
 91 129 108 0
 95 121 108 0
 152 163 152 1
 75 113 93 0
 82 126 104 0
 75 114 92 0
 81 121 102 0
 84 124 107 0
 76 115 101 0
 66 107 92 0
 71 111 95 0
 71 114 99 0
 75 119 103 0
 88 130 115 0
 85 126 111 0
 83 122 111 0
 80 117 109 0
50 150 100 0
50 150 100 0
50 150 100 0
50 150 100 0
50 150 100 0
50 150 100 0
50 150 100 0
50 150 100 0
50 150 100 0
50 150 100 0
50 150 100 0
 87 119 99 0
 90 119 96 0
 104 133 107 0
 98 130 104 0
 92 121 97 0
 95 131 104 0
 98 131 106 0
 95 131 104 0
 91 126 101 0
 85 124 94 0
 87 125 94 0
 97 128 100 0
 97 132 101 0
 96 130 100 0
 93 126 96 0
 93 125 97 0
 94 130 100 0
 88 116 89 0
 83 112 86 0
 83 114 89 0
 93 124 95 0
 82 110 81 0
 87 118 90 0
 78 105 81 0
 78 109 84 0
 74 116 83 0
 54 91 63 0
 65 102 77 0
 67 108 82 0
 56 91 70 0
 60 87 71 0
 61 92 76 0
 90 128 107 0
 96 115 102 0
 89 112 98 1
 63 97 81 0
 75 116 96 0
 75 116 94 0
 72 111 95 0
 74 112 98 0
 71 111 96 0
 70 111 94 0
 69 108 93 0
 66 109 94 0
 74 116 100 0
 97 134 119 0
 87 127 113 0
 87 125 115 0
 88 126 117 0
50 150 100 0
50 150 100 0
50 150 100 0
50 150 100 0
50 150 100 0
50 150 100 0
50 150 100 0
50 150 100 0
50 150 100 0
50 150 100 0
50 150 100 0
50 150 100 0
 92 124 103 0
 104 134 109 0
 84 114 91 0
 103 133 111 0
 80 116 89 0
 91 125 100 0
 75 110 85 0
 98 134 107 0
 88 124 96 0
 76 107 79 0
 104 134 106 0
 97 132 101 0
 96 131 100 0
 91 126 97 0
 84 117 88 0
 94 131 101 0
 88 118 90 0
 83 112 88 0
 86 118 92 0
 81 111 82 0
 79 105 79 0
 67 96 73 0
 64 93 70 0
 72 108 81 0
 64 105 74 0
 63 99 73 0
 71 114 87 0
 52 84 66 0
 62 92 76 0
 67 93 79 0
 72 108 89 0
 93 126 108 0
 148 155 142 1
 92 120 104 0
 82 122 106 0
 73 114 93 0
 71 112 92 0
 64 101 86 0
 66 104 91 0
 68 110 94 0
 68 108 91 0
 70 110 96 0
 74 114 99 0
 90 125 110 0
 81 120 105 0
 86 125 113 0
 85 122 112 0
50 150 100 0
50 150 100 0
50 150 100 0
50 150 100 0
50 150 100 0
50 150 100 0
50 150 100 0
50 150 100 0
50 150 100 0
50 150 100 0
50 150 100 0
50 150 100 0
50 150 100 0
 86 116 99 0
 96 129 106 0
 104 134 110 0
 87 116 94 0
 94 122 102 0
 91 125 100 0
 87 122 97 0
 89 125 99 0
 86 121 94 0
 96 132 102 0
 92 123 94 0
 98 130 99 0
 89 123 92 0
 94 129 101 0
 80 115 86 0
 84 121 92 0
 77 108 82 0
 83 115 88 0
 81 112 85 0
 77 110 80 0
 88 117 88 0
 72 103 78 0
 76 107 82 0
 64 99 73 0
 59 96 68 0
 68 106 79 0
 67 108 82 0
 60 93 75 0
 77 110 90 0
 77 111 89 0
 86 121 100 0
 141 143 130 1
 102 122 107 0
 79 110 94 0
 86 127 113 0
 72 111 92 0
 68 105 89 0
 72 108 97 0
 63 102 88 0
 59 99 83 0
 66 104 88 0
 76 116 102 0
 70 108 92 0
 87 124 109 0
 75 115 101 0
 81 118 108 0
 0 0 0 0
50 150 100 0
50 150 100 0
50 150 100 0
50 150 100 0
50 150 100 0
50 150 100 0
50 150 100 0
50 150 100 0
50 150 100 0
50 150 100 0
50 150 100 0
50 150 100 0
50 150 100 0
50 150 100 0
 91 124 105 0
 97 127 106 0
 94 122 101 0
 98 124 106 0
 85 117 96 0
 97 132 109 0
 67 102 78 0
 94 132 105 0
 88 125 96 0
 95 127 96 0
 64 95 64 0
 90 126 94 0
 86 120 90 0
 83 120 89 0
 82 117 87 0
 81 117 88 0
 58 86 66 0
 69 104 75 0
 71 105 76 0
 75 109 79 0
 69 103 78 0
 73 110 84 0
 59 93 67 0
 64 98 72 0
 65 103 76 0
 60 98 74 0
 62 95 78 0
 78 116 95 0
 67 101 81 0
 82 111 91 0
 146 149 134 1
 95 118 102 0
 68 96 81 0
 85 123 112 0
 73 111 93 0
 72 110 95 0
 73 110 97 0
 61 100 85 0
 54 91 74 0
 68 108 90 0
 71 110 94 0
 83 121 105 0
 77 116 100 0
 77 117 104 0
 79 114 104 0
50 150 100 0
50 150 100 0
50 150 100 0
50 150 100 0
50 150 100 0
50 150 100 0
50 150 100 0
50 150 100 0
50 150 100 0
50 150 100 0
50 150 100 0
50 150 100 0
50 150 100 0
50 150 100 0
50 150 100 0
 93 123 107 0
 102 137 119 0
 91 125 104 0
 92 119 99 0
 102 131 110 0
 103 136 114 0
 92 126 103 0
 84 122 96 0
 87 127 99 0
 70 101 74 0
 90 119 89 0
 88 125 92 0
 75 109 75 0
 79 116 84 0
 77 113 82 0
 65 99 73 0
 71 106 80 0
 72 108 80 0
 54 82 59 0
 55 89 61 0
 67 101 75 0
 74 110 83 0
 63 97 71 0
 69 106 79 0
 64 100 75 0
 55 89 67 0
 74 108 93 0
 74 112 91 0
 73 103 85 0
 133 138 125 1
 109 122 106 0
 83 111 95 0
 78 113 101 0
 76 112 98 0
 80 118 101 0
 71 110 95 0
 80 119 105 0
 60 98 81 0
 66 106 88 0
 70 109 92 0
 74 112 95 0
 77 117 100 0
 74 113 99 0
 75 112 101 0
 82 118 108 0
50 150 100 0
50 150 100 0
50 150 100 0
50 150 100 0
50 150 100 0
50 150 100 0
50 150 100 0
50 150 100 0
50 150 100 0
50 150 100 0
50 150 100 0
50 150 100 0
50 150 100 0
50 150 100 0
50 150 100 0
50 150 100 0
 97 133 116 0
 80 119 100 0
 85 113 94 0
 101 134 111 0
 93 131 107 0
 89 126 102 0
 95 133 106 0
 78 119 90 0
 85 123 91 0
 94 126 95 0
 80 110 81 0
 83 118 86 0
 65 100 69 0
 73 108 77 0
 63 100 72 0
 72 110 84 0
 65 103 75 0
 55 83 61 0
 58 89 64 0
 71 107 81 0
 69 104 78 0
 69 106 79 0
 66 105 79 0
 55 87 65 0
 62 98 77 0
 60 91 77 0
 73 110 91 0
 78 110 89 0
 170 163 152 1
 80 105 88 0
 82 114 100 0
 98 138 131 0
 76 113 100 0
 72 110 94 0
 70 109 96 0
 68 105 91 0
 63 102 84 0
 66 105 88 0
 69 108 91 0
 76 117 99 0
 72 112 94 0
 80 119 105 0
 68 103 92 0
50 150 100 0
50 150 100 0
50 150 100 0
50 150 100 0
50 150 100 0
50 150 100 0
50 150 100 0
50 150 100 0
50 150 100 0
50 150 100 0
50 150 100 0
50 150 100 0
50 150 100 0
50 150 100 0
50 150 100 0
50 150 100 0
50 150 100 0
 82 114 100 0
 80 124 106 0
 77 110 90 0
 100 132 109 0
 89 125 100 0
 88 128 103 0
 91 130 103 0
 76 114 86 0
 76 116 84 0
 88 123 92 0
 89 119 90 0
 71 106 74 0
 53 87 59 0
 71 108 77 0
 70 112 80 0
 69 110 81 0
 52 87 61 0
 61 97 70 0
 70 112 82 0
 66 101 75 0
 67 104 78 0
 57 93 69 0
 58 92 68 0
 65 93 72 0
 54 84 66 0
 61 90 76 0
 57 85 71 0
 83 109 91 0
 130 135 124 1
 80 109 94 0
 75 109 95 0
 72 110 99 0
 74 110 97 0
 71 106 93 0
 71 108 97 0
 65 102 86 0
 62 103 83 0
 64 101 84 0
 72 112 94 0
 70 110 92 0
 77 117 101 0
 78 114 101 0
 71 105 94 0
50 150 100 0
50 150 100 0
50 150 100 0
50 150 100 0
50 150 100 0
50 150 100 0
50 150 100 0
50 150 100 0
50 150 100 0
50 150 100 0
50 150 100 0
50 150 100 0
50 150 100 0
50 150 100 0
50 150 100 0
50 150 100 0
50 150 100 0
 26 35 29 0
 89 130 113 0
 75 116 94 0
 100 133 110 0
 91 126 100 0
 82 120 95 0
 84 123 97 0
 66 101 75 0
 78 119 88 0
 77 116 85 0
 85 117 88 0
 66 102 72 0
 66 98 71 0
 76 113 83 0
 72 110 80 0
 66 105 75 0
 57 93 66 0
 66 108 80 0
 64 107 77 0
 50 81 58 0
 66 102 76 0
 60 97 71 0
 59 90 67 0
 49 70 55 0
 51 73 62 0
 58 83 71 0
 87 114 96 0
 183 170 161 1
 91 118 104 0
 75 107 93 0
 61 97 84 0
 68 105 92 0
 78 114 102 0
 72 109 98 0
 66 103 89 0
 61 99 82 0
 60 99 81 0
 64 101 84 0
 69 106 89 0
 74 113 95 0
 75 114 100 0
 81 116 104 0
50 150 100 0
50 150 100 0
50 150 100 0
50 150 100 0
50 150 100 0
50 150 100 0
50 150 100 0
50 150 100 0
50 150 100 0
50 150 100 0
50 150 100 0
50 150 100 0
50 150 100 0
50 150 100 0
50 150 100 0
50 150 100 0
50 150 100 0
50 150 100 0
50 150 100 0
 86 130 111 0
 67 111 86 0
 82 117 95 0
 102 134 112 0
 100 136 111 0
 93 132 106 0
 84 121 96 0
 73 115 84 0
 83 128 95 0
 64 99 71 0
 69 104 75 0
 61 94 67 0
 76 112 83 0
 60 87 67 0
 81 119 89 0
 55 89 64 0
 68 112 84 0
 55 84 61 0
 61 87 68 0
 64 95 76 0
 51 83 61 0
 61 91 67 0
 59 83 64 0
 63 88 75 0
 85 113 103 0
 96 119 103 0
 125 133 121 1
 84 113 100 0
 72 101 89 0
 72 107 94 0
 72 106 95 0
 73 109 99 0
 68 104 93 0
 62 98 83 0
 64 99 86 0
 64 101 85 0
 64 100 83 0
 72 110 92 0
 78 117 100 0
 77 115 100 0
 68 100 86 0
50 150 100 0
50 150 100 0
50 150 100 0
50 150 100 0
50 150 100 0
50 150 100 0
50 150 100 0
50 150 100 0
50 150 100 0
50 150 100 0
50 150 100 0
50 150 100 0
50 150 100 0
50 150 100 0
50 150 100 0
50 150 100 0
50 150 100 0
50 150 100 0
50 150 100 0
 89 124 108 0
 75 120 97 0
 82 122 97 0
 87 121 101 0
 102 136 113 0
 81 123 94 0
 71 111 84 0
 67 111 82 0
 67 115 81 0
 50 87 57 0
 66 102 73 0
 72 110 82 0
 60 94 69 0
 81 113 88 0
 82 124 97 0
 67 103 76 0
 68 112 85 0
 56 94 69 0
 61 85 68 0
 77 110 89 0
 56 87 68 0
 58 87 66 0
 73 103 85 0
 69 96 84 0
 97 122 111 0
 181 168 157 1
 102 123 110 0
 74 102 91 0
 81 113 100 0
 74 111 96 0
 75 112 99 0
 67 102 92 0
 67 103 91 0
 59 94 79 0
 68 104 91 0
 63 98 83 0
 72 108 92 0
 65 103 84 0
 68 106 88 0
 68 103 87 0
50 150 100 0
50 150 100 0
50 150 100 0
50 150 100 0
50 150 100 0
50 150 100 0
50 150 100 0
50 150 100 0
50 150 100 0
50 150 100 0
50 150 100 0
50 150 100 0
50 150 100 0
50 150 100 0
50 150 100 0
50 150 100 0
50 150 100 0
50 150 100 0
50 150 100 0
50 150 100 0
50 150 100 0
 94 131 110 0
 74 119 94 0
 81 117 97 0
 84 124 100 0
 64 109 78 0
 56 99 72 0
 71 116 89 0
 70 116 84 0
 60 103 74 0
 69 107 77 0
 66 105 78 0
 64 105 78 0
 69 103 78 0
 75 109 87 0
 64 105 78 0
 51 89 65 0
 72 105 81 0
 62 83 69 0
 64 96 75 0
 59 82 69 0
 71 107 85 0
 86 116 106 0
 70 96 85 0
 88 112 105 0
 134 134 124 1
 84 112 101 0
 72 103 91 0
 71 105 89 0
 70 106 90 0
 65 100 87 0
 70 103 95 0
 66 101 85 0
 62 95 82 0
 65 102 87 0
 70 106 90 0
 69 106 90 0
 58 91 76 0
 68 102 89 0
 64 91 81 0
50 150 100 0
50 150 100 0
50 150 100 0
50 150 100 0
50 150 100 0
50 150 100 0
50 150 100 0
50 150 100 0
50 150 100 0
50 150 100 0
50 150 100 0
50 150 100 0
50 150 100 0
50 150 100 0
50 150 100 0
50 150 100 0
50 150 100 0
50 150 100 0
50 150 100 0
50 150 100 0
50 150 100 0
 59 86 69 0
 68 110 86 0
 82 122 100 0
 68 106 83 0
 56 90 68 0
 69 121 94 0
 76 127 100 0
 73 117 87 0
 67 107 79 0
 57 90 67 0
 62 104 78 0
 65 106 79 0
 60 94 72 0
 59 90 73 0
 59 100 73 0
 52 83 63 0
 65 95 74 0
 73 96 80 0
 67 101 78 0
 64 90 75 0
 62 97 77 0
 63 93 80 0
 83 109 98 0
 141 140 131 1
 93 109 98 1
 71 104 95 0
 70 102 90 0
 61 93 77 0
 66 99 86 0
 84 120 109 0
 71 104 97 0
 61 93 78 0
 67 101 89 0
 63 100 85 0
 66 100 85 0
 73 109 92 0
 69 100 88 0
 73 104 95 0
50 150 100 0
50 150 100 0
50 150 100 0
50 150 100 0
50 150 100 0
50 150 100 0
50 150 100 0
50 150 100 0
50 150 100 0
50 150 100 0
50 150 100 0
50 150 100 0
50 150 100 0
50 150 100 0
50 150 100 0
50 150 100 0
50 150 100 0
50 150 100 0
50 150 100 0
50 150 100 0
50 150 100 0
50 150 100 0
50 150 100 0
 86 121 99 0
 81 114 93 0
 71 103 85 0
 79 116 93 0
 70 127 99 0
 59 109 81 0
 54 97 70 0
 62 92 70 0
 68 108 82 0
 62 99 78 0
 69 109 81 0
 48 79 59 0
 68 101 83 0
 61 99 76 0
 54 83 65 0
 68 98 78 0
 63 83 72 0
 60 91 71 0
 55 78 64 0
 53 78 63 0
 67 99 86 0
 90 120 105 0
 152 149 139 1
 84 93 85 0
 70 102 94 0
 66 99 85 0
 54 82 68 0
 65 96 84 0
 73 108 97 0
 58 87 79 0
 64 93 81 0
 69 105 94 0
 60 97 82 0
 63 99 83 0
 73 109 93 0
 73 105 94 0
 74 107 100 0
50 150 100 0
50 150 100 0
50 150 100 0
50 150 100 0
50 150 100 0
50 150 100 0
50 150 100 0
50 150 100 0
50 150 100 0
50 150 100 0
50 150 100 0
50 150 100 0
50 150 100 0
50 150 100 0
50 150 100 0
50 150 100 0
50 150 100 0
50 150 100 0
50 150 100 0
50 150 100 0
50 150 100 0
50 150 100 0
50 150 100 0
 79 112 93 0
 65 91 75 0
 59 83 72 0
 65 102 82 0
 80 124 100 0
 61 115 88 0
 40 83 58 0
 56 90 65 0
 67 107 81 0
 51 78 59 0
 53 81 57 0
 64 100 74 0
 70 110 87 0
 58 93 73 0
 58 88 70 0
 62 89 73 0
 61 79 69 0
 61 92 73 0
 64 83 70 0
 48 65 56 0
 78 110 94 0
 168 157 144 1
 102 112 95 0
 83 106 98 0
 65 97 89 0
 70 105 91 0
 62 91 78 0
 63 95 83 0
 66 96 87 0
 58 81 74 0
 67 100 89 0
 58 93 81 0
 59 95 80 0
 60 95 80 0
 71 105 93 0
 71 104 96 0
50 150 100 0
50 150 100 0
50 150 100 0
50 150 100 0
50 150 100 0
50 150 100 0
50 150 100 0
50 150 100 0
50 150 100 0
50 150 100 0
50 150 100 0
50 150 100 0
50 150 100 0
50 150 100 0
50 150 100 0
50 150 100 0
50 150 100 0
50 150 100 0
50 150 100 0
50 150 100 0
50 150 100 0
50 150 100 0
50 150 100 0
50 150 100 0
50 150 100 0
 43 62 48 0
 80 108 95 0
 78 116 100 0
 68 111 88 0
 61 109 83 0
 59 106 80 0
 70 109 82 0
 58 92 68 0
 73 104 85 0
 77 111 86 0
 60 94 70 0
 55 98 73 0
 54 86 67 0
 59 91 72 0
 56 80 67 0
 71 104 86 0
 73 102 86 0
 65 85 74 0
 66 92 82 0
 83 111 93 0
 112 119 100 1
 83 104 82 0
 78 103 93 0
 64 93 86 0
 68 104 88 0
 61 88 77 0
 60 93 81 0
 58 82 74 0
 61 84 77 0
 75 111 102 0
 61 96 84 0
 64 99 86 0
 63 97 85 0
 72 105 95 0
 71 102 96 0
50 150 100 0
50 150 100 0
50 150 100 0
50 150 100 0
50 150 100 0
50 150 100 0
50 150 100 0
50 150 100 0
50 150 100 0
50 150 100 0
50 150 100 0
50 150 100 0
50 150 100 0
50 150 100 0
50 150 100 0
50 150 100 0
50 150 100 0
50 150 100 0
50 150 100 0
50 150 100 0
50 150 100 0
50 150 100 0
50 150 100 0
50 150 100 0
50 150 100 0
 55 76 64 0
 78 110 95 0
 82 128 110 0
 73 117 96 0
 83 130 105 0
 73 118 93 0
 76 118 91 0
 72 104 80 0
 81 117 96 0
 76 115 88 0
 62 99 76 0
 39 77 56 0
 51 86 65 0
 62 98 76 0
 72 108 89 0
 64 103 82 0
 55 83 67 0
 70 97 83 0
 76 98 89 0
 108 123 105 1
 70 84 68 0
 86 105 87 0
 88 119 111 0
 72 106 97 0
 67 104 88 0
 79 115 103 0
 65 94 82 0
 59 79 73 0
 68 101 95 0
 62 97 88 0
 69 104 94 0
 65 98 86 0
 64 95 85 0
 69 101 94 0
50 150 100 0
50 150 100 0
50 150 100 0
50 150 100 0
50 150 100 0
50 150 100 0
50 150 100 0
50 150 100 0
50 150 100 0
50 150 100 0
50 150 100 0
50 150 100 0
50 150 100 0
50 150 100 0
50 150 100 0
50 150 100 0
50 150 100 0
50 150 100 0
50 150 100 0
50 150 100 0
50 150 100 0
50 150 100 0
50 150 100 0
50 150 100 0
50 150 100 0
50 150 100 0
50 150 100 0
 78 111 93 0
 77 128 107 0
 65 108 88 0
 89 129 109 0
 65 110 85 0
 79 118 92 0
 86 122 96 0
 71 110 85 0
 50 78 55 0
 68 107 81 0
 54 88 69 0
 66 105 82 0
 51 80 63 0
 65 105 84 0
 54 88 68 0
 55 77 65 0
 66 90 79 0
 83 106 96 0
 137 137 124 1
 90 105 88 0
 79 104 92 0
 62 90 83 0
 77 109 102 0
 65 98 83 0
 63 90 78 0
 67 98 86 0
 63 84 78 0
 70 102 97 0
 69 110 102 0
 71 107 97 0
 71 104 93 0
 66 98 90 0
 67 95 90 0
50 150 100 0
50 150 100 0
50 150 100 0
50 150 100 0
50 150 100 0
50 150 100 0
50 150 100 0
50 150 100 0
50 150 100 0
50 150 100 0
50 150 100 0
50 150 100 0
50 150 100 0
50 150 100 0
50 150 100 0
50 150 100 0
50 150 100 0
50 150 100 0
50 150 100 0
50 150 100 0
50 150 100 0
50 150 100 0
50 150 100 0
50 150 100 0
50 150 100 0
50 150 100 0
50 150 100 0
 78 102 85 0
 82 122 102 0
 85 122 104 0
 64 93 78 0
 60 98 76 0
 79 118 93 0
 79 116 92 0
 68 105 79 0
 57 84 63 0
 62 103 78 0
 60 93 75 0
 66 104 85 0
 54 84 66 0
 57 89 73 0
 48 81 61 0
 62 89 73 0
 59 91 76 0
 77 98 84 0
 175 162 154 1
 82 94 80 0
 77 98 86 0
 86 117 107 0
 62 89 79 0
 68 97 83 0
 70 95 84 0
 50 73 66 0
 68 95 88 0
 62 92 87 0
 66 106 98 0
 65 99 88 0
 65 92 86 0
 67 96 90 0
50 150 100 0
50 150 100 0
50 150 100 0
50 150 100 0
50 150 100 0
50 150 100 0
50 150 100 0
50 150 100 0
50 150 100 0
50 150 100 0
50 150 100 0
50 150 100 0
50 150 100 0
50 150 100 0
50 150 100 0
50 150 100 0
50 150 100 0
50 150 100 0
50 150 100 0
50 150 100 0
50 150 100 0
50 150 100 0
50 150 100 0
50 150 100 0
50 150 100 0
50 150 100 0
50 150 100 0
50 150 100 0
50 150 100 0
 100 125 107 0
 65 98 81 0
 82 113 96 0
 66 100 81 0
 70 100 77 0
 79 111 87 0
 59 86 64 0
 51 83 61 0
 64 106 81 0
 69 108 90 0
 64 102 85 0
 53 81 65 0
 64 96 80 0
 47 78 61 0
 54 77 64 0
 67 99 84 0
 98 114 99 0
 126 124 113 1
 95 117 104 0
 84 110 99 0
 75 104 93 0
 64 92 80 0
 63 91 78 0
 65 90 81 0
 72 98 93 0
 58 81 77 0
 63 101 93 0
 66 105 95 0
 60 92 81 0
 73 100 94 0
 62 89 84 0
50 150 100 0
50 150 100 0
50 150 100 0
50 150 100 0
50 150 100 0
50 150 100 0
50 150 100 0
50 150 100 0
50 150 100 0
50 150 100 0
50 150 100 0
50 150 100 0
50 150 100 0
50 150 100 0
50 150 100 0
50 150 100 0
50 150 100 0
50 150 100 0
50 150 100 0
50 150 100 0
50 150 100 0
50 150 100 0
50 150 100 0
50 150 100 0
50 150 100 0
50 150 100 0
50 150 100 0
50 150 100 0
50 150 100 0
 84 120 102 0
 80 111 93 0
 65 99 82 0
 71 113 94 0
 77 119 96 0
 69 94 75 0
 59 91 70 0
 67 111 85 0
 59 98 77 0
 45 75 61 0
 57 89 72 0
 57 85 71 0
 50 77 64 0
 58 90 73 0
 70 102 84 0
 66 84 71 0
 141 142 128 1
 84 98 85 0
 80 102 87 0
 68 90 81 0
 66 91 82 0
 68 101 88 0
 58 79 70 0
 68 96 88 0
 63 87 80 0
 69 95 88 0
 57 91 83 0
 65 98 86 0
 68 100 89 0
 75 106 99 0
50 150 100 0
50 150 100 0
50 150 100 0
50 150 100 0
50 150 100 0
50 150 100 0
50 150 100 0
50 150 100 0
50 150 100 0
50 150 100 0
50 150 100 0
50 150 100 0
50 150 100 0
50 150 100 0
50 150 100 0
50 150 100 0
50 150 100 0
50 150 100 0
50 150 100 0
50 150 100 0
50 150 100 0
50 150 100 0
50 150 100 0
50 150 100 0
50 150 100 0
50 150 100 0
50 150 100 0
50 150 100 0
50 150 100 0
50 150 100 0
50 150 100 0
 60 93 75 0
 51 80 64 0
 70 110 91 0
 61 107 83 0
 58 88 67 0
 62 85 70 0
 58 102 79 0
 57 98 74 0
 55 86 69 0
 53 81 67 0
 65 103 86 0
 57 84 71 0
 53 87 75 0
 60 90 73 0
 133 129 116 1
 126 124 111 1
 71 87 77 0
 67 89 75 0
 69 89 82 0
 67 95 88 0
 62 93 80 0
 71 101 90 0
 52 76 71 0
 72 102 94 0
 59 86 80 0
 52 78 70 0
 61 90 78 0
 67 97 87 0
 68 99 92 0
50 150 100 0
50 150 100 0
50 150 100 0
50 150 100 0
50 150 100 0
50 150 100 0
50 150 100 0
50 150 100 0
50 150 100 0
50 150 100 0
50 150 100 0
50 150 100 0
50 150 100 0
50 150 100 0
50 150 100 0
50 150 100 0
50 150 100 0
50 150 100 0
50 150 100 0
50 150 100 0
50 150 100 0
50 150 100 0
50 150 100 0
50 150 100 0
50 150 100 0
50 150 100 0
50 150 100 0
50 150 100 0
50 150 100 0
50 150 100 0
50 150 100 0
 71 106 92 0
 60 97 75 0
 44 73 53 0
 58 105 79 0
 49 88 63 0
 63 96 78 0
 43 77 60 0
 49 82 63 0
 41 70 52 0
 56 89 71 0
 54 84 70 0
 60 90 75 0
 46 73 60 0
 76 104 87 0
 159 152 140 1
 83 92 77 0
 60 74 65 0
 60 79 70 0
 74 98 93 0
 60 85 80 0
 72 106 93 0
 69 100 89 0
 64 94 85 0
 55 84 77 0
 62 89 82 0
 69 101 92 0
 65 93 81 0
 58 83 74 0
 0 0 0 0
50 150 100 0
50 150 100 0
50 150 100 0
50 150 100 0
50 150 100 0
50 150 100 0
50 150 100 0
50 150 100 0
50 150 100 0
50 150 100 0
50 150 100 0
50 150 100 0
50 150 100 0
50 150 100 0
50 150 100 0
50 150 100 0
50 150 100 0
50 150 100 0
50 150 100 0
50 150 100 0
50 150 100 0
50 150 100 0
50 150 100 0
50 150 100 0
50 150 100 0
50 150 100 0
50 150 100 0
50 150 100 0
50 150 100 0
50 150 100 0
50 150 100 0
 100 300 200 0
 54 85 66 0
 64 92 73 0
 48 89 65 0
 66 110 85 0
 41 76 57 0
 56 88 73 0
 45 70 57 0
 41 67 52 0
 57 93 75 0
 54 82 69 0
 47 72 60 0
 77 98 83 0
 151 134 123 1
 118 120 106 0
 78 97 78 0
 64 83 72 0
 69 91 80 0
 77 105 99 0
 73 101 96 0
 64 94 84 0
 55 83 75 0
 62 93 83 0
 69 101 93 0
 58 83 76 0
 61 93 82 0
 58 81 71 0
 65 96 86 0
50 150 100 0
50 150 100 0
50 150 100 0
50 150 100 0
50 150 100 0
50 150 100 0
50 150 100 0
50 150 100 0
50 150 100 0
50 150 100 0
50 150 100 0
50 150 100 0
50 150 100 0
50 150 100 0
50 150 100 0
50 150 100 0
50 150 100 0
50 150 100 0
50 150 100 0
50 150 100 0
50 150 100 0
50 150 100 0
50 150 100 0
50 150 100 0
50 150 100 0
50 150 100 0
50 150 100 0
50 150 100 0
50 150 100 0
50 150 100 0
50 150 100 0
50 150 100 0
50 150 100 0
 72 104 87 0
 57 85 65 0
 69 111 89 0
 56 97 74 0
 61 109 84 0
 55 90 75 0
 62 100 82 0
 53 81 68 0
 42 73 61 0
 59 85 74 0
 53 76 65 0
 104 117 100 0
 200 176 170 1
 89 102 84 0
 60 78 64 0
 72 92 81 0
 75 98 86 0
 65 93 87 0
 65 90 84 0
 59 86 78 0
 53 81 73 0
 71 106 96 0
 56 84 74 0
 67 98 86 0
 57 82 72 0
 62 91 81 0
50 150 100 0
50 150 100 0
50 150 100 0
50 150 100 0
50 150 100 0
50 150 100 0
50 150 100 0
50 150 100 0
50 150 100 0
50 150 100 0
50 150 100 0
50 150 100 0
50 150 100 0
50 150 100 0
50 150 100 0
50 150 100 0
50 150 100 0
50 150 100 0
50 150 100 0
50 150 100 0
50 150 100 0
50 150 100 0
50 150 100 0
50 150 100 0
50 150 100 0
50 150 100 0
50 150 100 0
50 150 100 0
50 150 100 0
50 150 100 0
50 150 100 0
50 150 100 0
50 150 100 0
50 150 100 0
 57 84 69 0
 64 95 75 0
 53 98 75 0
 68 110 87 0
 48 91 68 0
 54 92 74 0
 46 77 63 0
 67 103 90 0
 54 83 73 0
 56 86 75 0
 47 67 57 0
 75 99 84 0
 166 152 140 1
 85 99 85 0
 56 71 60 0
 59 76 67 0
 69 96 86 0
 54 80 75 0
 69 95 90 0
 51 76 70 0
 58 87 81 0
 52 80 72 0
 74 107 93 0
 61 94 79 0
 59 84 74 0
 63 91 83 0
50 150 100 0
50 150 100 0
50 150 100 0
50 150 100 0
50 150 100 0
50 150 100 0
50 150 100 0
50 150 100 0
50 150 100 0
50 150 100 0
50 150 100 0
50 150 100 0
50 150 100 0
50 150 100 0
50 150 100 0
50 150 100 0
50 150 100 0
50 150 100 0
50 150 100 0
50 150 100 0
50 150 100 0
50 150 100 0
50 150 100 0
50 150 100 0
50 150 100 0
50 150 100 0
50 150 100 0
50 150 100 0
50 150 100 0
50 150 100 0
50 150 100 0
50 150 100 0
50 150 100 0
50 150 100 0
50 150 100 0
 66 102 82 0
 65 110 90 0
 44 74 55 0
 65 104 84 0
 38 65 51 0
 56 90 75 0
 39 66 57 0
 50 76 70 0
 55 78 71 0
 66 94 80 0
 131 123 109 1
 105 98 85 0
 71 82 70 0
 55 72 65 0
 75 95 87 0
 60 78 70 0
 48 72 68 0
 59 85 78 0
 44 68 61 0
 64 97 86 0
 54 82 71 0
 71 105 91 0
 59 91 76 0
 63 87 78 0
 0 0 0 0
50 150 100 0
50 150 100 0
50 150 100 0
50 150 100 0
50 150 100 0
50 150 100 0
50 150 100 0
50 150 100 0
50 150 100 0
50 150 100 0
50 150 100 0
50 150 100 0
50 150 100 0
50 150 100 0
50 150 100 0
50 150 100 0
50 150 100 0
50 150 100 0
50 150 100 0
50 150 100 0
50 150 100 0
50 150 100 0
50 150 100 0
50 150 100 0
50 150 100 0
50 150 100 0
50 150 100 0
50 150 100 0
50 150 100 0
50 150 100 0
50 150 100 0
50 150 100 0
50 150 100 0
50 150 100 0
50 150 100 0
 57 88 71 0
 60 119 95 0
 59 85 69 0
 62 108 88 0
 47 74 61 0
 60 105 87 0
 57 85 76 0
 38 53 48 0
 46 66 61 0
 72 101 87 0
 118 121 106 1
 66 75 63 0
 76 96 85 0
 55 74 66 0
 61 76 73 0
 69 90 88 0
 61 87 84 0
 47 73 65 0
 55 83 74 0
 52 85 71 0
 63 92 79 0
 49 75 65 0
 60 87 75 0
 57 82 71 0
50 150 100 0
50 150 100 0
50 150 100 0
50 150 100 0
50 150 100 0
50 150 100 0
50 150 100 0
50 150 100 0
50 150 100 0
50 150 100 0
50 150 100 0
50 150 100 0
50 150 100 0
50 150 100 0
50 150 100 0
50 150 100 0
50 150 100 0
50 150 100 0
50 150 100 0
50 150 100 0
50 150 100 0
50 150 100 0
50 150 100 0
50 150 100 0
50 150 100 0
50 150 100 0
50 150 100 0
50 150 100 0
50 150 100 0
50 150 100 0
50 150 100 0
50 150 100 0
50 150 100 0
50 150 100 0
50 150 100 0
50 150 100 0
50 150 100 0
 67 113 97 0
 40 76 56 0
 51 81 65 0
 40 58 49 0
 56 112 91 0
 41 76 60 0
 53 72 67 0
 64 86 81 0
 75 102 89 0
 134 134 124 1
 78 93 76 0
 67 84 74 0
 70 96 87 0
 72 92 92 0
 60 83 80 0
 47 67 64 0
 56 81 78 0
 57 91 81 0
 58 95 80 0
 45 73 61 0
 73 109 98 0
 57 86 72 0
 55 79 68 0
50 150 100 0
50 150 100 0
50 150 100 0
50 150 100 0
50 150 100 0
50 150 100 0
50 150 100 0
50 150 100 0
50 150 100 0
50 150 100 0
50 150 100 0
50 150 100 0
50 150 100 0
50 150 100 0
50 150 100 0
50 150 100 0
50 150 100 0
50 150 100 0
50 150 100 0
50 150 100 0
50 150 100 0
50 150 100 0
50 150 100 0
50 150 100 0
50 150 100 0
50 150 100 0
50 150 100 0
50 150 100 0
50 150 100 0
50 150 100 0
50 150 100 0
50 150 100 0
50 150 100 0
50 150 100 0
50 150 100 0
50 150 100 0
50 150 100 0
 45 83 69 0
 39 64 47 0
 57 83 66 0
 47 73 60 0
 50 85 72 0
 59 85 75 0
 45 61 55 0
 53 75 68 0
 83 109 97 0
 77 99 83 0
 53 65 55 0
 62 80 69 0
 61 85 78 0
 66 87 84 0
 56 81 78 0
 61 82 79 0
 62 92 88 0
 50 79 69 0
 47 72 61 0
 58 92 78 0
 55 89 79 0
 57 87 72 0
50 150 100 0
50 150 100 0
50 150 100 0
50 150 100 0
50 150 100 0
50 150 100 0
50 150 100 0
50 150 100 0
50 150 100 0
50 150 100 0
50 150 100 0
50 150 100 0
50 150 100 0
50 150 100 0
50 150 100 0
50 150 100 0
50 150 100 0
50 150 100 0
50 150 100 0
50 150 100 0
50 150 100 0
50 150 100 0
50 150 100 0
50 150 100 0
50 150 100 0
50 150 100 0
50 150 100 0
50 150 100 0
50 150 100 0
50 150 100 0
50 150 100 0
50 150 100 0
50 150 100 0
50 150 100 0
50 150 100 0
50 150 100 0
50 150 100 0
50 150 100 0
50 150 100 0
 59 97 80 0
 56 92 73 0
 52 82 67 0
 49 82 68 0
 42 63 55 0
 49 66 59 0
 69 89 82 0
 155 145 136 1
 62 86 74 0
 46 65 56 0
 79 96 86 0
 69 95 88 0
 56 77 70 0
 57 87 84 0
 51 70 69 0
 54 75 78 0
 56 79 74 0
 65 96 83 0
 50 81 68 0
 57 92 77 0
 51 76 62 0
50 150 100 0
50 150 100 0
50 150 100 0
50 150 100 0
50 150 100 0
50 150 100 0
50 150 100 0
50 150 100 0
50 150 100 0
50 150 100 0
50 150 100 0
50 150 100 0
50 150 100 0
50 150 100 0
50 150 100 0
50 150 100 0
50 150 100 0
50 150 100 0
50 150 100 0
50 150 100 0
50 150 100 0
50 150 100 0
50 150 100 0
50 150 100 0
50 150 100 0
50 150 100 0
50 150 100 0
50 150 100 0
50 150 100 0
50 150 100 0
50 150 100 0
50 150 100 0
50 150 100 0
50 150 100 0
50 150 100 0
50 150 100 0
50 150 100 0
50 150 100 0
50 150 100 0
 47 73 58 0
 71 108 91 0
 43 67 52 0
 49 74 66 0
 63 95 84 0
 50 70 61 0
 91 113 101 0
 168 146 140 1
 81 104 92 0
 50 65 57 0
 67 89 77 0
 57 81 73 0
 45 64 62 0
 48 76 75 0
 64 90 88 0
 54 74 72 0
 65 95 89 0
 53 79 70 0
 56 89 77 0
 59 93 80 0
50 150 100 0
50 150 100 0
50 150 100 0
50 150 100 0
50 150 100 0
50 150 100 0
50 150 100 0
50 150 100 0
50 150 100 0
50 150 100 0
50 150 100 0
50 150 100 0
50 150 100 0
50 150 100 0
50 150 100 0
50 150 100 0
50 150 100 0
50 150 100 0
50 150 100 0
50 150 100 0
50 150 100 0
50 150 100 0
50 150 100 0
50 150 100 0
50 150 100 0
50 150 100 0
50 150 100 0
50 150 100 0
50 150 100 0
50 150 100 0
50 150 100 0
50 150 100 0
50 150 100 0
50 150 100 0
50 150 100 0
50 150 100 0
50 150 100 0
50 150 100 0
50 150 100 0
50 150 100 0
50 150 100 0
 70 98 83 0
 56 84 71 0
 66 97 90 0
 49 78 70 0
 65 88 76 0
 172 153 145 1
 105 101 88 0
 60 74 65 0
 69 90 83 0
 55 74 72 0
 57 80 74 0
 48 59 56 0
 60 86 87 0
 46 68 65 0
 58 87 80 0
 56 80 75 0
 57 90 78 0
 48 73 66 0
 47 74 65 0
50 150 100 0
50 150 100 0
50 150 100 0
50 150 100 0
50 150 100 0
50 150 100 0
50 150 100 0
50 150 100 0
50 150 100 0
50 150 100 0
50 150 100 0
50 150 100 0
50 150 100 0
50 150 100 0
50 150 100 0
50 150 100 0
50 150 100 0
50 150 100 0
50 150 100 0
50 150 100 0
50 150 100 0
50 150 100 0
50 150 100 0
50 150 100 0
50 150 100 0
50 150 100 0
50 150 100 0
50 150 100 0
50 150 100 0
50 150 100 0
50 150 100 0
50 150 100 0
50 150 100 0
50 150 100 0
50 150 100 0
50 150 100 0
50 150 100 0
50 150 100 0
50 150 100 0
50 150 100 0
50 150 100 0
 64 85 70 0
 72 111 95 0
 44 67 57 0
 61 103 89 0
 54 75 66 0
 131 120 111 1
 77 92 82 0
 47 59 53 0
 57 71 72 0
 45 66 63 0
 56 80 76 0
 48 65 61 0
 53 67 68 0
 57 79 75 0
 44 69 62 0
 59 89 81 0
 55 85 71 0
 56 83 73 0
50 150 100 0
50 150 100 0
50 150 100 0
50 150 100 0
50 150 100 0
50 150 100 0
50 150 100 0
50 150 100 0
50 150 100 0
50 150 100 0
50 150 100 0
50 150 100 0
50 150 100 0
50 150 100 0
50 150 100 0
50 150 100 0
50 150 100 0
50 150 100 0
50 150 100 0
50 150 100 0
50 150 100 0
50 150 100 0
50 150 100 0
50 150 100 0
50 150 100 0
50 150 100 0
50 150 100 0
50 150 100 0
50 150 100 0
50 150 100 0
50 150 100 0
50 150 100 0
50 150 100 0
50 150 100 0
50 150 100 0
50 150 100 0
50 150 100 0
50 150 100 0
50 150 100 0
50 150 100 0
50 150 100 0
50 150 100 0
50 150 100 0
 55 74 63 0
 62 103 88 0
 40 80 64 0
 40 57 48 0
 186 157 150 1
 93 89 80 0
 63 82 76 0
 38 57 52 0
 51 68 65 0
 42 58 55 0
 57 85 81 0
 63 83 81 0
 49 69 64 0
 60 88 80 0
 50 80 70 0
 47 69 59 0
 59 84 74 0
50 150 100 0
50 150 100 0
50 150 100 0
50 150 100 0
50 150 100 0
50 150 100 0
50 150 100 0
50 150 100 0
50 150 100 0
50 150 100 0
50 150 100 0
50 150 100 0
50 150 100 0
50 150 100 0
50 150 100 0
50 150 100 0
50 150 100 0
50 150 100 0
50 150 100 0
50 150 100 0
50 150 100 0
50 150 100 0
50 150 100 0
50 150 100 0
50 150 100 0
50 150 100 0
50 150 100 0
50 150 100 0
50 150 100 0
50 150 100 0
50 150 100 0
50 150 100 0
50 150 100 0
50 150 100 0
50 150 100 0
50 150 100 0
50 150 100 0
50 150 100 0
50 150 100 0
50 150 100 0
50 150 100 0
50 150 100 0
50 150 100 0
 66 91 77 0
 49 68 57 0
 45 86 71 0
 48 73 60 0
 177 151 143 1
 72 86 73 0
 48 61 57 0
 60 78 74 0
 50 67 64 0
 57 75 71 0
 45 65 60 0
 48 66 61 0
 45 64 59 0
 57 82 75 0
 57 82 72 0
 58 77 69 0
50 150 100 0
50 150 100 0
50 150 100 0
50 150 100 0
50 150 100 0
50 150 100 0
50 150 100 0
50 150 100 0
50 150 100 0
50 150 100 0
50 150 100 0
50 150 100 0
50 150 100 0
50 150 100 0
50 150 100 0
50 150 100 0
50 150 100 0
50 150 100 0
50 150 100 0
50 150 100 0
50 150 100 0
50 150 100 0
50 150 100 0
50 150 100 0
50 150 100 0
50 150 100 0
50 150 100 0
50 150 100 0
50 150 100 0
50 150 100 0
50 150 100 0
50 150 100 0
50 150 100 0
50 150 100 0
50 150 100 0
50 150 100 0
50 150 100 0
50 150 100 0
50 150 100 0
50 150 100 0
50 150 100 0
50 150 100 0
50 150 100 0
50 150 100 0
50 150 100 0
 58 86 71 0
 47 66 59 0
 50 49 44 0
 112 102 96 1
 44 53 43 0
 55 70 68 0
 37 48 47 0
 62 86 83 0
 44 57 51 0
 56 73 68 0
 52 71 62 0
 36 50 47 0
 56 81 73 0
 47 64 56 0
 60 83 74 0
50 150 100 0
50 150 100 0
50 150 100 0
50 150 100 0
50 150 100 0
50 150 100 0
50 150 100 0
50 150 100 0
50 150 100 0
50 150 100 0
50 150 100 0
50 150 100 0
50 150 100 0
50 150 100 0
50 150 100 0
50 150 100 0
50 150 100 0
50 150 100 0
50 150 100 0
50 150 100 0
50 150 100 0
50 150 100 0
50 150 100 0
50 150 100 0
50 150 100 0
50 150 100 0
50 150 100 0
50 150 100 0
50 150 100 0
50 150 100 0
50 150 100 0
50 150 100 0
50 150 100 0
50 150 100 0
50 150 100 0
50 150 100 0
50 150 100 0
50 150 100 0
50 150 100 0
50 150 100 0
50 150 100 0
50 150 100 0
50 150 100 0
50 150 100 0
50 150 100 0
50 150 100 0
 14 22 18 0
50 150 100 0
50 150 100 0
 14 17 17 0
50 150 100 0
50 150 100 0
 13 19 18 0
50 150 100 0
50 150 100 0
 16 22 19 0
50 150 100 0
50 150 100 0
 15 22 19 0
50 150 100 0
50 150 100 0
50 150 100 0
50 150 100 0
50 150 100 0
50 150 100 0
50 150 100 0
50 150 100 0
50 150 100 0
50 150 100 0
50 150 100 0
50 150 100 0
50 150 100 0
50 150 100 0
50 150 100 0
50 150 100 0
50 150 100 0
50 150 100 0
50 150 100 0
50 150 100 0
50 150 100 0
50 150 100 0
50 150 100 0
50 150 100 0
50 150 100 0
50 150 100 0
50 150 100 0
50 150 100 0
50 150 100 0
50 150 100 0
50 150 100 0
50 150 100 0
50 150 100 0
50 150 100 0
50 150 100 0
50 150 100 0
50 150 100 0
50 150 100 0
50 150 100 0
50 150 100 0
50 150 100 0
50 150 100 0
50 150 100 0
50 150 100 0
50 150 100 0
50 150 100 0
50 150 100 0
50 150 100 0
50 150 100 0
50 150 100 0
50 150 100 0
50 150 100 0
50 150 100 0
50 150 100 0
50 150 100 0
50 150 100 0
50 150 100 0
50 150 100 0
50 150 100 0
50 150 100 0
50 150 100 0
50 150 100 0
50 150 100 0
50 150 100 0
50 150 100 0
50 150 100 0
50 150 100 0
50 150 100 0
50 150 100 0
50 150 100 0
50 150 100 0
50 150 100 0
50 150 100 0
50 150 100 0
50 150 100 0
50 150 100 0
50 150 100 0
50 150 100 0
50 150 100 0
50 150 100 0
50 150 100 0
50 150 100 0
50 150 100 0
50 150 100 0
50 150 100 0
50 150 100 0
50 150 100 0
50 150 100 0
50 150 100 0
50 150 100 0
50 150 100 0
50 150 100 0
50 150 100 0
50 150 100 0
50 150 100 0
50 150 100 0
50 150 100 0
50 150 100 0
50 150 100 0
50 150 100 0
50 150 100 0
50 150 100 0
50 150 100 0
50 150 100 0
50 150 100 0
50 150 100 0
50 150 100 0
50 150 100 0
50 150 100 0
50 150 100 0
50 150 100 0
50 150 100 0
50 150 100 0
50 150 100 0
50 150 100 0
50 150 100 0
50 150 100 0
50 150 100 0
50 150 100 0
50 150 100 0
50 150 100 0
50 150 100 0
50 150 100 0
50 150 100 0
50 150 100 0
50 150 100 0
50 150 100 0
50 150 100 0
50 150 100 0
50 150 100 0
50 150 100 0
50 150 100 0
50 150 100 0
50 150 100 0
50 150 100 0
50 150 100 0
50 150 100 0
50 150 100 0
50 150 100 0
50 150 100 0
50 150 100 0
50 150 100 0
50 150 100 0
50 150 100 0
50 150 100 0
50 150 100 0
50 150 100 0
50 150 100 0
50 150 100 0
50 150 100 0
50 150 100 0
50 150 100 0
50 150 100 0
50 150 100 0
50 150 100 0
50 150 100 0
50 150 100 0
50 150 100 0
50 150 100 0
50 150 100 0
50 150 100 0
50 150 100 0
50 150 100 0
50 150 100 0
50 150 100 0
50 150 100 0
50 150 100 0
50 150 100 0
50 150 100 0
50 150 100 0
50 150 100 0
50 150 100 0
50 150 100 0
50 150 100 0
50 150 100 0
50 150 100 0
50 150 100 0
50 150 100 0
50 150 100 0
50 150 100 0
50 150 100 0
50 150 100 0
50 150 100 0
50 150 100 0
50 150 100 0
50 150 100 0
50 150 100 0
50 150 100 0
50 150 100 0
50 150 100 0
50 150 100 0
50 150 100 0
50 150 100 0
50 150 100 0
50 150 100 0
50 150 100 0
50 150 100 0
50 150 100 0
50 150 100 0
50 150 100 0
50 150 100 0
50 150 100 0
50 150 100 0

