 100 134 94 0
 98 134 95 0
 96 133 95 0
 97 135 99 0
 96 138 103 0
 94 138 102 0
 92 136 100 0
 91 134 98 0
 96 140 107 0
 86 128 93 0
 82 119 85 0
 93 134 99 0
 91 133 98 0
 86 129 93 0
 86 129 93 0
 81 124 87 0
 82 119 84 0
 81 114 80 0
 83 115 81 0
 92 125 91 0
 78 113 79 0
 74 117 81 0
 71 109 77 0
 73 111 85 0
 55 92 71 0
 79 115 93 0
 79 121 94 0
 74 108 81 0
 59 88 63 0
 76 111 85 0
 82 117 92 0
 80 110 86 0
 82 115 90 0
 84 116 92 0
 96 126 105 0
 90 122 102 0
 92 120 100 0
 96 121 102 0
 101 126 105 0
 100 129 110 0
 106 134 113 0
 105 130 109 0
 86 114 94 0
 96 124 106 0
 103 128 110 0
 113 137 118 0
 106 130 113 0
 112 136 121 0
 108 134 117 0
 112 135 116 0
 127 148 129 0
 124 147 129 0
 116 138 121 0
 117 140 122 0
 119 143 126 0
 125 146 132 0
 124 146 132 0
 125 151 133 0
 133 156 138 0
 130 152 135 0
 95 129 89 0
 99 134 94 0
 97 134 96 0
 99 136 100 0
 94 134 99 0
 96 140 104 0
 91 135 99 0
 93 136 100 0
 93 138 105 0
 83 125 91 0
 82 118 84 0
 86 124 89 0
 94 135 100 0
 82 124 89 0
 88 130 94 0
 79 119 84 0
 81 118 83 0
 78 111 77 0
 84 115 82 0
 92 123 91 0
 77 111 78 0
 70 114 78 0
 69 109 76 0
 70 106 80 0
 45 78 61 0
 77 117 94 0
 73 117 90 0
 71 105 79 0
 59 88 64 0
 77 112 86 0
 78 113 87 0
 83 115 90 0
 75 107 81 0
 89 121 97 0
 83 113 93 0
 94 125 105 0
 95 121 101 0
 97 122 102 0
 106 132 110 0
 97 127 107 0
 105 133 111 0
 106 132 110 0
 99 125 105 0
 105 132 115 0
 100 125 107 0
 110 134 116 0
 111 134 118 0
 104 129 114 0
 108 134 116 0
 122 143 124 0
 127 148 130 0
 122 146 128 0
 113 135 117 0
 116 139 121 0
 121 143 128 0
 129 150 136 0
 122 145 130 0
 125 150 133 0
 132 154 138 0
 128 151 134 0
 96 129 92 0
 94 127 87 0
 96 132 94 0
 98 134 99 0
 97 135 101 0
 93 136 101 0
 92 136 100 0
 94 136 101 0
 92 137 103 0
 78 120 85 0
 81 117 82 0
 92 127 92 0
 94 133 98 0
 85 123 89 0
 86 128 93 0
 81 120 86 0
 78 115 81 0
 80 114 80 0
 85 116 83 0
 93 125 93 0
 78 112 80 0
 68 112 76 0
 66 108 75 0
 67 104 77 0
 61 93 74 0
 74 114 92 0
 69 112 87 0
 69 103 78 0
 63 92 67 0
 77 112 85 0
 79 115 88 0
 81 114 88 0
 74 106 80 0
 88 120 95 0
 83 114 91 0
 98 128 106 0
 103 127 105 0
 102 126 105 0
 105 131 110 0
 96 126 106 0
 104 132 111 0
 104 129 107 0
 109 133 114 0
 101 129 110 0
 101 125 107 0
 110 134 116 0
 113 135 119 0
 98 127 111 0
 111 136 118 0
 124 145 126 0
 125 148 131 0
 119 142 124 0
 116 136 119 0
 117 141 123 0
 125 146 131 0
 127 148 134 0
 121 144 129 0
 130 153 138 0
 126 149 132 0
 129 151 135 0
 100 132 94 0
 90 121 84 0
 95 129 92 0
 94 132 96 0
 100 137 105 0
 91 133 98 0
 91 135 99 0
 92 134 99 0
 91 134 99 0
 89 132 101 0
 76 114 80 0
 95 128 93 0
 96 132 96 0
 84 117 83 0
 86 128 92 0
 83 121 87 0
 76 111 77 0
 83 117 83 0
 89 122 87 0
 96 128 95 0
 84 117 85 0
 68 110 75 0
 64 105 72 0
 63 98 73 0
 70 102 85 0
 81 119 99 0
 65 107 82 0
 57 85 61 0
 70 100 75 0
 77 113 86 0
 78 115 89 0
 79 114 87 0
 75 108 80 0
 86 118 93 0
 89 121 97 0
 102 131 109 0
 109 130 108 0
 105 130 108 0
 104 130 109 0
 101 129 109 0
 103 129 109 0
 102 127 106 0
 111 137 119 0
 95 123 105 0
 101 126 107 0
 107 132 114 0
 113 135 120 0
 102 130 114 0
 108 134 117 0
 123 144 127 0
 122 146 129 0
 117 138 120 0
 119 140 122 0
 120 143 126 0
 128 150 134 0
 124 146 131 0
 123 146 131 0
 130 152 137 0
 126 149 133 0
 128 149 134 0
 99 130 92 0
 98 130 93 0
 94 126 89 0
 93 130 93 0
 97 134 102 0
 93 133 101 0
 90 133 99 0
 91 134 100 0
 84 125 91 0
 92 134 102 0
 78 118 84 0
 88 122 88 0
 98 132 98 0
 88 120 85 0
 84 123 88 0
 81 120 86 0
 80 111 80 0
 86 120 86 0
 88 122 88 0
 90 123 89 0
 81 116 82 0
 71 112 77 0
 62 105 70 0
 60 95 66 0
 73 109 86 0
 80 117 95 0
 68 109 84 0
 55 82 59 0
 69 100 74 0
 75 111 85 0
 79 116 90 0
 73 108 81 0
 82 115 87 0
 84 116 91 0
 95 125 101 0
 104 131 107 0
 109 130 107 0
 106 133 109 0
 104 131 108 0
 102 130 110 0
 95 121 101 0
 102 125 106 0
 104 130 114 0
 89 116 98 0
 97 123 104 0
 100 126 108 0
 112 136 121 0
 100 128 113 0
 117 139 122 0
 134 156 142 0
 117 140 124 0
 116 135 119 0
 122 144 126 0
 125 148 130 0
 128 149 134 0
 125 147 132 0
 125 148 134 0
 127 149 134 0
 128 149 134 0
 128 150 135 0
 97 128 89 0
 98 130 92 0
 99 131 93 0
 97 132 95 0
 94 131 98 0
 92 130 99 0
 89 132 99 0
 89 132 99 0
 84 125 93 0
 94 135 103 0
 80 120 89 0
 87 124 89 0
 96 132 97 0
 90 123 88 0
 93 129 95 0
 78 119 84 0
 85 117 84 0
 82 114 81 0
 87 122 88 0
 79 114 80 0
 74 111 77 0
 71 113 78 0
 65 107 73 0
 56 90 62 0
 82 118 96 0
 63 97 76 0
 79 122 98 0
 66 100 75 0
 63 92 68 0
 73 109 83 0
 74 111 86 0
 72 106 79 0
 82 117 88 0
 90 124 98 0
 91 120 96 0
 99 124 101 0
 106 130 106 0
 107 135 110 0
 99 124 102 0
 104 131 112 0
 94 120 101 0
 103 127 108 0
 105 134 117 0
 87 114 94 0
 91 119 99 0
 92 120 102 0
 104 130 116 0
 97 126 110 0
 111 132 117 0
 123 145 131 0
 112 135 120 0
 120 140 124 0
 120 141 123 0
 127 149 131 0
 129 150 135 0
 124 147 132 0
 124 147 133 0
 127 149 134 0
 129 150 135 0
 130 153 139 0
 95 125 87 0
 93 124 86 0
 101 132 95 0
 101 135 99 0
 93 130 96 0
 87 124 94 0
 92 133 100 0
 84 127 93 0
 86 128 96 0
 92 134 100 0
 80 118 88 0
 86 124 89 0
 91 128 92 0
 87 123 88 0
 95 128 94 0
 81 120 85 0
 84 118 84 0
 86 117 84 0
 84 120 86 0
 69 103 71 0
 70 108 75 0
 68 107 73 0
 68 108 76 0
 60 91 67 0
 79 115 92 0
 61 90 70 0
 79 120 95 0
 61 90 66 0
 72 103 80 0
 71 106 81 0
 73 111 86 0
 68 101 75 0
 78 115 84 0
 85 121 94 0
 84 114 88 0
 93 118 95 0
 103 127 104 0
 98 126 101 0
 97 122 101 0
 100 125 107 0
 94 120 101 0
 105 132 114 0
 94 122 101 0
 92 120 100 0
 86 115 94 0
 89 115 100 0
 96 126 111 0
 102 129 111 0
 111 131 116 0
 113 137 123 0
 112 133 118 0
 121 140 124 0
 122 144 126 0
 125 146 129 0
 128 149 134 0
 123 145 131 0
 125 148 133 0
 127 149 134 0
 128 150 136 0
 131 153 137 0
 87 115 80 0
 93 124 85 0
 97 128 91 0
 102 135 98 0
 97 133 98 0
 86 122 93 0
 86 126 94 0
 87 129 95 0
 87 128 95 0
 92 134 99 0
 85 123 92 0
 80 118 86 0
 83 119 84 0
 84 121 87 0
 91 126 91 0
 72 106 72 0
 86 122 88 0
 87 117 84 0
 80 117 84 0
 63 97 66 0
 63 100 68 0
 67 107 75 0
 69 110 78 0
 63 98 70 0
 68 101 80 0
 83 118 94 0
 75 116 92 0
 57 87 63 0
 75 107 83 0
 75 109 85 0
 70 109 83 0
 75 111 83 0
 77 115 85 0
 80 117 89 0
 77 107 81 0
 93 119 96 0
 91 117 93 0
 95 122 98 0
 94 120 100 0
 96 121 103 0
 101 127 108 0
 99 126 107 0
 103 132 111 0
 95 124 103 0
 90 117 98 0
 95 121 106 0
 91 121 104 0
 105 130 112 0
 115 135 121 0
 105 128 114 0
 118 137 122 0
 121 141 125 0
 123 145 128 0
 124 144 129 0
 124 145 130 0
 129 149 134 0
 128 148 134 0
 125 145 132 0
 128 151 136 0
 122 141 124 0
50 150 100 0
 90 121 83 0
 101 132 95 0
 101 134 97 0
 94 129 92 0
 89 125 93 0
 80 117 88 0
 91 133 99 0
 85 126 93 0
 90 133 100 0
 88 128 96 0
 85 121 88 0
 66 100 67 0
 75 112 80 0
 88 122 87 0
 81 117 83 0
 81 114 81 0
 90 118 86 0
 87 122 89 0
 65 101 71 0
 72 110 78 0
 60 97 66 0
 63 104 73 0
 72 108 79 0
 73 108 85 0
 84 121 97 0
 62 94 73 0
 71 109 83 0
 70 101 78 0
 78 112 88 0
 63 99 76 0
 74 112 84 0
 77 116 85 0
 78 114 86 0
 78 110 83 0
 80 110 85 0
 84 112 87 0
 100 128 104 0
 88 115 94 0
 99 124 105 0
 105 129 109 0
 100 128 110 0
 103 130 108 0
 102 133 111 0
 92 118 100 0
 98 126 110 0
 89 118 100 0
 107 130 112 0
 113 133 119 0
 107 129 114 0
 117 136 121 0
 123 143 128 0
 125 147 129 0
 115 134 121 0
 124 144 130 0
 127 147 133 0
 128 148 135 0
 122 144 130 0
 122 144 128 0
 117 131 114 0
50 150 100 0
 80 106 73 0
 97 129 90 0
 102 135 98 0
 94 128 91 0
 94 128 93 0
 84 120 91 0
 88 127 96 0
 88 127 95 0
 85 128 95 0
 87 127 95 0
 87 125 93 0
 90 124 89 0
 74 108 76 0
 79 112 79 0
 80 114 80 0
 80 115 81 0
 83 111 80 0
 88 122 89 0
 63 99 70 0
 71 111 80 0
 57 91 63 0
 67 106 78 0
 67 104 77 0
 79 118 93 0
 66 100 75 0
 68 105 81 0
 72 107 81 0
 77 109 85 0
 72 109 85 0
 69 106 81 0
 70 106 79 0
 77 116 85 0
 72 110 82 0
 78 111 84 0
 80 111 85 0
 81 110 84 0
 92 123 99 0
 82 110 89 0
 100 126 107 0
 101 124 104 0
 98 126 107 0
 110 137 115 0
 106 133 111 0
 103 129 111 0
 105 135 117 0
 92 121 102 0
 110 130 113 0
 113 134 119 0
 111 131 116 0
 117 136 122 0
 120 141 125 0
 123 144 127 0
 120 140 126 0
 125 145 130 0
 127 147 134 0
 126 146 133 0
 124 146 132 0
 117 136 120 0
 113 124 107 0
50 150 100 0
50 150 100 0
 92 122 84 0
 101 137 100 0
 93 129 91 0
 92 125 89 0
 90 124 92 0
 88 125 95 0
 88 125 93 0
 91 131 99 0
 81 120 89 0
 86 124 94 0
 88 123 89 0
 86 119 86 0
 76 105 75 0
 83 112 79 0
 83 117 84 0
 86 115 84 0
 76 110 77 0
 66 102 73 0
 72 112 81 0
 59 92 63 0
 68 106 79 0
 67 101 75 0
 75 113 87 0
 74 114 89 0
 72 108 82 0
 63 98 72 0
 70 100 77 0
 74 109 87 0
 74 109 85 0
 72 109 81 0
 66 106 75 0
 70 110 81 0
 77 112 84 0
 77 107 81 0
 85 117 91 0
 85 116 93 0
 99 126 108 0
 93 120 100 0
 100 123 102 0
 96 123 105 0
 108 137 114 0
 116 140 119 0
 104 129 111 0
 114 144 125 0
 99 124 104 0
 110 129 112 0
 113 133 116 0
 111 130 115 0
 116 135 120 0
 113 134 119 0
 120 138 124 0
 126 145 132 0
 126 146 133 0
 126 147 133 0
 125 146 133 0
 122 143 128 0
 111 125 107 0
50 150 100 0
50 150 100 0
50 150 100 0
 84 110 76 0
 99 132 96 0
 93 132 95 0
 84 120 82 0
 90 123 89 0
 89 124 94 0
 90 124 93 0
 98 134 102 0
 82 120 87 0
 83 119 89 0
 81 116 85 0
 84 118 84 0
 77 107 77 0
 90 115 82 0
 89 122 88 0
 90 120 89 0
 85 118 88 0
 58 95 66 0
 68 102 75 0
 60 91 64 0
 71 110 83 0
 57 88 65 0
 80 117 90 0
 71 110 85 0
 68 103 78 0
 62 95 70 0
 66 95 76 0
 70 106 84 0
 63 98 74 0
 71 109 82 0
 56 94 66 0
 68 107 79 0
 73 108 80 0
 70 99 75 0
 84 115 90 0
 75 105 83 0
 85 113 96 0
 92 120 98 0
 98 123 101 0
 88 116 98 0
 107 134 113 0
 108 131 112 0
 110 136 118 0
 115 143 124 0
 104 127 105 0
 112 131 113 0
 113 132 116 0
 112 131 116 0
 108 129 114 0
 114 136 121 0
 121 138 125 0
 126 146 133 0
 126 146 133 0
 128 149 136 0
 126 146 133 0
 115 134 118 0
 109 121 104 0
50 150 100 0
50 150 100 0
50 150 100 0
50 150 100 0
 95 126 90 0
 92 133 96 0
 85 124 86 0
 82 116 79 0
 91 128 96 0
 89 124 94 0
 92 127 94 0
 92 129 95 0
 82 116 85 0
 80 114 84 0
 82 116 83 0
 66 97 68 0
 94 121 88 0
 92 125 91 0
 87 120 88 0
 73 101 69 0
 61 97 68 0
 70 102 77 0
 58 86 62 0
 72 113 87 0
 64 98 73 0
 79 114 88 0
 78 115 92 0
 60 89 68 0
 67 103 77 0
 55 82 64 0
 74 109 88 0
 62 94 71 0
 74 112 85 0
 56 93 66 0
 70 108 80 0
 77 112 85 0
 69 94 71 0
 79 108 85 0
 80 108 89 0
 86 117 103 0
 87 118 96 0
 87 116 93 0
 104 129 108 0
 100 126 106 0
 114 138 119 0
 104 129 111 0
 111 137 118 0
 104 126 105 0
 109 129 111 0
 113 133 117 0
 112 133 118 0
 104 127 112 0
 116 136 121 0
 123 141 128 0
 129 149 136 0
 126 146 134 0
 128 148 136 0
 121 140 128 0
 113 125 109 0
50 150 100 0
50 150 100 0
50 150 100 0
50 150 100 0
50 150 100 0
 87 114 81 0
 96 134 98 0
 78 120 83 0
 78 115 78 0
 92 131 98 0
 89 129 97 0
 87 123 90 0
 89 127 93 0
 86 121 88 0
 89 120 91 0
 80 112 80 0
 84 116 85 0
 97 126 93 0
 95 126 92 0
 85 119 86 0
 64 92 61 0
 75 112 81 0
 68 96 71 0
 56 80 59 0
 73 110 86 0
 73 112 86 0
 84 119 93 0
 82 115 92 0
 54 81 61 0
 69 105 80 0
 70 102 82 0
 78 115 92 0
 66 96 75 0
 74 114 86 0
 64 102 76 0
 72 111 83 0
 77 111 85 0
 77 104 84 0
 69 97 74 0
 68 95 79 0
 82 114 100 0
 82 115 93 0
 86 118 94 0
 86 115 92 0
 105 132 113 0
 109 134 115 0
 107 131 113 0
 104 130 111 0
 103 124 104 0
 102 124 105 0
 116 137 120 0
 113 134 119 0
 108 130 115 0
 119 137 123 0
 121 139 126 0
 128 148 135 0
 124 144 132 0
 125 144 133 0
 111 125 112 0
 112 120 105 0
50 150 100 0
50 150 100 0
50 150 100 0
50 150 100 0
50 150 100 0
50 150 100 0
 98 130 94 0
 86 126 90 0
 76 114 78 0
 90 131 96 0
 87 129 96 0
 85 123 88 0
 89 127 93 0
 84 122 88 0
 92 124 94 0
 87 119 87 0
 76 107 76 0
 90 121 89 0
 95 126 92 0
 78 114 82 0
 71 104 70 0
 72 110 79 0
 65 90 66 0
 76 106 82 0
 77 114 93 0
 72 110 85 0
 88 124 98 0
 87 116 92 0
 64 92 72 0
 69 104 80 0
 76 109 87 0
 70 105 84 0
 59 89 69 0
 76 116 87 0
 68 106 78 0
 61 96 70 0
 75 104 80 0
 85 114 93 0
 62 88 66 0
 72 96 79 0
 82 114 99 0
 84 120 97 0
 75 106 82 0
 86 117 93 0
 96 126 107 0
 111 136 117 0
 105 128 110 0
 105 129 110 0
 108 129 110 0
 103 126 107 0
 113 136 118 0
 110 132 116 0
 110 131 116 0
 118 135 122 0
 123 140 127 0
 123 143 130 0
 119 139 127 0
 121 138 128 0
 106 114 102 0
50 150 100 0
50 150 100 0
50 150 100 0
50 150 100 0
50 150 100 0
50 150 100 0
50 150 100 0
 96 127 94 0
 93 128 93 0
 84 124 87 0
 97 136 100 0
 87 130 96 0
 81 120 87 0
 91 128 92 0
 85 124 89 0
 90 127 93 0
 85 118 86 0
 77 108 77 0
 91 123 92 0
 93 123 89 0
 93 129 95 0
 70 105 74 0
 63 97 68 0
 65 88 65 0
 59 77 60 0
 75 105 84 0
 75 115 90 0
 89 127 101 0
 84 109 85 0
 70 98 78 0
 71 105 81 0
 77 111 89 0
 65 100 78 0
 63 94 74 0
 76 116 87 0
 65 102 73 0
 60 93 69 0
 75 107 84 0
 86 115 92 0
 63 88 67 0
 77 105 89 0
 67 98 78 0
 85 120 97 0
 77 108 82 0
 87 118 95 0
 90 120 100 0
 110 133 115 0
 107 131 112 0
 105 127 108 0
 112 132 113 0
 106 129 111 0
 109 132 115 0
 112 133 118 0
 109 130 116 0
 119 134 123 0
 123 140 129 0
 119 139 127 0
 119 137 126 0
 97 108 97 0
 98 105 92 0
50 150 100 0
50 150 100 0
50 150 100 0
50 150 100 0
50 150 100 0
50 150 100 0
50 150 100 0
 93 124 94 0
 97 131 96 0
 88 124 88 0
 104 141 105 0
 86 125 92 0
 85 125 92 0
 83 120 85 0
 90 128 93 0
 88 125 91 0
 85 119 88 0
 80 111 80 0
 82 112 82 0
 94 128 94 0
 79 117 86 0
 67 102 73 0
 61 94 65 0
 54 79 58 0
 75 98 78 0
 74 105 83 0
 78 117 94 0
 89 125 100 0
 90 112 89 0
 71 100 80 0
 68 102 79 0
 73 108 86 0
 63 97 75 0
 68 100 79 0
 70 108 81 0
 72 106 78 0
 53 79 63 0
 70 104 85 0
 71 100 79 0
 84 111 87 0
 78 105 89 0
 80 113 94 0
 78 112 89 0
 79 109 85 0
 84 114 90 0
 89 119 99 0
 108 131 113 0
 110 133 115 0
 108 129 110 0
 113 132 114 0
 103 127 109 0
 112 133 118 0
 106 128 114 0
 108 127 115 0
 120 136 125 0
 119 138 126 0
 121 141 129 0
 116 132 122 0
 87 95 84 0
 14 17 13 0
50 150 100 0
50 150 100 0
50 150 100 0
50 150 100 0
50 150 100 0
50 150 100 0
50 150 100 0
50 150 100 0
 98 131 96 0
 91 125 89 0
 99 135 99 0
 97 135 100 0
 87 126 91 0
 79 116 80 0
 91 127 93 0
 90 125 91 0
 83 117 85 0
 85 118 86 0
 85 115 84 0
 88 122 89 0
 62 98 73 0
 77 113 86 0
 67 104 74 0
 62 92 68 0
 73 97 76 0
 72 102 81 0
 88 122 100 0
 97 119 99 0
 98 116 95 0
 77 105 84 0
 66 98 75 0
 71 106 83 0
 67 101 79 0
 61 94 72 0
 64 99 74 0
 74 109 83 0
 55 80 65 0
 74 107 85 0
 67 96 74 0
 86 116 92 0
 77 107 90 0
 82 116 95 0
 64 96 74 0
 72 102 79 0
 80 110 86 0
 88 118 97 0
 105 128 111 0
 107 131 112 0
 114 132 115 0
 109 127 112 0
 103 127 109 0
 114 135 120 0
 103 126 111 0
 107 125 113 0
 117 133 123 0
 117 134 124 0
 126 143 133 0
 103 114 103 0
 83 91 81 0
50 150 100 0
50 150 100 0
50 150 100 0
50 150 100 0
50 150 100 0
50 150 100 0
50 150 100 0
50 150 100 0
50 150 100 0
 89 122 89 0
 91 126 90 0
 96 131 96 0
 97 135 100 0
 85 123 88 0
 90 127 93 0
 83 117 83 0
 93 127 94 0
 90 123 90 0
 84 118 85 0
 85 116 83 0
 83 114 84 0
 72 104 79 0
 69 106 81 0
 57 90 63 0
 71 102 78 0
 70 94 73 0
 73 100 80 0
 109 130 111 0
 163 152 142 0
 112 124 106 0
 69 97 76 0
 50 79 60 0
 72 107 85 0
 67 101 81 0
 65 98 76 0
 55 82 63 0
 73 107 83 0
 65 93 74 0
 78 116 92 0
 67 93 75 0
 80 113 90 0
 75 107 86 0
 77 114 90 0
 83 117 98 0
 79 110 86 0
 79 109 86 0
 89 116 97 0
 105 131 114 0
 106 129 110 0
 115 133 116 0
 117 138 121 0
 106 128 113 0
 114 136 122 0
 102 124 110 0
 107 125 114 0
 116 133 125 0
 121 138 129 0
 117 131 121 0
 97 106 95 0
50 150 100 0
50 150 100 0
50 150 100 0
50 150 100 0
50 150 100 0
50 150 100 0
50 150 100 0
50 150 100 0
50 150 100 0
50 150 100 0
50 150 100 0
 86 118 86 0
 93 128 92 0
 95 130 96 0
 87 127 91 0
 86 123 88 0
 81 115 80 0
 87 121 87 0
 86 119 85 0
 85 121 87 0
 80 110 78 0
 87 116 89 0
 72 101 78 0
 69 106 83 0
 64 101 72 0
 68 103 76 0
 73 99 76 0
 81 108 89 0
 117 134 117 0
 231 209 204 1
 99 117 97 0
 64 90 70 0
 71 100 80 0
 70 101 81 0
 72 108 86 0
 62 93 71 0
 57 83 63 0
 77 111 88 0
 63 91 72 0
 73 109 87 0
 72 99 81 0
 71 103 82 0
 77 112 91 0
 72 108 83 0
 71 102 81 0
 70 100 77 0
 85 115 94 0
 85 112 93 0
 100 127 110 0
 105 126 110 0
 120 136 122 0
 117 136 121 0
 107 128 114 0
 115 139 126 0
 110 131 118 0
 118 134 127 0
 110 128 122 0
 118 134 126 0
 103 115 105 0
 105 115 104 0
50 150 100 0
50 150 100 0
50 150 100 0
50 150 100 0
50 150 100 0
50 150 100 0
50 150 100 0
50 150 100 0
50 150 100 0
50 150 100 0
50 150 100 0
 20 29 20 0
 92 126 92 0
 88 122 87 0
 91 130 95 0
 84 122 86 0
 76 109 75 0
 85 119 85 0
 78 112 78 0
 88 124 92 0
 90 125 91 0
 77 103 75 0
 76 106 82 0
 63 98 76 0
 70 110 83 0
 56 89 63 0
 64 94 72 0
 75 102 83 0
 102 121 105 0
 212 195 185 1
 119 130 110 0
 77 99 79 0
 71 102 79 0
 65 92 71 0
 75 112 86 0
 58 85 64 0
 68 97 78 0
 74 110 88 0
 73 101 82 0
 60 90 71 0
 77 104 87 0
 69 100 78 0
 79 116 93 0
 77 111 87 0
 61 89 70 0
 70 99 78 0
 83 113 94 0
 82 107 91 0
 97 123 108 0
 108 126 112 0
 121 138 124 0
 110 130 117 0
 103 123 113 0
 113 137 126 0
 110 132 121 0
 101 119 115 0
 118 136 130 0
 106 120 113 0
 99 109 99 0
 0 0 0 0
50 150 100 0
50 150 100 0
50 150 100 0
50 150 100 0
50 150 100 0
50 150 100 0
50 150 100 0
50 150 100 0
50 150 100 0
50 150 100 0
50 150 100 0
50 150 100 0
 94 127 93 0
 90 125 89 0
 83 116 82 0
 87 123 88 0
 74 105 72 0
 85 120 86 0
 77 111 77 0
 95 133 100 0
 83 116 82 0
 74 99 71 0
 85 119 92 0
 77 113 87 0
 67 106 79 0
 55 82 58 0
 70 104 80 0
 66 90 72 0
 90 115 97 0
 162 144 134 1
 80 102 80 0
 62 85 66 0
 70 100 77 0
 70 97 75 0
 75 108 84 0
 74 113 84 0
 70 98 76 0
 64 89 74 0
 79 112 90 0
 68 95 76 0
 80 109 90 0
 67 100 76 0
 83 121 97 0
 76 111 86 0
 66 97 77 0
 76 105 86 0
 78 106 89 0
 88 111 96 0
 98 123 108 0
 111 129 116 0
 115 132 122 0
 99 118 110 0
 107 128 119 0
 105 131 122 0
 108 128 121 0
 98 116 114 0
 118 134 127 0
 107 118 109 0
 109 118 110 0
50 150 100 0
50 150 100 0
50 150 100 0
50 150 100 0
50 150 100 0
50 150 100 0
50 150 100 0
50 150 100 0
50 150 100 0
50 150 100 0
50 150 100 0
50 150 100 0
50 150 100 0
 88 117 87 0
 89 125 90 0
 89 122 88 0
 91 124 89 0
 82 111 76 0
 86 120 86 0
 79 115 82 0
 93 133 100 0
 88 126 94 0
 81 113 82 0
 85 120 92 0
 63 96 74 0
 62 97 72 0
 53 78 58 0
 72 104 83 0
 70 92 77 0
 110 123 106 0
 196 171 162 1
 96 117 97 0
 76 101 81 0
 72 102 80 0
 70 97 74 0
 75 110 85 0
 68 104 77 0
 64 90 68 0
 84 115 95 0
 68 98 77 0
 79 106 87 0
 72 100 80 0
 81 116 91 0
 76 114 88 0
 83 120 93 0
 76 112 91 0
 69 98 81 0
 85 110 94 0
 91 114 100 0
 95 121 106 0
 112 128 116 0
 114 133 124 0
 108 127 119 0
 99 125 118 0
 97 124 118 0
 110 130 127 0
 106 126 122 0
 109 125 118 0
 108 118 110 0
 105 115 109 0
50 150 100 0
50 150 100 0
50 150 100 0
50 150 100 0
50 150 100 0
50 150 100 0
50 150 100 0
50 150 100 0
50 150 100 0
50 150 100 0
50 150 100 0
50 150 100 0
50 150 100 0
50 150 100 0
 90 125 91 0
 86 121 85 0
 88 120 85 0
 90 120 86 0
 85 117 84 0
 68 104 73 0
 87 126 95 0
 85 125 94 0
 77 110 80 0
 87 121 91 0
 77 113 87 0
 73 106 83 0
 57 83 63 0
 74 108 87 0
 67 91 74 0
 105 125 108 0
 208 182 171 1
 79 100 81 0
 72 96 76 0
 71 102 77 0
 66 92 71 0
 81 111 88 0
 69 103 78 0
 72 100 76 0
 88 119 100 0
 67 97 75 0
 81 113 90 0
 69 95 76 0
 80 116 91 0
 78 118 91 0
 71 106 82 0
 81 118 100 0
 77 106 89 0
 92 117 101 0
 94 123 109 0
 93 118 103 0
 115 134 124 0
 101 119 112 0
 99 120 117 0
 91 123 119 0
 99 126 121 0
 107 129 126 0
 114 134 129 0
 106 120 112 0
 108 119 113 0
50 150 100 0
50 150 100 0
50 150 100 0
50 150 100 0
50 150 100 0
50 150 100 0
50 150 100 0
50 150 100 0
50 150 100 0
50 150 100 0
50 150 100 0
50 150 100 0
50 150 100 0
50 150 100 0
50 150 100 0
 88 121 90 0
 88 123 87 0
 89 120 85 0
 88 115 82 0
 88 117 87 0
 85 123 91 0
 79 111 80 0
 82 119 89 0
 85 118 87 0
 78 109 81 0
 81 117 90 0
 72 104 84 0
 54 78 62 0
 69 103 81 0
 66 89 73 0
 106 126 109 0
 184 158 145 1
 89 109 88 0
 66 92 71 0
 63 91 69 0
 78 105 85 0
 71 99 75 0
 61 90 66 0
 66 96 72 0
 88 123 104 0
 67 96 75 0
 72 100 77 0
 79 105 83 0
 82 119 94 0
 77 115 89 0
 74 111 92 0
 57 88 72 0
 77 111 93 0
 93 119 103 0
 83 116 103 0
 87 114 100 0
 108 129 119 0
 103 120 114 0
 95 120 118 0
 97 129 124 0
 100 125 122 0
 106 129 126 0
 106 124 118 0
 100 113 107 0
 112 126 123 0
50 150 100 0
50 150 100 0
50 150 100 0
50 150 100 0
50 150 100 0
50 150 100 0
50 150 100 0
50 150 100 0
50 150 100 0
50 150 100 0
50 150 100 0
50 150 100 0
50 150 100 0
50 150 100 0
50 150 100 0
50 150 100 0
 88 121 87 0
 82 110 77 0
 99 125 93 0
 90 119 89 0
 79 116 86 0
 85 121 89 0
 81 108 81 0
 80 115 85 0
 85 117 87 0
 77 110 84 0
 52 76 61 0
 62 87 72 0
 70 104 81 0
 60 84 67 0
 94 118 98 0
 199 175 164 1
 70 100 75 0
 73 103 80 0
 66 92 73 0
 73 105 86 0
 68 96 71 0
 61 88 66 0
 74 106 82 0
 57 83 64 0
 81 112 87 0
 72 100 75 0
 84 111 87 0
 74 112 86 0
 88 124 105 0
 69 104 87 0
 71 103 87 0
 85 118 99 0
 91 116 102 0
 80 112 99 0
 92 121 108 0
 100 121 113 0
 105 125 120 0
 101 128 125 0
 96 127 124 0
 99 126 123 0
 97 120 116 0
 103 118 111 0
 105 120 115 0
50 150 100 0
50 150 100 0
50 150 100 0
50 150 100 0
50 150 100 0
50 150 100 0
50 150 100 0
50 150 100 0
50 150 100 0
50 150 100 0
50 150 100 0
50 150 100 0
50 150 100 0
50 150 100 0
50 150 100 0
50 150 100 0
50 150 100 0
 82 109 78 0
 97 129 94 0
 80 103 73 0
 91 120 89 0
 91 122 93 0
 75 111 83 0
 89 121 93 0
 82 114 85 0
 86 118 88 0
 77 110 83 0
 74 104 84 0
 71 107 85 0
 62 94 72 0
 87 112 90 0
 141 139 124 0
 108 124 102 0
 60 89 66 0
 71 104 80 0
 61 87 69 0
 65 96 77 0
 56 80 60 0
 70 94 77 0
 79 113 89 0
 65 90 66 0
 77 108 81 0
 65 87 67 0
 74 104 79 0
 81 116 92 0
 79 111 95 0
 71 106 90 0
 56 83 71 0
 83 114 98 0
 76 105 91 0
 78 109 99 0
 93 122 113 0
 102 123 117 0
 110 131 127 0
 100 130 126 0
 96 128 127 0
 98 125 121 0
 99 116 111 0
 102 117 110 0
 96 114 115 0
50 150 100 0
50 150 100 0
50 150 100 0
50 150 100 0
50 150 100 0
50 150 100 0
50 150 100 0
50 150 100 0
50 150 100 0
50 150 100 0
50 150 100 0
50 150 100 0
50 150 100 0
50 150 100 0
50 150 100 0
50 150 100 0
50 150 100 0
50 150 100 0
 72 96 65 0
 95 124 90 0
 76 97 68 0
 85 113 83 0
 82 116 88 0
 87 123 94 0
 87 116 87 0
 69 102 72 0
 72 106 79 0
 54 75 62 0
 66 106 82 0
 55 85 65 0
 81 109 86 0
 116 114 96 0
 88 112 88 0
 59 80 61 0
 67 102 77 0
 60 85 68 0
 74 109 89 0
 61 81 65 0
 81 110 90 0
 86 118 96 0
 78 115 90 0
 67 94 69 0
 79 107 84 0
 71 98 78 0
 84 116 95 0
 80 113 95 0
 69 105 87 0
 74 106 92 0
 93 125 110 0
 81 115 104 0
 80 110 103 0
 112 134 128 0
 116 137 132 0
 104 127 123 0
 92 123 120 0
 92 123 122 0
 101 123 119 0
 102 117 110 0
 100 118 116 0
50 150 100 0
50 150 100 0
50 150 100 0
50 150 100 0
50 150 100 0
50 150 100 0
50 150 100 0
50 150 100 0
50 150 100 0
50 150 100 0
50 150 100 0
50 150 100 0
50 150 100 0
50 150 100 0
50 150 100 0
50 150 100 0
50 150 100 0
50 150 100 0
50 150 100 0
 86 112 82 0
 93 123 89 0
 82 105 73 0
 89 116 87 0
 74 99 75 0
 91 123 96 0
 70 95 68 0
 120 152 122 0
 74 107 82 0
 52 80 58 0
 63 89 74 0
 53 83 61 0
 78 112 88 0
 198 172 158 1
 83 106 82 0
 61 78 61 0
 65 99 77 0
 53 76 60 0
 57 88 66 0
 78 108 85 0
 74 97 79 0
 82 115 94 0
 60 83 63 0
 65 93 70 0
 88 112 91 0
 85 113 93 0
 86 113 95 0
 71 104 85 0
 66 103 86 0
 64 93 79 0
 80 112 98 0
 75 110 101 0
 83 114 108 0
 111 131 127 0
 116 135 132 0
 99 127 122 0
 90 118 116 0
 92 119 117 0
 98 116 110 0
 106 120 115 0
 100 117 120 0
50 150 100 0
50 150 100 0
50 150 100 0
50 150 100 0
50 150 100 0
50 150 100 0
50 150 100 0
50 150 100 0
50 150 100 0
50 150 100 0
50 150 100 0
50 150 100 0
50 150 100 0
50 150 100 0
50 150 100 0
50 150 100 0
50 150 100 0
50 150 100 0
50 150 100 0
50 150 100 0
 86 115 84 0
 90 118 85 0
 95 121 91 0
 87 113 87 0
 119 152 122 0
 61 81 57 0
 86 116 87 0
 70 99 74 0
 55 86 64 0
 69 99 80 0
 67 108 85 0
 81 114 90 0
 150 141 121 1
 89 105 80 0
 72 99 74 0
 57 81 60 0
 65 94 78 0
 65 100 78 0
 63 84 68 0
 73 103 85 0
 88 116 105 0
 69 99 79 0
 71 100 78 0
 97 121 98 0
 82 104 86 0
 92 119 103 0
 65 101 84 0
 88 123 108 0
 89 122 108 0
 70 99 89 0
 80 112 105 0
 107 131 126 0
 125 137 134 0
 103 123 120 0
 96 123 119 0
 94 121 119 0
 92 113 109 0
 102 117 111 0
 109 125 125 0
50 150 100 0
50 150 100 0
50 150 100 0
50 150 100 0
50 150 100 0
50 150 100 0
50 150 100 0
50 150 100 0
50 150 100 0
50 150 100 0
50 150 100 0
50 150 100 0
50 150 100 0
50 150 100 0
50 150 100 0
50 150 100 0
50 150 100 0
50 150 100 0
50 150 100 0
50 150 100 0
50 150 100 0
 88 117 86 0
 96 127 93 0
 87 114 82 0
 89 117 88 0
 85 117 88 0
 81 107 81 0
 85 114 86 0
 69 98 71 0
 65 100 74 0
 59 90 70 0
 58 98 76 0
 59 91 67 0
 186 172 157 1
 117 125 101 0
 75 104 77 0
 48 68 53 0
 68 103 87 0
 57 91 72 0
 60 86 67 0
 74 101 83 0
 78 108 93 0
 56 78 61 0
 77 104 84 0
 94 119 97 0
 86 107 90 0
 87 118 103 0
 76 114 97 0
 87 118 108 0
 88 120 107 0
 79 108 97 0
 83 117 109 0
 112 132 127 0
 137 140 140 0
 107 125 123 0
 91 119 115 0
 88 112 109 0
 104 119 113 0
 101 116 110 0
 111 128 127 0
50 150 100 0
50 150 100 0
50 150 100 0
50 150 100 0
50 150 100 0
50 150 100 0
50 150 100 0
50 150 100 0
50 150 100 0
50 150 100 0
50 150 100 0
50 150 100 0
50 150 100 0
50 150 100 0
50 150 100 0
50 150 100 0
50 150 100 0
50 150 100 0
50 150 100 0
50 150 100 0
50 150 100 0
 68 88 67 0
 99 129 96 0
 79 104 75 0
 89 118 91 0
 77 109 80 0
 91 123 93 0
 79 104 78 0
 74 105 76 0
 63 97 72 0
 58 91 69 0
 63 105 82 0
 48 79 56 0
 152 154 139 1
 83 108 82 0
 66 99 73 0
 55 73 58 0
 60 92 79 0
 47 76 60 0
 58 83 66 0
 79 105 90 0
 59 78 68 0
 68 95 76 0
 72 97 77 0
 88 112 96 0
 91 118 106 0
 67 99 85 0
 75 112 98 0
 88 122 113 0
 86 116 106 0
 80 113 105 0
 103 127 121 0
 147 147 144 1
 185 180 181 1
 104 123 120 0
 86 112 109 0
 90 107 104 0
 105 119 114 0
 107 124 122 0
50 150 100 0
50 150 100 0
50 150 100 0
50 150 100 0
50 150 100 0
50 150 100 0
50 150 100 0
50 150 100 0
50 150 100 0
50 150 100 0
50 150 100 0
50 150 100 0
50 150 100 0
50 150 100 0
50 150 100 0
50 150 100 0
50 150 100 0
50 150 100 0
50 150 100 0
50 150 100 0
50 150 100 0
50 150 100 0
50 150 100 0
 88 113 83 0
 100 127 95 0
 79 103 74 0
 81 109 83 0
 84 115 86 0
 68 96 71 0
 65 96 69 0
 55 88 63 0
 55 88 64 0
 56 95 72 0
 50 78 58 0
 83 113 96 0
 64 90 68 0
 57 88 65 0
 57 82 73 0
 66 111 91 0
 42 68 51 0
 58 81 65 0
 76 110 91 0
 83 108 94 0
 69 95 75 0
 77 99 82 0
 88 109 101 0
 74 106 92 0
 83 117 103 0
 73 107 95 0
 83 118 114 0
 81 110 103 0
 85 116 110 0
 97 123 118 0
 143 145 145 0
 123 138 136 0
 92 118 114 0
 91 114 111 0
 99 113 110 0
 103 120 116 0
 100 117 117 0
50 150 100 0
50 150 100 0
50 150 100 0
50 150 100 0
50 150 100 0
50 150 100 0
50 150 100 0
50 150 100 0
50 150 100 0
50 150 100 0
50 150 100 0
50 150 100 0
50 150 100 0
50 150 100 0
50 150 100 0
50 150 100 0
50 150 100 0
50 150 100 0
50 150 100 0
50 150 100 0
50 150 100 0
50 150 100 0
50 150 100 0
 87 109 81 0
 99 127 95 0
 87 114 85 0
 86 113 87 0
 62 88 63 0
 52 80 59 0
 71 104 79 0
 60 95 72 0
 57 92 67 0
 66 108 84 0
 57 78 62 0
 131 139 127 1
 83 97 80 0
 59 93 70 0
 66 100 85 0
 65 106 92 0
 45 79 62 0
 59 83 68 0
 68 102 86 0
 66 90 77 0
 67 89 72 0
 71 86 76 0
 89 111 101 0
 82 113 101 0
 76 108 97 0
 63 91 83 0
 84 118 115 0
 78 107 103 0
 83 116 110 0
 86 116 111 0
 189 176 182 1
 107 127 126 0
 93 121 117 0
 92 110 106 0
 97 112 109 0
 102 121 119 0
50 150 100 0
50 150 100 0
50 150 100 0
50 150 100 0
50 150 100 0
50 150 100 0
50 150 100 0
50 150 100 0
50 150 100 0
50 150 100 0
50 150 100 0
50 150 100 0
50 150 100 0
50 150 100 0
50 150 100 0
50 150 100 0
50 150 100 0
50 150 100 0
50 150 100 0
50 150 100 0
50 150 100 0
50 150 100 0
50 150 100 0
50 150 100 0
50 150 100 0
 94 117 87 0
 82 109 81 0
 97 133 103 0
 73 94 68 0
 69 97 76 0
 75 105 80 0
 69 106 85 0
 47 79 57 0
 47 85 63 0
 73 105 83 0
 150 150 136 1
 90 94 77 0
 60 86 73 0
 51 78 63 0
 56 93 79 0
 39 63 50 0
 52 72 63 0
 58 88 73 0
 57 80 67 0
 77 98 81 0
 84 103 97 0
 69 96 87 0
 78 110 96 0
 83 112 109 0
 83 110 106 0
 75 110 106 0
 77 111 106 0
 80 114 109 0
 103 127 123 0
 181 168 175 1
 99 119 124 0
 88 109 106 0
 92 108 104 0
 104 123 120 0
 97 115 114 0
50 150 100 0
50 150 100 0
50 150 100 0
50 150 100 0
50 150 100 0
50 150 100 0
50 150 100 0
50 150 100 0
50 150 100 0
50 150 100 0
50 150 100 0
50 150 100 0
50 150 100 0
50 150 100 0
50 150 100 0
50 150 100 0
50 150 100 0
50 150 100 0
50 150 100 0
50 150 100 0
50 150 100 0
50 150 100 0
50 150 100 0
50 150 100 0
50 150 100 0
 71 87 63 0
 83 105 78 0
 84 115 87 0
 51 70 47 0
 59 82 59 0
 68 99 76 0
 63 96 78 0
 64 102 79 0
 43 79 60 0
 72 114 89 0
 119 127 108 0
 60 80 68 0
 44 71 59 0
 63 97 84 0
 50 86 73 0
 58 85 71 0
 61 82 72 0
 42 64 52 0
 53 77 64 0
 64 83 69 0
 88 110 103 0
 77 105 95 0
 68 96 85 0
 74 100 98 0
 80 108 106 0
 64 98 93 0
 73 108 102 0
 78 111 109 0
 103 117 115 0
 215 193 203 1
 95 114 116 0
 88 103 100 0
 94 114 111 0
 95 117 118 0
 150 450 300 0
50 150 100 0
50 150 100 0
50 150 100 0
50 150 100 0
50 150 100 0
50 150 100 0
50 150 100 0
50 150 100 0
50 150 100 0
50 150 100 0
50 150 100 0
50 150 100 0
50 150 100 0
50 150 100 0
50 150 100 0
50 150 100 0
50 150 100 0
50 150 100 0
50 150 100 0
50 150 100 0
50 150 100 0
50 150 100 0
50 150 100 0
50 150 100 0
50 150 100 0
50 150 100 0
 89 109 80 0
 82 118 88 0
 60 86 59 0
 61 97 73 0
 69 105 83 0
 62 96 79 0
 45 77 59 0
 61 99 81 0
 72 113 91 0
 108 114 97 1
 86 90 75 0
 62 92 81 0
 69 108 94 0
 48 78 67 0
 69 102 93 0
 51 71 59 0
 70 97 82 0
 57 76 65 0
 80 98 84 0
 85 110 102 0
 68 93 84 0
 82 111 103 0
 74 96 97 0
 77 107 105 0
 68 102 95 0
 67 100 95 0
 83 114 112 0
 155 142 146 1
 124 126 130 0
 88 100 99 0
 91 106 103 0
 94 116 113 0
 93 112 113 0
50 150 100 0
50 150 100 0
50 150 100 0
50 150 100 0
50 150 100 0
50 150 100 0
50 150 100 0
50 150 100 0
50 150 100 0
50 150 100 0
50 150 100 0
50 150 100 0
50 150 100 0
50 150 100 0
50 150 100 0
50 150 100 0
50 150 100 0
50 150 100 0
50 150 100 0
50 150 100 0
50 150 100 0
50 150 100 0
50 150 100 0
50 150 100 0
50 150 100 0
50 150 100 0
50 150 100 0
 79 102 73 0
 71 111 82 0
 83 122 96 0
 47 72 49 0
 48 77 61 0
 67 104 89 0
 50 83 67 0
 40 74 61 0
 60 93 79 0
 128 128 111 1
 80 84 71 0
 62 88 78 0
 55 90 77 0
 45 70 59 0
 49 76 67 0
 43 60 51 0
 65 95 77 0
 40 55 47 0
 79 103 94 0
 62 81 77 0
 75 100 97 0
 65 88 84 0
 81 107 104 0
 81 114 112 0
 63 94 87 0
 64 93 91 0
 91 111 111 0
 163 150 152 1
 107 112 105 0
 91 101 100 0
 91 111 108 0
 94 115 115 0
50 150 100 0
50 150 100 0
50 150 100 0
50 150 100 0
50 150 100 0
50 150 100 0
50 150 100 0
50 150 100 0
50 150 100 0
50 150 100 0
50 150 100 0
50 150 100 0
50 150 100 0
50 150 100 0
50 150 100 0
50 150 100 0
50 150 100 0
50 150 100 0
50 150 100 0
50 150 100 0
50 150 100 0
50 150 100 0
50 150 100 0
50 150 100 0
50 150 100 0
50 150 100 0
50 150 100 0
50 150 100 0
50 150 100 0
 74 105 75 0
 55 89 63 0
 91 124 103 0
 63 93 74 0
 56 87 76 0
 43 71 57 0
 57 95 79 0
 90 116 102 0
 128 124 109 1
 82 94 75 0
 61 83 70 0
 70 106 93 0
 65 92 79 0
 54 80 73 0
 29 45 38 0
 55 82 65 0
 44 57 48 0
 62 80 72 0
 71 91 87 0
 85 110 108 0
 84 108 106 0
 71 95 93 0
 74 106 103 0
 62 91 87 0
 67 92 89 0
 76 101 100 0
 178 161 161 1
 114 116 106 0
 97 109 104 0
 91 110 107 0
 86 105 103 0
50 150 100 0
50 150 100 0
50 150 100 0
50 150 100 0
50 150 100 0
50 150 100 0
50 150 100 0
50 150 100 0
50 150 100 0
50 150 100 0
50 150 100 0
50 150 100 0
50 150 100 0
50 150 100 0
50 150 100 0
50 150 100 0
50 150 100 0
50 150 100 0
50 150 100 0
50 150 100 0
50 150 100 0
50 150 100 0
50 150 100 0
50 150 100 0
50 150 100 0
50 150 100 0
50 150 100 0
50 150 100 0
50 150 100 0
 67 99 72 0
 51 81 57 0
 55 88 66 0
 50 71 58 0
 62 94 81 0
 50 80 66 0
 50 82 68 0
 68 106 86 0
 175 154 145 1
 58 76 57 0
 71 95 78 0
 55 87 77 0
 58 85 71 0
 44 66 57 0
 52 70 65 0
 59 86 76 0
 59 76 70 0
 66 86 80 0
 60 77 77 0
 82 106 104 0
 63 83 82 0
 77 105 104 0
 60 86 85 0
 74 106 105 0
 66 90 88 0
 106 109 111 0
 190 161 159 1
 107 108 100 0
 88 105 101 0
 95 112 109 0
 0 0 0 0
50 150 100 0
50 150 100 0
50 150 100 0
50 150 100 0
50 150 100 0
50 150 100 0
50 150 100 0
50 150 100 0
50 150 100 0
50 150 100 0
50 150 100 0
50 150 100 0
50 150 100 0
50 150 100 0
50 150 100 0
50 150 100 0
50 150 100 0
50 150 100 0
50 150 100 0
50 150 100 0
50 150 100 0
50 150 100 0
50 150 100 0
50 150 100 0
50 150 100 0
50 150 100 0
50 150 100 0
50 150 100 0
50 150 100 0
50 150 100 0
 53 83 59 0
 48 74 57 0
 54 91 69 0
 60 101 80 0
 39 60 47 0
 63 108 85 0
 49 87 63 0
 127 119 107 0
 95 121 99 0
 60 84 67 0
 68 102 86 0
 44 71 59 0
 65 98 83 0
 52 73 65 0
 63 87 77 0
 44 59 53 0
 65 85 82 0
 83 104 106 0
 71 91 92 0
 61 79 82 0
 70 92 92 0
 74 97 98 0
 78 108 110 0
 81 102 101 0
 122 116 116 0
 185 157 151 1
 84 89 84 0
 84 104 100 0
 80 96 94 0
50 150 100 0
50 150 100 0
50 150 100 0
50 150 100 0
50 150 100 0
50 150 100 0
50 150 100 0
50 150 100 0
50 150 100 0
50 150 100 0
50 150 100 0
50 150 100 0
50 150 100 0
50 150 100 0
50 150 100 0
50 150 100 0
50 150 100 0
50 150 100 0
50 150 100 0
50 150 100 0
50 150 100 0
50 150 100 0
50 150 100 0
50 150 100 0
50 150 100 0
50 150 100 0
50 150 100 0
50 150 100 0
50 150 100 0
50 150 100 0
50 150 100 0
 67 96 75 0
 55 84 62 0
 65 108 80 0
 60 103 82 0
 56 90 72 0
 45 80 58 0
 51 69 51 0
 96 100 83 0
 66 97 73 0
 50 72 54 0
 51 83 68 0
 55 81 68 0
 42 71 57 0
 47 64 57 0
 48 66 59 0
 61 88 82 0
 54 72 69 0
 72 94 92 0
 64 84 85 0
 60 78 77 0
 68 91 88 0
 72 86 92 0
 73 96 99 0
 73 89 88 0
 98 97 95 0
 154 135 127 1
 84 96 93 0
 80 94 92 0
50 150 100 0
50 150 100 0
50 150 100 0
50 150 100 0
50 150 100 0
50 150 100 0
50 150 100 0
50 150 100 0
50 150 100 0
50 150 100 0
50 150 100 0
50 150 100 0
50 150 100 0
50 150 100 0
50 150 100 0
50 150 100 0
50 150 100 0
50 150 100 0
50 150 100 0
50 150 100 0
50 150 100 0
50 150 100 0
50 150 100 0
50 150 100 0
50 150 100 0
50 150 100 0
50 150 100 0
50 150 100 0
50 150 100 0
50 150 100 0
50 150 100 0
50 150 100 0
50 150 100 0
 50 73 57 0
 56 103 75 0
 50 91 72 0
 38 74 57 0
 66 105 86 0
 62 91 69 0
 121 119 102 1
 53 81 58 0
 62 93 76 0
 48 77 62 0
 58 85 71 0
 55 83 72 0
 67 100 83 0
 54 77 66 0
 49 65 59 0
 62 82 78 0
 60 75 75 0
 65 87 86 0
 68 95 89 0
 68 91 88 0
 62 77 78 0
 79 91 93 0
 65 76 77 0
 107 109 99 0
 140 128 119 1
 87 100 96 0
 80 91 88 0
50 150 100 0
50 150 100 0
50 150 100 0
50 150 100 0
50 150 100 0
50 150 100 0
50 150 100 0
50 150 100 0
50 150 100 0
50 150 100 0
50 150 100 0
50 150 100 0
50 150 100 0
50 150 100 0
50 150 100 0
50 150 100 0
50 150 100 0
50 150 100 0
50 150 100 0
50 150 100 0
50 150 100 0
50 150 100 0
50 150 100 0
50 150 100 0
50 150 100 0
50 150 100 0
50 150 100 0
50 150 100 0
50 150 100 0
50 150 100 0
50 150 100 0
50 150 100 0
50 150 100 0
 64 100 79 0
 48 82 61 0
 59 106 82 0
 39 66 53 0
 55 90 75 0
 59 91 68 0
 159 139 125 1
 66 92 70 0
 43 65 47 0
 57 89 74 0
 52 81 63 0
 45 64 55 0
 56 88 76 0
 50 77 65 0
 62 88 79 0
 67 89 82 0
 63 80 77 0
 67 93 88 0
 56 80 75 0
 62 81 78 0
 84 106 105 0
 70 87 85 0
 79 87 86 0
 83 88 82 0
 174 156 152 1
 84 97 92 0
 0 0 0 0
50 150 100 0
50 150 100 0
50 150 100 0
50 150 100 0
50 150 100 0
50 150 100 0
50 150 100 0
50 150 100 0
50 150 100 0
50 150 100 0
50 150 100 0
50 150 100 0
50 150 100 0
50 150 100 0
50 150 100 0
50 150 100 0
50 150 100 0
50 150 100 0
50 150 100 0
50 150 100 0
50 150 100 0
50 150 100 0
50 150 100 0
50 150 100 0
50 150 100 0
50 150 100 0
50 150 100 0
50 150 100 0
50 150 100 0
50 150 100 0
50 150 100 0
50 150 100 0
50 150 100 0
 34 56 44 0
 61 96 75 0
 52 100 75 0
 39 87 62 0
 46 74 59 0
 86 120 95 0
 93 103 83 0
 46 72 52 0
 48 68 55 0
 45 70 57 0
 88 117 107 0
 54 69 57 0
 44 64 57 0
 43 60 53 0
 55 73 66 0
 57 78 70 0
 46 61 57 0
 53 74 71 0
 54 75 71 0
 66 89 81 0
 61 82 78 0
 69 80 78 0
 67 74 71 0
 112 112 105 0
 100 110 105 0
 76 84 81 0
50 150 100 0
50 150 100 0
50 150 100 0
50 150 100 0
50 150 100 0
50 150 100 0
50 150 100 0
50 150 100 0
50 150 100 0
50 150 100 0
50 150 100 0
50 150 100 0
50 150 100 0
50 150 100 0
50 150 100 0
50 150 100 0
50 150 100 0
50 150 100 0
50 150 100 0
50 150 100 0
50 150 100 0
50 150 100 0
50 150 100 0
50 150 100 0
50 150 100 0
50 150 100 0
50 150 100 0
50 150 100 0
50 150 100 0
50 150 100 0
50 150 100 0
50 150 100 0
50 150 100 0
50 150 100 0
50 150 100 0
 59 88 71 0
 42 75 56 0
 62 112 87 0
 45 73 56 0
 62 96 74 0
 186 150 138 1
 49 80 57 0
 55 82 64 0
 59 87 73 0
 43 66 51 0
 56 74 59 0
 60 76 67 0
 59 79 71 0
 48 63 55 0
 65 88 79 0
 56 69 65 0
 66 86 83 0
 57 83 78 0
 56 86 75 0
 57 76 72 0
 65 72 70 0
 85 99 91 0
 146 137 131 1
 86 98 89 0
 63 69 65 0
50 150 100 0
50 150 100 0
50 150 100 0
50 150 100 0
50 150 100 0
50 150 100 0
50 150 100 0
50 150 100 0
50 150 100 0
50 150 100 0
50 150 100 0
50 150 100 0
50 150 100 0
50 150 100 0
50 150 100 0
50 150 100 0
50 150 100 0
50 150 100 0
50 150 100 0
50 150 100 0
50 150 100 0
50 150 100 0
50 150 100 0
50 150 100 0
50 150 100 0
50 150 100 0
50 150 100 0
50 150 100 0
50 150 100 0
50 150 100 0
50 150 100 0
50 150 100 0
50 150 100 0
50 150 100 0
50 150 100 0
 56 88 67 0
 38 63 48 0
 43 83 66 0
 55 90 71 0
 83 103 83 0
 146 128 113 1
 69 103 78 0
 44 69 55 0
 72 104 86 0
 45 66 52 0
 48 62 50 0
 59 73 62 0
 56 75 66 0
 64 87 74 0
 46 70 57 0
 60 76 69 0
 55 75 71 0
 46 67 63 0
 69 103 93 0
 55 70 66 0
 69 81 77 0
 77 100 98 0
 115 116 110 0
 87 93 86 0
50 150 100 0
50 150 100 0
50 150 100 0
50 150 100 0
50 150 100 0
50 150 100 0
50 150 100 0
50 150 100 0
50 150 100 0
50 150 100 0
50 150 100 0
50 150 100 0
50 150 100 0
50 150 100 0
50 150 100 0
50 150 100 0
50 150 100 0
50 150 100 0
50 150 100 0
50 150 100 0
50 150 100 0
50 150 100 0
50 150 100 0
50 150 100 0
50 150 100 0
50 150 100 0
50 150 100 0
50 150 100 0
50 150 100 0
50 150 100 0
50 150 100 0
50 150 100 0
50 150 100 0
50 150 100 0
50 150 100 0
50 150 100 0
50 150 100 0
 55 91 74 0
 40 68 54 0
 57 98 78 0
 56 79 59 0
 129 113 96 1
 49 71 57 0
 59 87 72 0
 58 80 66 0
 40 60 47 0
 48 62 50 0
 60 79 65 0
 52 71 62 0
 45 64 53 0
 60 85 74 0
 56 73 65 0
 60 84 75 0
 51 70 66 0
 57 83 77 0
 57 70 67 0
 62 78 77 0
 67 84 83 0
 145 129 120 1
 83 84 78 0
50 150 100 0
50 150 100 0
50 150 100 0
50 150 100 0
50 150 100 0
50 150 100 0
50 150 100 0
50 150 100 0
50 150 100 0
50 150 100 0
50 150 100 0
50 150 100 0
50 150 100 0
50 150 100 0
50 150 100 0
50 150 100 0
50 150 100 0
50 150 100 0
50 150 100 0
50 150 100 0
50 150 100 0
50 150 100 0
50 150 100 0
50 150 100 0
50 150 100 0
50 150 100 0
50 150 100 0
50 150 100 0
50 150 100 0
50 150 100 0
50 150 100 0
50 150 100 0
50 150 100 0
50 150 100 0
50 150 100 0
50 150 100 0
50 150 100 0
 47 77 62 0
 36 61 45 0
 51 87 66 0
 100 102 84 0
 171 148 133 1
 53 67 54 0
 55 87 69 0
 51 69 56 0
 53 79 61 0
 58 77 65 0
 53 73 59 0
 99 121 128 0
 43 62 52 0
 62 88 75 0
 62 78 70 0
 45 66 58 0
 54 70 67 0
 53 68 64 0
 59 71 68 0
 74 90 91 0
 93 105 99 0
 133 116 109 1
50 150 100 0
50 150 100 0
50 150 100 0
50 150 100 0
50 150 100 0
50 150 100 0
50 150 100 0
50 150 100 0
50 150 100 0
50 150 100 0
50 150 100 0
50 150 100 0
50 150 100 0
50 150 100 0
50 150 100 0
50 150 100 0
50 150 100 0
50 150 100 0
50 150 100 0
50 150 100 0
50 150 100 0
50 150 100 0
50 150 100 0
50 150 100 0
50 150 100 0
50 150 100 0
50 150 100 0
50 150 100 0
50 150 100 0
50 150 100 0
50 150 100 0
50 150 100 0
50 150 100 0
50 150 100 0
50 150 100 0
50 150 100 0
50 150 100 0
50 150 100 0
50 150 100 0
 55 84 66 0
 39 68 50 0
 66 87 67 0
 182 155 141 1
 67 85 70 0
 37 59 46 0
 58 81 68 0
 39 56 45 0
 42 61 48 0
 48 64 57 0
 57 79 73 0
 52 68 60 0
 49 70 59 0
 47 59 53 0
 60 75 69 0
 50 60 57 0
 59 70 64 0
 64 74 70 0
 58 70 71 0
 82 89 82 0
 162 132 127 1
50 150 100 0
50 150 100 0
50 150 100 0
50 150 100 0
50 150 100 0
50 150 100 0
50 150 100 0
50 150 100 0
50 150 100 0
50 150 100 0
50 150 100 0
50 150 100 0
50 150 100 0
50 150 100 0
50 150 100 0
50 150 100 0
50 150 100 0
50 150 100 0
50 150 100 0
50 150 100 0
50 150 100 0
50 150 100 0
50 150 100 0
50 150 100 0
50 150 100 0
50 150 100 0
50 150 100 0
50 150 100 0
50 150 100 0
50 150 100 0
50 150 100 0
50 150 100 0
50 150 100 0
50 150 100 0
50 150 100 0
50 150 100 0
50 150 100 0
50 150 100 0
50 150 100 0
 40 70 53 0
 60 96 77 0
 43 71 55 0
 141 126 113 1
 59 70 57 0
 48 63 55 0
 43 52 49 0
 63 85 75 0
 44 57 47 0
 63 81 74 0
 43 59 53 0
 69 89 79 0
 51 72 63 0
 62 80 74 0
 61 74 65 0
 55 64 58 0
 61 70 67 0
 73 88 88 0
 65 73 71 0
 105 96 89 0
 33 23 23 0
50 150 100 0
50 150 100 0
50 150 100 0
50 150 100 0
50 150 100 0
50 150 100 0
50 150 100 0
50 150 100 0
50 150 100 0
50 150 100 0
50 150 100 0
50 150 100 0
50 150 100 0
50 150 100 0
50 150 100 0
50 150 100 0
50 150 100 0
50 150 100 0
50 150 100 0
50 150 100 0
50 150 100 0
50 150 100 0
50 150 100 0
50 150 100 0
50 150 100 0
50 150 100 0
50 150 100 0
50 150 100 0
50 150 100 0
50 150 100 0
50 150 100 0
50 150 100 0
50 150 100 0
50 150 100 0
50 150 100 0
50 150 100 0
50 150 100 0
50 150 100 0
50 150 100 0
50 150 100 0
 50 83 66 0
 53 75 61 0
 69 86 67 0
 46 60 48 0
 58 75 64 0
 66 71 68 0
 46 66 55 0
 37 44 36 0
 48 61 55 0
 59 82 75 0
 47 62 54 0
 48 67 58 0
 43 61 53 0
 53 66 57 0
 56 64 58 0
 58 72 67 0
 65 77 83 0
 55 61 57 0
 73 73 68 0
50 150 100 0
50 150 100 0
50 150 100 0
50 150 100 0
50 150 100 0
50 150 100 0
50 150 100 0
50 150 100 0
50 150 100 0
50 150 100 0
50 150 100 0
50 150 100 0
50 150 100 0
50 150 100 0
50 150 100 0
50 150 100 0
50 150 100 0
50 150 100 0
50 150 100 0
50 150 100 0
50 150 100 0
50 150 100 0
50 150 100 0
50 150 100 0
50 150 100 0
50 150 100 0
50 150 100 0
50 150 100 0
50 150 100 0
50 150 100 0
50 150 100 0
50 150 100 0
50 150 100 0
50 150 100 0
50 150 100 0
50 150 100 0
50 150 100 0
50 150 100 0
50 150 100 0
50 150 100 0
50 150 100 0
 49 85 63 0
 32 54 41 0
 120 110 97 1
 57 76 60 0
 54 87 70 0
 30 46 35 0
 56 71 62 0
 55 77 63 0
 55 62 56 0
 42 57 50 0
 56 72 62 0
 40 52 45 0
 50 68 61 0
 44 55 47 0
 55 66 58 0
 63 74 77 0
 52 60 66 0
 62 69 63 0
50 150 100 0
50 150 100 0
50 150 100 0
50 150 100 0
50 150 100 0
50 150 100 0
50 150 100 0
50 150 100 0
50 150 100 0
50 150 100 0
50 150 100 0
50 150 100 0
50 150 100 0
50 150 100 0
50 150 100 0
50 150 100 0
50 150 100 0
50 150 100 0
50 150 100 0
50 150 100 0
50 150 100 0
50 150 100 0
50 150 100 0
50 150 100 0
50 150 100 0
50 150 100 0
50 150 100 0
50 150 100 0
50 150 100 0
50 150 100 0
50 150 100 0
50 150 100 0
50 150 100 0
50 150 100 0
50 150 100 0
50 150 100 0
50 150 100 0
50 150 100 0
50 150 100 0
50 150 100 0
50 150 100 0
50 150 100 0
50 150 100 0
 166 144 132 1
 79 83 68 0
 53 68 56 0
 41 62 50 0
 44 61 52 0
 35 46 40 0
 44 67 56 0
 47 62 51 0
 36 47 40 0
 47 57 49 0
 51 63 58 0
 41 51 47 0
 51 59 54 0
 64 77 71 0
 57 66 67 0
 58 64 62 0
 59 64 62 0
50 150 100 0
50 150 100 0
50 150 100 0
50 150 100 0
50 150 100 0
50 150 100 0
50 150 100 0
50 150 100 0
50 150 100 0
50 150 100 0
50 150 100 0
50 150 100 0
50 150 100 0
50 150 100 0
50 150 100 0
50 150 100 0
50 150 100 0
50 150 100 0
50 150 100 0
50 150 100 0
50 150 100 0
50 150 100 0
50 150 100 0
50 150 100 0
50 150 100 0
50 150 100 0
50 150 100 0
50 150 100 0
50 150 100 0
50 150 100 0
50 150 100 0
50 150 100 0
50 150 100 0
50 150 100 0
50 150 100 0
50 150 100 0
50 150 100 0
50 150 100 0
50 150 100 0
50 150 100 0
50 150 100 0
50 150 100 0
50 150 100 0
 128 118 105 1
 73 77 65 0
 54 66 52 0
 54 74 65 0
 46 62 52 0
 33 48 37 0
 32 46 40 0
 44 57 50 0
 29 43 34 0
 75 89 88 0
 47 53 48 0
 49 53 49 0
 50 54 52 0
 57 63 61 0
 54 57 56 0
 66 73 70 0
50 150 100 0
50 150 100 0
50 150 100 0
50 150 100 0
50 150 100 0
50 150 100 0
50 150 100 0
50 150 100 0
50 150 100 0
50 150 100 0
50 150 100 0
50 150 100 0
50 150 100 0
50 150 100 0
50 150 100 0
50 150 100 0
50 150 100 0
50 150 100 0
50 150 100 0
50 150 100 0
50 150 100 0
50 150 100 0
50 150 100 0
50 150 100 0
50 150 100 0
50 150 100 0
50 150 100 0
50 150 100 0
50 150 100 0
50 150 100 0
50 150 100 0
50 150 100 0
50 150 100 0
50 150 100 0
50 150 100 0
50 150 100 0
50 150 100 0
50 150 100 0
50 150 100 0
50 150 100 0
50 150 100 0
50 150 100 0
50 150 100 0
50 150 100 0
 37 61 45 0
 118 112 95 1
 44 60 46 0
 66 86 74 0
 36 52 42 0
 42 61 53 0
 29 42 34 0
 39 47 43 0
 33 39 35 0
 46 57 52 0
 38 46 37 0
 51 57 47 0
 52 63 58 0
 55 61 59 0
 48 51 49 0
 55 62 58 0
50 150 100 0
50 150 100 0
50 150 100 0
50 150 100 0
50 150 100 0
50 150 100 0
50 150 100 0
50 150 100 0
50 150 100 0
50 150 100 0
50 150 100 0
50 150 100 0
50 150 100 0
50 150 100 0
50 150 100 0
50 150 100 0
50 150 100 0
50 150 100 0
50 150 100 0
50 150 100 0
50 150 100 0
50 150 100 0
50 150 100 0
50 150 100 0
50 150 100 0
50 150 100 0
50 150 100 0
50 150 100 0
50 150 100 0
50 150 100 0
50 150 100 0
50 150 100 0
50 150 100 0
50 150 100 0
50 150 100 0
50 150 100 0
50 150 100 0
50 150 100 0
50 150 100 0
50 150 100 0
50 150 100 0
50 150 100 0
50 150 100 0
50 150 100 0
50 150 100 0
 63 82 61 0
 39 51 37 0
 48 69 57 0
 35 49 40 0
 56 77 67 0
 35 46 41 0
 44 56 50 0
 35 40 36 0
 44 57 47 0
 53 63 53 0
 39 45 41 0
 41 51 45 0
 47 50 46 0
 59 69 67 0
50 150 100 0
50 150 100 0
50 150 100 0
50 150 100 0
50 150 100 0
50 150 100 0
50 150 100 0
50 150 100 0
50 150 100 0
50 150 100 0
50 150 100 0
50 150 100 0
50 150 100 0
50 150 100 0
50 150 100 0
50 150 100 0
50 150 100 0
50 150 100 0
50 150 100 0
50 150 100 0
50 150 100 0
50 150 100 0
50 150 100 0
50 150 100 0
50 150 100 0
50 150 100 0
50 150 100 0
50 150 100 0
50 150 100 0
50 150 100 0
50 150 100 0
50 150 100 0
50 150 100 0
50 150 100 0
50 150 100 0
50 150 100 0
50 150 100 0
50 150 100 0
50 150 100 0
50 150 100 0
50 150 100 0
50 150 100 0
50 150 100 0
50 150 100 0
50 150 100 0
50 150 100 0
50 150 100 0
50 150 100 0
50 150 100 0
50 150 100 0
50 150 100 0
50 150 100 0
50 150 100 0
50 150 100 0
50 150 100 0
50 150 100 0
50 150 100 0
50 150 100 0
50 150 100 0
50 150 100 0
50 150 100 0
50 150 100 0
50 150 100 0
50 150 100 0
50 150 100 0
50 150 100 0
50 150 100 0
50 150 100 0
50 150 100 0
50 150 100 0
50 150 100 0
50 150 100 0
50 150 100 0
50 150 100 0
50 150 100 0
50 150 100 0
50 150 100 0
50 150 100 0
50 150 100 0
50 150 100 0
50 150 100 0
50 150 100 0
50 150 100 0
50 150 100 0
50 150 100 0
50 150 100 0
50 150 100 0
50 150 100 0
50 150 100 0
50 150 100 0
50 150 100 0
50 150 100 0
50 150 100 0
50 150 100 0
50 150 100 0
50 150 100 0
50 150 100 0
50 150 100 0
50 150 100 0
50 150 100 0
50 150 100 0
50 150 100 0
50 150 100 0
50 150 100 0
50 150 100 0
50 150 100 0
50 150 100 0
50 150 100 0
50 150 100 0
50 150 100 0
50 150 100 0
50 150 100 0
50 150 100 0
50 150 100 0
50 150 100 0
50 150 100 0
50 150 100 0
50 150 100 0
50 150 100 0
50 150 100 0
50 150 100 0
50 150 100 0
50 150 100 0
50 150 100 0
50 150 100 0
50 150 100 0
50 150 100 0
50 150 100 0
50 150 100 0
50 150 100 0
50 150 100 0
50 150 100 0
50 150 100 0
50 150 100 0
50 150 100 0
50 150 100 0
50 150 100 0
50 150 100 0
50 150 100 0
50 150 100 0
50 150 100 0
50 150 100 0
50 150 100 0
50 150 100 0
50 150 100 0
50 150 100 0
50 150 100 0
50 150 100 0
50 150 100 0
50 150 100 0
50 150 100 0
50 150 100 0
50 150 100 0
50 150 100 0
50 150 100 0
50 150 100 0
50 150 100 0
50 150 100 0
50 150 100 0
50 150 100 0
50 150 100 0
50 150 100 0
50 150 100 0
50 150 100 0
50 150 100 0
50 150 100 0
50 150 100 0
50 150 100 0
50 150 100 0
50 150 100 0
50 150 100 0
50 150 100 0
50 150 100 0
50 150 100 0
50 150 100 0
50 150 100 0
50 150 100 0
50 150 100 0
50 150 100 0
50 150 100 0
50 150 100 0
50 150 100 0
50 150 100 0
50 150 100 0
50 150 100 0
50 150 100 0
50 150 100 0
50 150 100 0
50 150 100 0
50 150 100 0
50 150 100 0
50 150 100 0
50 150 100 0
50 150 100 0
50 150 100 0
50 150 100 0
50 150 100 0
50 150 100 0
50 150 100 0
50 150 100 0
50 150 100 0
50 150 100 0
50 150 100 0

