 69 104 81 0
 66 102 80 0
 81 119 98 0
 71 112 89 0
 82 122 100 0
 77 115 95 0
 79 116 97 0
 73 111 89 0
 72 113 91 0
 64 103 83 0
 60 98 82 0
 56 95 80 0
 75 113 100 0
 133 142 131 1
 94 118 102 0
 78 108 90 0
 68 99 84 0
 84 119 105 0
 59 92 79 0
 80 116 105 0
 79 118 106 0
 69 104 91 0
 67 104 92 0
 63 104 90 0
 64 100 85 0
 54 89 70 0
 65 100 78 0
 67 97 79 0
 90 123 104 0
 73 106 88 0
 78 113 97 0
 73 106 90 0
 58 82 69 0
 45 61 50 0
 67 86 78 0
 64 89 77 0
 67 94 83 0
 77 118 102 0
 98 130 115 0
 141 147 136 1
 92 123 107 0
 82 121 104 0
 92 125 110 0
 86 118 108 0
 90 120 111 0
 101 127 114 0
 94 126 111 0
 91 128 113 0
 77 119 101 0
 85 125 108 0
 92 129 113 0
 90 123 109 0
 107 135 122 0
 107 132 120 0
 107 131 120 0
 106 132 118 0
 111 135 122 0
 107 132 123 0
 106 131 123 0
 97 123 113 0
 69 104 80 0
 69 105 82 0
 79 117 95 0
 79 119 97 0
 75 119 96 0
 73 112 91 0
 76 112 95 0
 66 103 82 0
 71 112 89 0
 64 104 83 0
 58 94 78 0
 59 96 82 0
 75 111 97 0
 149 152 139 1
 96 114 97 0
 84 115 96 0
 74 105 88 0
 87 125 112 0
 65 99 85 0
 79 113 103 0
 77 116 104 0
 70 106 94 0
 67 105 92 0
 58 97 85 0
 66 103 88 0
 52 85 67 0
 63 96 76 0
 69 100 82 0
 83 116 97 0
 72 105 87 0
 90 126 109 0
 71 103 87 0
 59 86 72 0
 53 73 61 0
 70 89 81 0
 57 84 73 0
 74 104 92 0
 70 111 96 0
 95 127 113 0
 129 136 125 0
 102 131 115 0
 83 121 104 0
 95 126 112 0
 90 120 111 0
 98 126 116 0
 95 122 108 0
 101 134 120 0
 84 124 108 0
 74 116 98 0
 85 124 107 0
 90 127 112 0
 94 125 110 0
 109 137 123 0
 106 130 118 0
 106 132 119 0
 107 132 118 0
 114 139 126 0
 106 130 121 0
 106 130 122 0
 95 122 110 0
 79 113 90 0
 69 105 81 0
 83 121 99 0
 77 116 94 0
 77 121 98 0
 67 107 87 0
 75 111 94 0
 53 87 71 0
 71 111 89 0
 56 96 77 0
 62 99 81 0
 63 100 85 0
 57 93 79 0
 74 112 97 0
 148 144 131 1
 87 117 99 0
 68 97 81 0
 61 90 78 0
 75 110 96 0
 73 109 98 0
 63 100 88 0
 75 115 101 0
 70 109 96 0
 53 89 78 0
 64 100 86 0
 48 79 64 0
 62 94 75 0
 69 101 85 0
 82 115 98 0
 64 97 80 0
 84 120 104 0
 62 95 79 0
 63 90 76 0
 62 81 70 0
 69 87 79 0
 76 104 92 0
 64 97 83 0
 70 112 97 0
 82 117 103 0
 169 171 163 1
 119 141 128 0
 89 122 106 0
 100 129 115 0
 93 122 111 0
 99 126 114 0
 93 120 107 0
 104 135 121 0
 84 125 107 0
 74 116 95 0
 87 128 110 0
 86 124 108 0
 99 130 115 0
 107 133 120 0
 107 131 119 0
 104 130 117 0
 117 142 127 0
 106 129 118 0
 106 130 122 0
 112 136 127 0
 96 124 110 0
 82 116 96 0
 70 106 83 0
 86 123 102 0
 78 117 95 0
 73 115 92 0
 75 118 96 0
 69 105 89 0
 49 83 69 0
 73 113 92 0
 65 106 86 0
 57 93 76 0
 62 98 83 0
 54 88 74 0
 77 116 101 0
 155 148 136 1
 86 112 94 0
 71 101 83 0
 79 114 100 0
 78 116 102 0
 70 108 96 0
 49 84 73 0
 66 101 89 0
 72 113 99 0
 58 94 82 0
 58 93 79 0
 59 90 75 0
 62 93 77 0
 60 91 75 0
 77 109 96 0
 69 103 86 0
 85 120 105 0
 55 87 70 0
 66 94 79 0
 66 85 74 0
 63 81 73 0
 81 111 98 0
 66 98 84 0
 63 101 87 0
 92 122 109 0
 131 135 125 1
 110 135 119 0
 87 116 100 0
 101 130 116 0
 99 123 113 0
 97 123 109 0
 98 126 113 0
 101 133 119 0
 83 126 106 0
 77 118 97 0
 84 124 106 0
 90 126 110 0
 104 133 118 0
 105 130 117 0
 106 132 119 0
 106 132 118 0
 121 143 129 0
 108 131 121 0
 111 135 126 0
 97 124 111 0
 100 128 117 0
 63 93 73 0
 79 116 97 0
 88 124 103 0
 78 116 95 0
 72 111 90 0
 77 120 98 0
 61 99 81 0
 59 93 79 0
 75 116 97 0
 56 96 78 0
 50 85 70 0
 62 98 82 0
 53 85 73 0
 76 119 104 0
 133 131 119 1
 87 112 96 0
 71 101 83 0
 79 113 100 0
 74 114 101 0
 73 109 95 0
 65 101 91 0
 67 102 90 0
 69 110 96 0
 61 96 84 0
 69 105 90 0
 67 98 82 0
 62 92 77 0
 56 86 73 0
 81 113 100 0
 78 110 93 0
 83 118 104 0
 61 95 77 0
 55 80 66 0
 66 85 74 0
 70 88 79 0
 73 105 93 0
 69 101 86 0
 62 98 84 0
 94 122 110 0
 159 163 154 1
 108 127 112 0
 86 115 98 0
 103 133 119 0
 101 124 113 0
 94 121 107 0
 96 127 114 0
 99 132 117 0
 83 127 105 0
 79 121 99 0
 80 122 104 0
 96 130 115 0
 102 130 116 0
 106 130 116 0
 104 129 116 0
 116 139 125 0
 121 142 129 0
 107 130 121 0
 112 135 126 0
 98 124 111 0
 101 128 117 0
 58 87 67 0
 81 117 100 0
 93 129 108 0
 80 118 96 0
 75 115 94 0
 75 118 97 0
 64 104 85 0
 68 104 89 0
 55 89 75 0
 68 110 90 0
 59 96 80 0
 61 97 80 0
 55 86 75 0
 82 120 108 0
 175 173 163 1
 89 114 97 0
 66 96 79 0
 77 112 101 0
 63 100 92 0
 73 110 96 0
 62 99 87 0
 67 102 90 0
 59 98 86 0
 66 101 89 0
 67 103 87 0
 68 101 84 0
 60 89 75 0
 70 101 91 0
 85 118 102 0
 73 102 87 0
 74 108 93 0
 67 102 83 0
 59 82 69 0
 70 92 79 0
 68 87 78 0
 63 93 81 0
 69 104 89 0
 60 95 81 0
 91 119 107 0
 136 143 132 1
 77 93 78 0
 89 119 102 0
 100 127 115 0
 99 124 113 0
 87 116 102 0
 96 128 115 0
 87 125 109 0
 77 120 98 0
 80 123 100 0
 89 129 111 0
 100 134 117 0
 102 127 113 0
 111 135 121 0
 102 127 113 0
 119 141 127 0
 115 137 125 0
 109 131 124 0
 105 127 117 0
 104 129 119 0
 98 126 114 0
 63 91 69 0
 68 99 81 0
 85 121 104 0
 90 126 105 0
 81 121 99 0
 79 122 101 0
 68 109 89 0
 72 111 94 0
 55 88 74 0
 72 114 97 0
 66 104 88 0
 55 91 75 0
 53 84 73 0
 93 126 114 0
 183 176 167 1
 117 125 111 0
 69 99 83 0
 75 109 98 0
 67 105 101 0
 71 110 97 0
 61 98 87 0
 68 104 91 0
 64 101 88 0
 67 105 91 0
 57 92 77 0
 63 96 80 0
 68 99 85 0
 65 96 82 0
 80 113 97 0
 72 100 89 0
 58 90 74 0
 68 100 83 0
 67 94 79 0
 65 85 75 0
 80 115 103 0
 59 88 77 0
 68 100 87 0
 63 99 85 0
 77 110 98 0
 178 182 173 1
 102 118 104 0
 99 132 116 0
 101 125 114 0
 97 122 110 0
 85 113 100 0
 94 125 113 0
 77 117 98 0
 79 124 99 0
 77 120 97 0
 92 132 114 0
 101 133 117 0
 102 126 112 0
 107 132 118 0
 111 134 120 0
 117 138 125 0
 106 129 121 0
 109 131 123 0
 104 124 116 0
 102 128 118 0
 94 125 110 0
 60 86 66 0
 69 100 81 0
 82 117 100 0
 87 124 105 0
 81 120 99 0
 76 119 98 0
 74 119 100 0
 71 113 94 0
 64 98 83 0
 56 91 76 0
 72 113 96 0
 71 111 93 0
 53 86 72 0
 59 91 80 0
 165 163 154 1
 112 125 109 0
 72 100 84 0
 68 98 87 0
 69 106 102 0
 70 110 102 0
 66 106 95 0
 69 105 92 0
 63 98 85 0
 68 106 91 0
 58 93 78 0
 62 94 79 0
 75 109 97 0
 66 100 85 0
 74 108 92 0
 66 89 81 0
 65 96 81 0
 49 77 62 0
 66 95 80 0
 66 88 77 0
 79 114 102 0
 57 85 74 0
 52 86 72 0
 71 107 94 0
 71 102 89 0
 113 127 115 0
 121 132 118 0
 105 135 119 0
 98 122 110 0
 90 114 99 0
 86 115 103 0
 94 128 114 0
 76 117 96 0
 76 121 96 0
 80 123 102 0
 92 130 112 0
 103 130 115 0
 111 136 121 0
 108 131 117 0
 112 133 120 0
 115 135 123 0
 101 123 116 0
 108 128 119 0
 109 130 123 0
 100 129 117 0
 94 126 109 0
50 150 100 0
 69 102 84 0
 82 121 104 0
 90 126 108 0
 84 123 102 0
 73 115 95 0
 62 107 89 0
 71 113 95 0
 56 89 75 0
 60 94 80 0
 68 109 94 0
 69 110 91 0
 55 87 72 0
 62 94 83 0
 99 130 119 0
 109 126 110 0
 70 97 80 0
 63 89 78 0
 68 104 99 0
 61 100 92 0
 67 106 96 0
 74 110 99 0
 65 101 88 0
 62 100 86 0
 58 95 79 0
 60 92 77 0
 71 102 90 0
 70 111 95 0
 73 109 92 0
 72 95 88 0
 66 93 81 0
 52 77 64 0
 66 98 82 0
 59 84 71 0
 72 111 99 0
 58 86 76 0
 54 84 73 0
 66 96 84 0
 96 115 101 0
 149 157 146 1
 115 134 119 0
 101 129 115 0
 95 119 106 0
 95 120 105 0
 88 116 104 0
 94 128 113 0
 72 115 92 0
 76 121 98 0
 89 131 111 0
 90 126 109 0
 106 132 117 0
 117 142 126 0
 112 133 119 0
 112 132 119 0
 101 124 115 0
 107 127 120 0
 109 128 119 0
 108 132 123 0
 96 127 113 0
 95 126 111 0
50 150 100 0
 62 89 72 0
 79 119 101 0
 88 127 109 0
 84 125 103 0
 65 106 86 0
 72 115 97 0
 68 109 92 0
 55 90 74 0
 67 99 85 0
 58 95 81 0
 68 109 91 0
 55 85 72 0
 67 99 88 0
 105 132 122 0
 120 133 119 0
 87 112 96 0
 58 81 69 0
 56 92 88 0
 76 117 109 0
 64 103 92 0
 70 107 96 0
 56 92 79 0
 63 100 88 0
 56 92 77 0
 64 98 83 0
 57 88 75 0
 66 99 87 0
 61 97 81 0
 68 93 85 0
 63 89 77 0
 55 80 68 0
 69 100 85 0
 55 79 67 0
 67 104 91 0
 58 86 76 0
 60 90 79 0
 65 97 85 0
 84 109 93 0
 145 156 144 1
 116 138 123 0
 98 125 111 0
 96 120 107 0
 100 126 112 0
 90 120 106 0
 90 125 108 0
 73 116 93 0
 73 117 96 0
 87 127 109 0
 107 136 120 0
 114 140 124 0
 115 138 123 0
 111 131 118 0
 110 133 120 0
 97 120 112 0
 109 129 121 0
 116 136 128 0
 103 130 119 0
 93 124 109 0
 93 126 111 0
50 150 100 0
 65 93 75 0
 76 110 93 0
 85 125 108 0
 87 126 106 0
 67 108 87 0
 71 112 95 0
 57 97 81 0
 66 108 91 0
 63 97 83 0
 59 94 80 0
 66 106 90 0
 64 103 85 0
 60 91 78 0
 89 121 110 0
 174 175 167 1
 83 106 91 0
 47 68 58 0
 68 104 100 0
 78 120 113 0
 67 106 96 0
 66 101 91 0
 59 94 82 0
 65 102 91 0
 46 76 64 0
 55 85 71 0
 69 99 89 0
 61 93 81 0
 48 80 66 0
 73 103 91 0
 69 97 84 0
 53 77 64 0
 64 94 80 0
 59 84 71 0
 56 83 73 0
 70 101 91 0
 56 87 74 0
 67 100 87 0
 95 117 104 0
 148 159 147 1
 105 134 119 0
 91 115 103 0
 100 126 113 0
 99 126 112 0
 91 121 106 0
 82 116 98 0
 71 113 92 0
 77 120 100 0
 91 129 112 0
 106 135 119 0
 113 139 123 0
 116 138 124 0
 111 132 119 0
 105 130 118 0
 100 123 115 0
 109 129 120 0
 115 136 128 0
 100 128 115 0
 95 127 112 0
 85 114 100 0
50 150 100 0
50 150 100 0
 72 103 82 0
 80 119 102 0
 85 122 106 0
 81 120 100 0
 67 107 88 0
 71 112 95 0
 56 95 81 0
 54 86 72 0
 67 104 90 0
 55 92 78 0
 57 94 78 0
 66 99 86 0
 96 122 113 0
 152 153 144 1
 90 110 95 0
 62 83 73 0
 66 96 90 0
 69 108 104 0
 59 98 89 0
 60 96 87 0
 65 99 88 0
 65 100 89 0
 70 100 86 0
 52 80 69 0
 72 105 95 0
 58 86 76 0
 48 74 63 0
 75 104 92 0
 69 100 85 0
 57 81 67 0
 67 97 84 0
 65 94 80 0
 56 81 72 0
 66 95 85 0
 60 89 77 0
 58 90 80 0
 72 105 90 0
 161 171 160 1
 105 131 116 0
 106 132 119 0
 97 125 112 0
 94 123 108 0
 90 120 104 0
 81 118 99 0
 73 115 93 0
 85 127 107 0
 94 128 111 0
 111 138 123 0
 113 137 122 0
 116 137 123 0
 113 136 122 0
 104 129 117 0
 104 126 117 0
 110 128 120 0
 110 134 123 0
 103 131 117 0
 89 120 106 0
50 150 100 0
50 150 100 0
50 150 100 0
 74 106 85 0
 77 112 94 0
 79 117 102 0
 85 124 105 0
 69 108 89 0
 63 103 86 0
 65 107 90 0
 54 85 72 0
 66 106 92 0
 46 81 69 0
 58 93 80 0
 65 96 85 0
 96 124 115 0
 186 174 168 1
 86 104 91 0
 74 99 84 0
 50 75 67 0
 77 115 111 0
 61 99 91 0
 61 97 88 0
 66 101 91 0
 50 76 64 0
 69 100 84 0
 53 80 69 0
 77 113 106 0
 58 85 76 0
 54 77 66 0
 69 97 85 0
 66 98 82 0
 65 91 76 0
 72 105 90 0
 62 91 77 0
 59 86 76 0
 63 88 78 0
 61 88 76 0
 68 100 87 0
 95 122 109 0
 144 155 143 1
 98 122 109 0
 107 135 122 0
 95 125 110 0
 89 118 102 0
 76 104 89 0
 83 121 101 0
 76 119 98 0
 92 130 112 0
 101 130 114 0
 110 137 123 0
 114 136 121 0
 116 137 123 0
 110 135 122 0
 103 126 116 0
 110 130 121 0
 113 134 124 0
 109 134 122 0
 105 133 118 0
 85 115 101 0
50 150 100 0
50 150 100 0
50 150 100 0
50 150 100 0
 73 106 85 0
 76 114 99 0
 80 120 100 0
 55 88 71 0
 65 103 89 0
 54 93 79 0
 68 111 95 0
 56 90 77 0
 65 106 92 0
 58 95 81 0
 58 89 78 0
 95 112 105 0
 160 153 149 1
 106 120 109 0
 78 103 89 0
 65 92 82 0
 72 111 106 0
 56 90 83 0
 54 86 80 0
 75 112 102 0
 58 88 76 0
 74 110 94 0
 60 90 76 0
 74 111 103 0
 65 93 84 0
 55 78 68 0
 66 90 80 0
 54 81 67 0
 85 113 95 0
 68 102 86 0
 73 106 92 0
 61 89 76 0
 62 90 77 0
 53 79 68 0
 57 88 78 0
 77 107 93 0
 133 144 134 1
 116 144 131 0
 95 127 113 0
 92 124 108 0
 86 115 98 0
 96 126 110 0
 86 121 101 0
 82 123 105 0
 100 130 114 0
 105 133 119 0
 113 139 124 0
 117 138 123 0
 115 138 124 0
 111 135 123 0
 107 128 119 0
 115 134 125 0
 113 135 124 0
 114 138 124 0
 97 126 113 0
 13 18 15 0
50 150 100 0
50 150 100 0
50 150 100 0
50 150 100 0
 77 109 88 0
 61 92 75 0
 77 118 100 0
 63 100 81 0
 57 89 73 0
 59 97 85 0
 62 104 89 0
 59 95 83 0
 42 80 67 0
 61 101 86 0
 48 79 68 0
 76 106 96 0
 158 159 155 1
 82 101 91 0
 70 98 84 0
 50 81 74 0
 71 109 101 0
 57 90 83 0
 61 97 89 0
 70 103 98 0
 69 108 98 0
 55 82 70 0
 62 94 80 0
 70 109 96 0
 67 99 94 0
 71 97 86 0
 68 91 78 0
 58 81 69 0
 89 117 98 0
 66 99 84 0
 55 85 72 0
 62 101 82 0
 88 120 105 0
 54 76 65 0
 65 94 83 0
 90 121 107 0
 114 130 117 0
 103 131 119 0
 89 125 110 0
 90 122 105 0
 82 109 93 0
 98 125 110 0
 82 119 102 0
 103 134 118 0
 95 122 107 0
 113 140 127 0
 112 136 122 0
 116 137 123 0
 117 140 126 0
 110 133 121 0
 118 138 127 0
 121 141 129 0
 117 141 127 0
 115 141 128 0
 84 106 96 0
50 150 100 0
50 150 100 0
50 150 100 0
50 150 100 0
50 150 100 0
50 150 100 0
 62 94 75 0
 78 117 100 0
 74 116 96 0
 57 92 74 0
 63 100 88 0
 52 91 78 0
 55 93 79 0
 63 100 90 0
 56 96 81 0
 49 77 68 0
 75 101 94 0
 120 131 126 0
 106 123 115 0
 78 101 90 0
 58 85 74 0
 72 111 101 0
 59 92 84 0
 65 100 91 0
 77 110 104 0
 66 103 92 0
 52 80 69 0
 65 100 85 0
 71 111 97 0
 54 87 85 0
 71 99 87 0
 72 97 80 0
 65 90 75 0
 70 94 80 0
 73 107 92 0
 56 86 74 0
 70 111 95 0
 89 123 107 0
 63 90 76 0
 66 96 84 0
 98 121 108 0
 172 176 171 1
 99 124 112 0
 91 126 110 0
 90 120 103 0
 73 98 84 0
 101 127 113 0
 89 122 106 0
 102 134 118 0
 88 115 101 0
 106 133 121 0
 110 133 121 0
 112 135 122 0
 113 137 124 0
 113 135 123 0
 121 142 129 0
 122 145 131 0
 118 143 129 0
 119 145 132 0
50 150 100 0
50 150 100 0
50 150 100 0
50 150 100 0
50 150 100 0
50 150 100 0
50 150 100 0
 45 71 55 0
 77 115 95 0
 74 117 97 0
 54 92 72 0
 63 100 82 0
 71 109 95 0
 64 105 90 0
 54 91 81 0
 60 100 85 0
 44 78 67 0
 56 80 74 0
 93 107 102 0
 150 154 151 1
 73 97 88 0
 59 84 76 0
 69 105 96 0
 61 95 89 0
 61 95 87 0
 70 103 97 0
 63 97 88 0
 41 68 61 0
 68 105 90 0
 55 89 80 0
 62 94 90 0
 70 101 87 0
 68 91 76 0
 71 99 83 0
 79 102 86 0
 73 107 92 0
 68 102 90 0
 55 91 74 0
 38 67 54 0
 73 108 93 0
 69 103 88 0
 94 119 105 0
 148 155 148 1
 87 111 100 0
 89 122 107 0
 85 110 93 0
 101 123 110 0
 110 136 123 0
 100 131 116 0
 96 127 111 0
 92 119 106 0
 98 125 113 0
 110 132 120 0
 109 131 119 0
 108 131 119 0
 119 141 129 0
 120 140 128 0
 121 143 131 0
 116 139 126 0
 120 145 133 0
50 150 100 0
50 150 100 0
50 150 100 0
50 150 100 0
50 150 100 0
50 150 100 0
50 150 100 0
50 150 100 0
 74 111 89 0
 72 112 94 0
 65 108 87 0
 68 105 86 0
 78 118 103 0
 61 104 89 0
 69 109 96 0
 54 90 79 0
 55 93 82 0
 55 80 73 0
 81 102 97 0
 147 145 143 1
 74 98 89 0
 59 85 77 0
 64 97 89 0
 55 87 81 0
 64 97 88 0
 73 109 101 0
 55 81 75 0
 59 90 80 0
 67 108 94 0
 54 88 78 0
 51 83 80 0
 58 91 79 0
 58 82 68 0
 76 111 91 0
 78 102 83 0
 71 98 85 0
 67 103 92 0
 56 91 77 0
 65 103 87 0
 71 110 94 0
 72 103 88 0
 93 118 105 0
 167 169 163 1
 94 113 102 0
 89 117 103 0
 103 124 110 0
 101 122 109 0
 113 142 127 0
 106 136 121 0
 89 119 103 0
 95 124 112 0
 98 122 111 0
 110 132 120 0
 107 129 118 0
 108 132 120 0
 118 140 128 0
 119 140 128 0
 116 137 125 0
 117 141 129 0
50 150 100 0
50 150 100 0
50 150 100 0
50 150 100 0
50 150 100 0
50 150 100 0
50 150 100 0
50 150 100 0
50 150 100 0
 70 106 85 0
 71 109 91 0
 56 98 77 0
 58 96 76 0
 68 104 89 0
 51 92 77 0
 63 106 90 0
 52 87 78 0
 61 99 88 0
 63 90 82 0
 101 119 116 0
 160 154 152 1
 75 99 91 0
 62 88 79 0
 65 96 87 0
 54 82 77 0
 63 97 89 0
 78 114 105 0
 71 100 92 0
 58 87 79 0
 59 95 84 0
 53 86 76 0
 51 84 77 0
 73 109 97 0
 51 73 60 0
 77 110 90 0
 77 100 82 0
 76 110 100 0
 56 90 80 0
 69 107 91 0
 48 79 66 0
 60 97 82 0
 68 101 86 0
 63 88 76 0
 155 156 147 1
 118 136 125 0
 102 122 107 0
 104 123 109 0
 97 119 107 0
 112 141 126 0
 102 132 117 0
 82 116 100 0
 96 125 112 0
 109 133 121 0
 95 116 105 0
 107 128 118 0
 112 135 123 0
 118 140 128 0
 121 142 130 0
 115 136 124 0
 113 136 126 0
50 150 100 0
50 150 100 0
50 150 100 0
50 150 100 0
50 150 100 0
50 150 100 0
50 150 100 0
50 150 100 0
50 150 100 0
50 150 100 0
 61 95 76 0
 70 107 89 0
 55 92 75 0
 75 110 94 0
 74 115 100 0
 51 89 75 0
 50 83 75 0
 62 97 87 0
 57 89 81 0
 95 117 113 0
 163 150 150 1
 91 107 100 0
 62 88 79 0
 67 98 88 0
 61 88 82 0
 60 90 84 0
 71 110 102 0
 74 107 98 0
 61 90 82 0
 54 86 80 0
 56 89 81 0
 45 77 69 0
 68 101 90 0
 49 68 56 0
 74 107 89 0
 73 99 79 0
 76 105 93 0
 78 115 104 0
 66 102 87 0
 56 85 72 0
 60 95 82 0
 64 100 86 0
 71 101 88 0
 88 125 111 0
 111 125 116 0
 108 124 110 0
 101 119 106 0
 105 131 118 0
 101 130 115 0
 88 121 105 0
 84 118 103 0
 100 126 113 0
 106 129 117 0
 101 121 111 0
 111 133 121 0
 114 136 124 0
 118 140 128 0
 121 143 131 0
 116 139 129 0
50 150 100 0
50 150 100 0
50 150 100 0
50 150 100 0
50 150 100 0
50 150 100 0
50 150 100 0
50 150 100 0
50 150 100 0
50 150 100 0
50 150 100 0
 63 97 79 0
 75 113 95 0
 59 92 76 0
 74 112 95 0
 74 112 96 0
 56 95 80 0
 63 98 88 0
 56 86 78 0
 73 102 100 0
 59 84 80 0
 175 158 157 1
 76 102 93 0
 67 96 86 0
 57 88 78 0
 60 88 83 0
 53 77 72 0
 65 101 94 0
 68 101 94 0
 63 94 86 0
 44 71 68 0
 59 92 84 0
 47 79 72 0
 64 97 86 0
 58 78 67 0
 71 104 87 0
 75 101 85 0
 61 90 81 0
 64 100 91 0
 63 98 83 0
 62 92 79 0
 60 96 85 0
 70 104 91 0
 78 118 103 0
 128 137 126 0
 169 176 169 1
 109 123 110 0
 97 116 104 0
 98 126 113 0
 99 130 116 0
 82 116 100 0
 82 117 102 0
 107 132 120 0
 107 129 117 0
 109 130 118 0
 113 135 123 0
 114 137 125 0
 116 139 127 0
 116 139 128 0
 89 114 105 0
50 150 100 0
50 150 100 0
50 150 100 0
50 150 100 0
50 150 100 0
50 150 100 0
50 150 100 0
50 150 100 0
50 150 100 0
50 150 100 0
50 150 100 0
50 150 100 0
 68 105 86 0
 52 80 69 0
 63 94 81 0
 76 117 100 0
 70 109 94 0
 65 104 92 0
 59 90 83 0
 56 84 78 0
 78 101 101 0
 118 121 117 0
 88 110 101 0
 69 100 90 0
 52 84 74 0
 63 93 87 0
 66 93 89 0
 61 92 85 0
 56 86 77 0
 63 92 84 0
 54 83 77 0
 52 84 75 0
 58 87 80 0
 50 76 69 0
 79 110 95 0
 59 83 70 0
 74 102 86 0
 61 84 74 0
 68 99 93 0
 60 94 80 0
 59 88 77 0
 61 97 86 0
 68 103 90 0
 73 110 95 0
 141 147 137 1
 104 115 103 0
 109 124 111 0
 96 114 103 0
 95 124 113 0
 95 128 113 0
 74 110 94 0
 98 126 114 0
 104 127 116 0
 109 132 120 0
 105 125 113 0
 114 135 124 0
 116 139 127 0
 110 134 124 0
 113 137 127 0
50 150 100 0
50 150 100 0
50 150 100 0
50 150 100 0
50 150 100 0
50 150 100 0
50 150 100 0
50 150 100 0
50 150 100 0
50 150 100 0
50 150 100 0
50 150 100 0
50 150 100 0
 43 74 59 0
 70 108 89 0
 62 93 80 0
 83 126 107 0
 67 106 90 0
 65 105 94 0
 54 85 77 0
 70 102 96 0
 68 92 92 0
 121 136 132 0
 155 142 139 1
 69 99 90 0
 54 85 76 0
 68 100 94 0
 55 80 74 0
 64 94 88 0
 74 110 103 0
 46 71 65 0
 56 84 77 0
 70 105 95 0
 60 87 80 0
 68 95 87 0
 75 107 93 0
 65 91 79 0
 74 105 89 0
 62 81 72 0
 64 94 88 0
 59 91 78 0
 55 80 72 0
 56 91 81 0
 64 97 86 0
 62 98 85 0
 110 128 114 0
 174 168 160 1
 99 114 101 0
 102 125 112 0
 92 121 107 0
 63 95 80 0
 77 114 98 0
 94 123 112 0
 99 120 110 0
 112 133 123 0
 108 129 118 0
 112 134 124 0
 107 130 121 0
 113 138 129 0
 115 139 130 0
50 150 100 0
50 150 100 0
50 150 100 0
50 150 100 0
50 150 100 0
50 150 100 0
50 150 100 0
50 150 100 0
50 150 100 0
50 150 100 0
50 150 100 0
50 150 100 0
50 150 100 0
50 150 100 0
 60 97 79 0
 59 96 78 0
 67 104 88 0
 78 117 100 0
 63 103 89 0
 53 82 74 0
 69 104 97 0
 70 99 97 0
 91 118 113 0
 123 125 119 1
 72 103 95 0
 58 91 83 0
 60 95 84 0
 58 90 83 0
 58 82 77 0
 67 100 96 0
 53 77 73 0
 56 81 76 0
 57 88 81 0
 54 79 74 0
 79 109 98 0
 62 87 76 0
 67 97 82 0
 61 86 74 0
 73 95 89 0
 69 103 93 0
 56 73 66 0
 55 82 75 0
 65 101 91 0
 61 93 83 0
 52 89 79 0
 82 114 99 0
 96 108 96 0
 107 125 115 0
 100 124 112 0
 97 125 111 0
 67 100 86 0
 78 115 101 0
 91 120 111 0
 103 123 113 0
 110 130 120 0
 101 120 110 0
 111 134 124 0
 103 126 118 0
 113 137 128 0
 0 0 0 0
50 150 100 0
50 150 100 0
50 150 100 0
50 150 100 0
50 150 100 0
50 150 100 0
50 150 100 0
50 150 100 0
50 150 100 0
50 150 100 0
50 150 100 0
50 150 100 0
50 150 100 0
50 150 100 0
 79 121 100 0
 56 94 74 0
 57 95 78 0
 66 105 89 0
 77 120 104 0
 51 81 71 0
 69 104 94 0
 63 94 90 0
 75 100 97 0
 117 121 117 1
 76 110 102 0
 54 83 77 0
 51 83 73 0
 61 92 85 0
 57 80 76 0
 60 88 88 0
 59 82 77 0
 53 78 73 0
 54 79 74 0
 49 70 65 0
 81 110 100 0
 63 87 76 0
 64 94 82 0
 61 85 75 0
 72 95 87 0
 69 103 93 0
 59 81 70 0
 56 78 70 0
 55 88 79 0
 48 81 72 0
 72 111 94 0
 117 130 118 0
 107 117 107 0
 99 118 107 0
 93 118 106 0
 92 122 107 0
 71 103 89 0
 90 121 111 0
 88 114 103 0
 107 128 117 0
 109 129 118 0
 107 126 117 0
 114 137 128 0
 104 128 119 0
 104 128 119 0
50 150 100 0
50 150 100 0
50 150 100 0
50 150 100 0
50 150 100 0
50 150 100 0
50 150 100 0
50 150 100 0
50 150 100 0
50 150 100 0
50 150 100 0
50 150 100 0
50 150 100 0
50 150 100 0
50 150 100 0
 14 25 18 0
 73 112 91 0
 56 94 75 0
 75 115 99 0
 69 110 94 0
 56 87 76 0
 53 83 73 0
 54 83 78 0
 76 104 100 0
 144 144 142 1
 88 107 102 0
 56 87 80 0
 54 83 76 0
 53 78 73 0
 59 83 77 0
 64 88 86 0
 57 81 76 0
 71 98 92 0
 53 75 69 0
 65 92 84 0
 80 106 96 0
 60 80 70 0
 63 90 79 0
 60 84 72 0
 71 101 93 0
 57 89 76 0
 68 89 80 0
 59 85 76 0
 55 85 75 0
 49 80 72 0
 71 103 90 0
 139 143 134 1
 180 175 168 1
 93 119 109 0
 111 132 122 0
 69 96 82 0
 77 106 95 0
 85 114 105 0
 104 125 114 0
 112 134 122 0
 108 128 116 0
 111 132 122 0
 111 135 125 0
 104 127 118 0
50 150 100 0
50 150 100 0
50 150 100 0
50 150 100 0
50 150 100 0
50 150 100 0
50 150 100 0
50 150 100 0
50 150 100 0
50 150 100 0
50 150 100 0
50 150 100 0
50 150 100 0
50 150 100 0
50 150 100 0
50 150 100 0
50 150 100 0
 73 107 88 0
 51 85 68 0
 69 112 97 0
 65 106 91 0
 69 102 90 0
 68 101 92 0
 50 75 70 0
 76 104 99 0
 138 141 134 1
 65 85 80 0
 48 76 70 0
 69 105 96 0
 55 83 76 0
 68 96 90 0
 61 86 82 0
 68 98 93 0
 58 83 77 0
 69 97 85 0
 58 78 72 0
 66 91 84 0
 61 82 72 0
 67 97 84 0
 65 92 79 0
 70 98 87 0
 50 79 70 0
 62 83 75 0
 60 85 77 0
 46 70 62 0
 55 86 78 0
 63 95 83 0
 106 120 110 0
 112 125 116 0
 91 117 107 0
 86 105 97 0
 85 114 100 0
 84 114 101 0
 93 120 109 0
 107 129 118 0
 112 133 121 0
 111 129 119 0
 111 132 123 0
 107 131 121 0
 104 125 117 0
50 150 100 0
50 150 100 0
50 150 100 0
50 150 100 0
50 150 100 0
50 150 100 0
50 150 100 0
50 150 100 0
50 150 100 0
50 150 100 0
50 150 100 0
50 150 100 0
50 150 100 0
50 150 100 0
50 150 100 0
50 150 100 0
50 150 100 0
 78 108 92 0
 86 123 105 0
 66 104 89 0
 52 92 77 0
 62 100 85 0
 68 99 90 0
 58 89 82 0
 78 114 107 0
 109 124 118 0
 92 103 96 0
 60 83 78 0
 64 104 93 0
 52 78 71 0
 69 104 93 0
 59 82 77 0
 59 86 80 0
 51 73 66 0
 67 94 83 0
 67 92 83 0
 56 76 71 0
 79 103 98 0
 63 93 78 0
 62 90 76 0
 54 79 69 0
 61 91 80 0
 64 89 78 0
 64 89 78 0
 60 84 75 0
 63 96 85 0
 56 88 74 0
 85 108 95 0
 148 153 145 1
 96 117 109 0
 152 165 159 0
 79 108 95 0
 88 118 105 0
 101 125 113 0
 106 127 116 0
 112 130 120 0
 111 128 119 0
 114 135 126 0
 111 133 123 0
50 150 100 0
50 150 100 0
50 150 100 0
50 150 100 0
50 150 100 0
50 150 100 0
50 150 100 0
50 150 100 0
50 150 100 0
50 150 100 0
50 150 100 0
50 150 100 0
50 150 100 0
50 150 100 0
50 150 100 0
50 150 100 0
50 150 100 0
50 150 100 0
50 150 100 0
 85 120 106 0
 46 78 63 0
 50 87 74 0
 62 99 84 0
 62 91 81 0
 62 91 85 0
 74 111 103 0
 140 143 136 1
 91 101 93 0
 57 77 73 0
 64 102 93 0
 56 92 80 0
 51 75 68 0
 63 99 85 0
 56 78 72 0
 54 77 70 0
 53 76 67 0
 68 94 85 0
 65 85 79 0
 53 68 64 0
 58 84 72 0
 56 81 68 0
 51 74 65 0
 61 91 79 0
 63 92 78 0
 57 79 69 0
 56 81 72 0
 68 104 90 0
 66 95 81 0
 121 133 122 0
 176 170 166 1
 119 135 127 0
 90 113 101 0
 76 106 93 0
 92 120 107 0
 103 125 114 0
 104 124 113 0
 112 131 121 0
 112 133 122 0
 114 136 125 0
 102 120 112 0
50 150 100 0
50 150 100 0
50 150 100 0
50 150 100 0
50 150 100 0
50 150 100 0
50 150 100 0
50 150 100 0
50 150 100 0
50 150 100 0
50 150 100 0
50 150 100 0
50 150 100 0
50 150 100 0
50 150 100 0
50 150 100 0
50 150 100 0
50 150 100 0
50 150 100 0
 81 116 103 0
 68 102 87 0
 70 110 92 0
 64 97 82 0
 60 89 78 0
 53 77 71 0
 68 105 98 0
 83 119 109 0
 160 154 147 1
 75 90 83 0
 61 94 85 0
 63 95 85 0
 74 103 93 0
 55 92 77 0
 50 72 64 0
 63 85 77 0
 58 80 69 0
 61 83 74 0
 69 94 83 0
 67 82 78 0
 73 104 89 0
 58 84 70 0
 65 93 80 0
 58 88 75 0
 56 87 73 0
 61 88 76 0
 60 86 77 0
 66 104 89 0
 70 98 84 0
 92 115 102 0
 147 148 144 1
 109 120 113 1
 95 118 106 0
 80 110 97 0
 97 122 110 0
 100 121 111 0
 103 122 112 0
 107 126 116 0
 107 127 117 0
 111 131 121 0
 15 20 17 0
50 150 100 0
50 150 100 0
50 150 100 0
50 150 100 0
50 150 100 0
50 150 100 0
50 150 100 0
50 150 100 0
50 150 100 0
50 150 100 0
50 150 100 0
50 150 100 0
50 150 100 0
50 150 100 0
50 150 100 0
50 150 100 0
50 150 100 0
50 150 100 0
50 150 100 0
50 150 100 0
 62 94 80 0
 62 97 81 0
 56 84 72 0
 72 106 94 0
 49 67 62 0
 67 100 93 0
 75 111 102 0
 213 185 179 1
 87 101 92 0
 59 80 73 0
 45 77 66 0
 62 94 84 0
 52 89 75 0
 53 75 66 0
 59 80 71 0
 45 66 56 0
 66 90 81 0
 62 83 74 0
 83 105 101 0
 71 94 85 0
 60 91 78 0
 65 98 86 0
 55 85 72 0
 70 103 88 0
 68 100 87 0
 60 89 77 0
 61 97 83 0
 73 107 92 0
 88 107 96 0
 160 158 156 1
 115 124 118 0
 85 109 96 0
 91 122 109 0
 97 120 110 0
 97 115 106 0
 110 130 121 0
 106 125 114 0
 109 129 118 0
 102 119 109 0
50 150 100 0
50 150 100 0
50 150 100 0
50 150 100 0
50 150 100 0
50 150 100 0
50 150 100 0
50 150 100 0
50 150 100 0
50 150 100 0
50 150 100 0
50 150 100 0
50 150 100 0
50 150 100 0
50 150 100 0
50 150 100 0
50 150 100 0
50 150 100 0
50 150 100 0
50 150 100 0
50 150 100 0
 69 100 87 0
 65 97 84 0
 51 76 64 0
 59 87 76 0
 53 80 71 0
 65 99 92 0
 88 107 99 0
 156 147 139 1
 76 95 82 0
 46 67 58 0
 61 91 81 0
 53 81 72 0
 63 102 90 0
 44 66 57 0
 59 79 70 0
 54 75 66 0
 60 84 76 0
 47 68 59 0
 63 79 73 0
 69 88 81 0
 53 80 71 0
 59 93 82 0
 47 75 62 0
 51 80 68 0
 41 68 56 0
 56 86 73 0
 52 83 72 0
 66 93 80 0
 102 113 107 0
 196 186 189 1
 112 124 115 0
 90 110 99 0
 92 119 108 0
 96 117 108 0
 106 124 115 0
 109 130 122 0
 105 125 117 0
 111 131 119 0
50 150 100 0
50 150 100 0
50 150 100 0
50 150 100 0
50 150 100 0
50 150 100 0
50 150 100 0
50 150 100 0
50 150 100 0
50 150 100 0
50 150 100 0
50 150 100 0
50 150 100 0
50 150 100 0
50 150 100 0
50 150 100 0
50 150 100 0
50 150 100 0
50 150 100 0
50 150 100 0
50 150 100 0
50 150 100 0
50 150 100 0
 51 73 64 0
 54 82 70 0
 65 94 80 0
 54 81 71 0
 68 99 89 0
 74 109 98 0
 128 129 118 1
 65 79 67 0
 51 70 62 0
 45 71 61 0
 70 100 91 0
 48 74 65 0
 59 94 84 0
 52 72 64 0
 54 73 66 0
 62 85 78 0
 62 85 74 0
 58 72 66 0
 74 93 86 0
 53 75 70 0
 58 92 82 0
 60 90 78 0
 43 67 59 0
 61 93 82 0
 67 99 86 0
 59 91 79 0
 72 96 87 0
 112 123 117 0
 147 147 145 1
 101 114 103 0
 147 155 154 0
 108 128 119 0
 102 120 113 0
 102 122 114 0
 105 126 118 0
 106 127 116 0
 104 124 113 0
50 150 100 0
50 150 100 0
50 150 100 0
50 150 100 0
50 150 100 0
50 150 100 0
50 150 100 0
50 150 100 0
50 150 100 0
50 150 100 0
50 150 100 0
50 150 100 0
50 150 100 0
50 150 100 0
50 150 100 0
50 150 100 0
50 150 100 0
50 150 100 0
50 150 100 0
50 150 100 0
50 150 100 0
50 150 100 0
50 150 100 0
 68 99 87 0
 54 81 70 0
 67 101 85 0
 50 75 65 0
 65 98 88 0
 70 110 96 0
 90 108 96 0
 78 85 75 0
 69 92 83 0
 49 71 64 0
 63 90 81 0
 64 91 83 0
 54 85 77 0
 59 80 72 0
 64 82 75 0
 71 95 88 0
 59 80 72 0
 71 85 79 0
 61 82 73 0
 64 82 76 0
 44 69 61 0
 55 85 75 0
 58 83 76 0
 63 95 84 0
 61 93 81 0
 55 81 73 0
 67 93 85 0
 80 100 91 0
 150 142 138 1
 100 108 98 0
 140 151 148 0
 104 124 114 0
 106 125 116 0
 98 120 113 0
 103 124 114 0
 94 116 105 0
50 150 100 0
50 150 100 0
50 150 100 0
50 150 100 0
50 150 100 0
50 150 100 0
50 150 100 0
50 150 100 0
50 150 100 0
50 150 100 0
50 150 100 0
50 150 100 0
50 150 100 0
50 150 100 0
50 150 100 0
50 150 100 0
50 150 100 0
50 150 100 0
50 150 100 0
50 150 100 0
50 150 100 0
50 150 100 0
50 150 100 0
50 150 100 0
50 150 100 0
 64 99 84 0
 48 76 64 0
 67 102 90 0
 61 89 80 0
 57 91 80 0
 75 90 79 0
 123 122 112 1
 57 70 62 0
 59 77 70 0
 59 84 77 0
 52 75 67 0
 57 85 78 0
 52 72 65 0
 61 81 72 0
 54 74 66 0
 65 86 78 0
 62 78 72 0
 66 87 78 0
 40 59 54 0
 58 86 78 0
 49 68 61 0
 71 101 92 0
 64 98 85 0
 58 87 77 0
 58 81 76 0
 67 90 83 0
 83 97 87 0
 143 137 129 1
 110 117 105 0
 102 119 112 0
 90 111 103 0
 104 125 115 0
 97 119 110 0
 100 123 112 0
 103 126 114 0
50 150 100 0
50 150 100 0
50 150 100 0
50 150 100 0
50 150 100 0
50 150 100 0
50 150 100 0
50 150 100 0
50 150 100 0
50 150 100 0
50 150 100 0
50 150 100 0
50 150 100 0
50 150 100 0
50 150 100 0
50 150 100 0
50 150 100 0
50 150 100 0
50 150 100 0
50 150 100 0
50 150 100 0
50 150 100 0
50 150 100 0
50 150 100 0
50 150 100 0
 56 85 72 0
 46 72 61 0
 69 105 92 0
 55 80 72 0
 61 90 81 0
 57 70 62 0
 142 128 120 1
 89 100 84 0
 50 66 59 0
 70 102 89 0
 56 82 72 0
 56 84 76 0
 57 73 66 0
 60 79 72 0
 61 79 71 0
 54 72 67 0
 73 95 87 0
 74 103 91 0
 57 75 68 0
 50 71 67 0
 53 78 69 0
 63 89 80 0
 58 88 77 0
 48 73 65 0
 66 93 86 0
 65 82 75 0
 99 105 95 0
 150 138 130 1
 124 133 123 0
 96 114 106 0
 95 115 106 0
 96 114 104 0
 105 125 116 0
 104 126 116 0
50 150 100 0
50 150 100 0
50 150 100 0
50 150 100 0
50 150 100 0
50 150 100 0
50 150 100 0
50 150 100 0
50 150 100 0
50 150 100 0
50 150 100 0
50 150 100 0
50 150 100 0
50 150 100 0
50 150 100 0
50 150 100 0
50 150 100 0
50 150 100 0
50 150 100 0
50 150 100 0
50 150 100 0
50 150 100 0
50 150 100 0
50 150 100 0
50 150 100 0
50 150 100 0
50 150 100 0
 46 68 58 0
 69 108 93 0
 56 84 75 0
 59 87 78 0
 63 93 80 0
 145 137 126 1
 76 92 77 0
 54 69 59 0
 62 90 78 0
 60 86 76 0
 50 74 66 0
 54 69 62 0
 56 71 65 0
 59 73 68 0
 58 74 69 0
 68 89 85 0
 61 90 81 0
 53 71 65 0
 60 91 81 0
 42 63 55 0
 56 84 71 0
 61 89 79 0
 57 82 76 0
 57 77 72 0
 74 86 78 0
 76 83 76 0
 168 158 151 1
 105 118 110 0
 94 115 105 0
 99 120 108 0
 100 119 109 0
 98 117 108 0
 92 114 105 0
50 150 100 0
50 150 100 0
50 150 100 0
50 150 100 0
50 150 100 0
50 150 100 0
50 150 100 0
50 150 100 0
50 150 100 0
50 150 100 0
50 150 100 0
50 150 100 0
50 150 100 0
50 150 100 0
50 150 100 0
50 150 100 0
50 150 100 0
50 150 100 0
50 150 100 0
50 150 100 0
50 150 100 0
50 150 100 0
50 150 100 0
50 150 100 0
50 150 100 0
50 150 100 0
50 150 100 0
 54 78 67 0
 67 100 87 0
 47 69 62 0
 65 94 86 0
 50 75 65 0
 80 94 84 0
 112 109 95 0
 64 82 67 0
 57 73 63 0
 43 64 54 0
 54 78 70 0
 57 73 66 0
 64 75 71 0
 75 88 83 0
 56 68 62 0
 56 72 70 0
 64 91 83 0
 61 85 77 0
 57 78 74 0
 55 83 72 0
 59 91 79 0
 56 81 74 0
 54 77 72 0
 58 76 72 0
 66 77 72 0
 84 90 82 0
 129 123 117 1
 95 112 106 0
 97 119 107 0
 93 114 103 0
 93 116 105 0
 94 113 106 0
50 150 100 0
50 150 100 0
50 150 100 0
50 150 100 0
50 150 100 0
50 150 100 0
50 150 100 0
50 150 100 0
50 150 100 0
50 150 100 0
50 150 100 0
50 150 100 0
50 150 100 0
50 150 100 0
50 150 100 0
50 150 100 0
50 150 100 0
50 150 100 0
50 150 100 0
50 150 100 0
50 150 100 0
50 150 100 0
50 150 100 0
50 150 100 0
50 150 100 0
50 150 100 0
50 150 100 0
50 150 100 0
50 150 100 0
 62 90 75 0
 49 74 65 0
 62 86 78 0
 56 82 72 0
 68 85 76 0
 97 101 91 0
 78 106 92 0
 54 67 56 0
 51 70 62 0
 73 98 90 0
 55 74 67 0
 74 84 78 0
 73 85 77 0
 51 60 55 0
 59 77 73 0
 64 90 83 0
 86 116 109 0
 58 84 77 0
 49 64 59 0
 48 73 64 0
 43 63 57 0
 56 75 69 0
 60 75 71 0
 68 77 72 0
 89 93 84 0
 135 135 131 1
 101 122 112 0
 91 112 101 0
 103 125 113 0
 90 112 102 0
 93 107 100 0
50 150 100 0
50 150 100 0
50 150 100 0
50 150 100 0
50 150 100 0
50 150 100 0
50 150 100 0
50 150 100 0
50 150 100 0
50 150 100 0
50 150 100 0
50 150 100 0
50 150 100 0
50 150 100 0
50 150 100 0
50 150 100 0
50 150 100 0
50 150 100 0
50 150 100 0
50 150 100 0
50 150 100 0
50 150 100 0
50 150 100 0
50 150 100 0
50 150 100 0
50 150 100 0
50 150 100 0
50 150 100 0
50 150 100 0
 62 90 74 0
 48 72 59 0
 46 67 57 0
 60 84 73 0
 42 57 50 0
 160 157 148 1
 71 94 83 0
 57 72 63 0
 62 86 77 0
 51 72 67 0
 73 99 90 0
 69 83 74 0
 58 65 60 0
 65 77 74 0
 61 77 73 0
 50 69 64 0
 50 74 69 0
 53 79 71 0
 63 88 79 0
 52 79 70 0
 44 62 56 0
 54 70 64 0
 56 69 65 0
 68 79 72 0
 87 90 84 0
 126 130 127 1
 102 120 110 0
 88 107 97 0
 94 115 105 0
 86 98 93 0
 13 16 14 0
50 150 100 0
50 150 100 0
50 150 100 0
50 150 100 0
50 150 100 0
50 150 100 0
50 150 100 0
50 150 100 0
50 150 100 0
50 150 100 0
50 150 100 0
50 150 100 0
50 150 100 0
50 150 100 0
50 150 100 0
50 150 100 0
50 150 100 0
50 150 100 0
50 150 100 0
50 150 100 0
50 150 100 0
50 150 100 0
50 150 100 0
50 150 100 0
50 150 100 0
50 150 100 0
50 150 100 0
50 150 100 0
50 150 100 0
50 150 100 0
 68 105 89 0
 58 80 70 0
 66 88 78 0
 67 81 74 0
 115 118 109 1
 52 75 63 0
 51 66 59 0
 57 82 72 0
 35 56 51 0
 51 73 68 0
 61 81 71 0
 53 60 56 0
 67 77 73 0
 68 90 81 0
 66 87 80 0
 40 58 54 0
 51 74 68 0
 63 88 79 0
 53 74 65 0
 45 61 55 0
 46 59 54 0
 57 69 65 0
 69 80 73 0
 111 118 113 0
 148 147 145 1
 98 115 106 0
 94 115 105 0
 89 105 98 0
 106 113 117 0
50 150 100 0
50 150 100 0
50 150 100 0
50 150 100 0
50 150 100 0
50 150 100 0
50 150 100 0
50 150 100 0
50 150 100 0
50 150 100 0
50 150 100 0
50 150 100 0
50 150 100 0
50 150 100 0
50 150 100 0
50 150 100 0
50 150 100 0
50 150 100 0
50 150 100 0
50 150 100 0
50 150 100 0
50 150 100 0
50 150 100 0
50 150 100 0
50 150 100 0
50 150 100 0
50 150 100 0
50 150 100 0
50 150 100 0
50 150 100 0
50 150 100 0
 58 80 70 0
 48 67 58 0
 74 96 83 0
 64 78 70 0
 170 158 153 1
 86 103 89 0
 50 67 58 0
 56 74 67 0
 45 63 59 0
 49 67 62 0
 59 85 74 0
 47 57 50 0
 56 64 59 0
 61 79 68 0
 52 61 56 0
 54 72 63 0
 61 79 76 0
 62 85 75 0
 57 71 67 0
 57 73 66 0
 54 68 61 0
 59 71 66 0
 58 74 68 0
 78 99 92 0
 171 162 162 1
 89 104 95 0
 106 124 121 0
 89 102 99 0
 0 0 0 0
50 150 100 0
50 150 100 0
50 150 100 0
50 150 100 0
50 150 100 0
50 150 100 0
50 150 100 0
50 150 100 0
50 150 100 0
50 150 100 0
50 150 100 0
50 150 100 0
50 150 100 0
50 150 100 0
50 150 100 0
50 150 100 0
50 150 100 0
50 150 100 0
50 150 100 0
50 150 100 0
50 150 100 0
50 150 100 0
50 150 100 0
50 150 100 0
50 150 100 0
50 150 100 0
50 150 100 0
50 150 100 0
50 150 100 0
50 150 100 0
50 150 100 0
50 150 100 0
 59 83 70 0
 54 66 59 0
 54 65 57 0
 130 123 119 1
 104 117 105 0
 44 59 51 0
 54 77 68 0
 63 82 76 0
 49 67 60 0
 47 63 55 0
 63 76 67 0
 53 59 56 0
 60 78 69 0
 51 65 54 0
 75 96 87 0
 50 65 62 0
 54 71 62 0
 84 98 95 0
 57 70 65 0
 52 63 58 0
 63 78 73 0
 64 86 80 0
 92 108 101 0
 134 133 130 1
 92 105 96 0
 84 101 103 0
 108 119 126 0
50 150 100 0
50 150 100 0
50 150 100 0
50 150 100 0
50 150 100 0
50 150 100 0
50 150 100 0
50 150 100 0
50 150 100 0
50 150 100 0
50 150 100 0
50 150 100 0
50 150 100 0
50 150 100 0
50 150 100 0
50 150 100 0
50 150 100 0
50 150 100 0
50 150 100 0
50 150 100 0
50 150 100 0
50 150 100 0
50 150 100 0
50 150 100 0
50 150 100 0
50 150 100 0
50 150 100 0
50 150 100 0
50 150 100 0
50 150 100 0
50 150 100 0
50 150 100 0
50 150 100 0
 50 70 58 0
 64 85 71 0
 58 73 64 0
 91 91 86 0
 106 112 99 0
 69 82 70 0
 52 74 65 0
 55 75 70 0
 41 55 49 0
 51 76 67 0
 60 73 68 0
 52 58 55 0
 51 64 59 0
 67 84 73 0
 55 76 66 0
 58 70 65 0
 63 83 75 0
 56 70 62 0
 54 65 60 0
 55 65 61 0
 57 74 69 0
 61 82 77 0
 90 109 100 0
 154 148 143 1
 75 90 86 0
 96 112 115 0
 0 0 0 0
50 150 100 0
50 150 100 0
50 150 100 0
50 150 100 0
50 150 100 0
50 150 100 0
50 150 100 0
50 150 100 0
50 150 100 0
50 150 100 0
50 150 100 0
50 150 100 0
50 150 100 0
50 150 100 0
50 150 100 0
50 150 100 0
50 150 100 0
50 150 100 0
50 150 100 0
50 150 100 0
50 150 100 0
50 150 100 0
50 150 100 0
50 150 100 0
50 150 100 0
50 150 100 0
50 150 100 0
50 150 100 0
50 150 100 0
50 150 100 0
50 150 100 0
50 150 100 0
50 150 100 0
 41 55 45 0
 58 80 67 0
 42 56 46 0
 64 70 63 0
 179 164 161 1
 70 81 68 0
 40 57 50 0
 55 76 68 0
 47 59 54 0
 53 68 62 0
 39 52 47 0
 50 60 53 0
 43 51 48 0
 44 60 51 0
 41 59 49 0
 61 77 69 0
 47 61 54 0
 54 67 59 0
 52 61 55 0
 58 73 69 0
 62 85 79 0
 58 81 75 0
 79 101 91 0
 139 136 130 1
 67 79 78 0
 86 100 99 0
50 150 100 0
50 150 100 0
50 150 100 0
50 150 100 0
50 150 100 0
50 150 100 0
50 150 100 0
50 150 100 0
50 150 100 0
50 150 100 0
50 150 100 0
50 150 100 0
50 150 100 0
50 150 100 0
50 150 100 0
50 150 100 0
50 150 100 0
50 150 100 0
50 150 100 0
50 150 100 0
50 150 100 0
50 150 100 0
50 150 100 0
50 150 100 0
50 150 100 0
50 150 100 0
50 150 100 0
50 150 100 0
50 150 100 0
50 150 100 0
50 150 100 0
50 150 100 0
50 150 100 0
50 150 100 0
50 150 100 0
 63 78 70 0
 58 76 65 0
 75 86 81 0
 128 125 119 1
 79 91 76 0
 53 66 56 0
 43 57 51 0
 56 70 64 0
 103 119 115 0
 45 56 52 0
 54 68 61 0
 54 65 61 0
 54 77 65 0
 41 57 47 0
 53 68 58 0
 55 67 60 0
 48 59 52 0
 54 66 59 0
 49 66 61 0
 54 74 70 0
 57 82 76 0
 83 110 100 0
 131 131 128 1
 89 105 102 0
 23 26 25 0
50 150 100 0
50 150 100 0
50 150 100 0
50 150 100 0
50 150 100 0
50 150 100 0
50 150 100 0
50 150 100 0
50 150 100 0
50 150 100 0
50 150 100 0
50 150 100 0
50 150 100 0
50 150 100 0
50 150 100 0
50 150 100 0
50 150 100 0
50 150 100 0
50 150 100 0
50 150 100 0
50 150 100 0
50 150 100 0
50 150 100 0
50 150 100 0
50 150 100 0
50 150 100 0
50 150 100 0
50 150 100 0
50 150 100 0
50 150 100 0
50 150 100 0
50 150 100 0
50 150 100 0
50 150 100 0
50 150 100 0
 36 44 39 0
 49 61 55 0
 61 68 65 0
 123 117 114 1
 70 83 69 0
 63 81 68 0
 52 62 56 0
 39 51 47 0
 52 66 60 0
 38 46 42 0
 46 57 51 0
 60 82 71 0
 46 66 54 0
 51 66 56 0
 43 53 46 0
 41 50 46 0
 48 58 52 0
 56 77 68 0
 47 63 58 0
 60 79 73 0
 48 65 61 0
 80 99 92 0
 132 132 132 1
 72 85 83 0
50 150 100 0
50 150 100 0
50 150 100 0
50 150 100 0
50 150 100 0
50 150 100 0
50 150 100 0
50 150 100 0
50 150 100 0
50 150 100 0
50 150 100 0
50 150 100 0
50 150 100 0
50 150 100 0
50 150 100 0
50 150 100 0
50 150 100 0
50 150 100 0
50 150 100 0
50 150 100 0
50 150 100 0
50 150 100 0
50 150 100 0
50 150 100 0
50 150 100 0
50 150 100 0
50 150 100 0
50 150 100 0
50 150 100 0
50 150 100 0
50 150 100 0
50 150 100 0
50 150 100 0
50 150 100 0
50 150 100 0
50 150 100 0
50 150 100 0
 60 69 61 0
 78 84 81 0
 126 115 112 1
 66 72 61 0
 57 81 66 0
 45 55 45 0
 45 55 49 0
 57 70 65 0
 40 48 44 0
 58 73 66 0
 55 76 67 0
 47 61 50 0
 44 55 48 0
 55 63 58 0
 49 59 56 0
 49 61 54 0
 48 67 61 0
 52 67 62 0
 52 73 66 0
 59 77 73 0
 88 90 85 0
 163 155 162 1
 0 0 0 0
50 150 100 0
50 150 100 0
50 150 100 0
50 150 100 0
50 150 100 0
50 150 100 0
50 150 100 0
50 150 100 0
50 150 100 0
50 150 100 0
50 150 100 0
50 150 100 0
50 150 100 0
50 150 100 0
50 150 100 0
50 150 100 0
50 150 100 0
50 150 100 0
50 150 100 0
50 150 100 0
50 150 100 0
50 150 100 0
50 150 100 0
50 150 100 0
50 150 100 0
50 150 100 0
50 150 100 0
50 150 100 0
50 150 100 0
50 150 100 0
50 150 100 0
50 150 100 0
50 150 100 0
50 150 100 0
50 150 100 0
50 150 100 0
50 150 100 0
 53 61 54 0
 77 86 79 0
 101 94 88 0
 64 69 62 0
 62 84 73 0
 52 65 54 0
 45 57 48 0
 48 60 52 0
 51 62 55 0
 46 53 49 0
 46 64 55 0
 46 59 50 0
 48 59 53 0
 42 50 46 0
 62 77 75 0
 43 57 53 0
 45 58 54 0
 59 75 70 0
 50 68 63 0
 62 82 75 0
 146 128 134 1
 89 93 93 0
50 150 100 0
50 150 100 0
50 150 100 0
50 150 100 0
50 150 100 0
50 150 100 0
50 150 100 0
50 150 100 0
50 150 100 0
50 150 100 0
50 150 100 0
50 150 100 0
50 150 100 0
50 150 100 0
50 150 100 0
50 150 100 0
50 150 100 0
50 150 100 0
50 150 100 0
50 150 100 0
50 150 100 0
50 150 100 0
50 150 100 0
50 150 100 0
50 150 100 0
50 150 100 0
50 150 100 0
50 150 100 0
50 150 100 0
50 150 100 0
50 150 100 0
50 150 100 0
50 150 100 0
50 150 100 0
50 150 100 0
50 150 100 0
50 150 100 0
50 150 100 0
50 150 100 0
 80 91 86 0
 121 107 99 1
 76 87 77 0
 55 69 60 0
 47 62 54 0
 40 51 43 0
 48 60 52 0
 45 54 47 0
 54 66 58 0
 38 50 42 0
 50 60 53 0
 41 50 45 0
 35 41 38 0
 52 64 62 0
 42 56 53 0
 55 75 67 0
 43 61 58 0
 63 87 85 0
 64 79 71 0
 124 115 112 1
 94 93 90 0
50 150 100 0
50 150 100 0
50 150 100 0
50 150 100 0
50 150 100 0
50 150 100 0
50 150 100 0
50 150 100 0
50 150 100 0
50 150 100 0
50 150 100 0
50 150 100 0
50 150 100 0
50 150 100 0
50 150 100 0
50 150 100 0
50 150 100 0
50 150 100 0
50 150 100 0
50 150 100 0
50 150 100 0
50 150 100 0
50 150 100 0
50 150 100 0
50 150 100 0
50 150 100 0
50 150 100 0
50 150 100 0
50 150 100 0
50 150 100 0
50 150 100 0
50 150 100 0
50 150 100 0
50 150 100 0
50 150 100 0
50 150 100 0
50 150 100 0
50 150 100 0
50 150 100 0
 51 56 54 0
 154 142 138 1
 99 93 87 1
 53 59 53 0
 58 72 64 0
 49 58 52 0
 36 43 37 0
 57 71 64 0
 43 54 44 0
 44 51 43 0
 54 60 54 0
 41 52 44 0
 44 53 49 0
 81 101 104 0
 49 64 62 0
 51 73 69 0
 66 92 90 0
 47 65 61 0
 71 85 77 0
 174 153 153 1
50 150 100 0
50 150 100 0
50 150 100 0
50 150 100 0
50 150 100 0
50 150 100 0
50 150 100 0
50 150 100 0
50 150 100 0
50 150 100 0
50 150 100 0
50 150 100 0
50 150 100 0
50 150 100 0
50 150 100 0
50 150 100 0
50 150 100 0
50 150 100 0
50 150 100 0
50 150 100 0
50 150 100 0
50 150 100 0
50 150 100 0
50 150 100 0
50 150 100 0
50 150 100 0
50 150 100 0
50 150 100 0
50 150 100 0
50 150 100 0
50 150 100 0
50 150 100 0
50 150 100 0
50 150 100 0
50 150 100 0
50 150 100 0
50 150 100 0
50 150 100 0
50 150 100 0
50 150 100 0
50 150 100 0
 124 116 112 1
 73 70 64 0
 67 72 66 0
 51 64 58 0
 40 47 43 0
 44 51 46 0
 48 58 49 0
 39 44 38 0
 56 60 53 0
 54 59 55 0
 54 73 61 0
 46 61 55 0
 62 87 90 0
 39 59 59 0
 48 67 61 0
 41 66 65 0
 66 89 91 0
 65 78 72 0
 126 118 116 1
50 150 100 0
50 150 100 0
50 150 100 0
50 150 100 0
50 150 100 0
50 150 100 0
50 150 100 0
50 150 100 0
50 150 100 0
50 150 100 0
50 150 100 0
50 150 100 0
50 150 100 0
50 150 100 0
50 150 100 0
50 150 100 0
50 150 100 0
50 150 100 0
50 150 100 0
50 150 100 0
50 150 100 0
50 150 100 0
50 150 100 0
50 150 100 0
50 150 100 0
50 150 100 0
50 150 100 0
50 150 100 0
50 150 100 0
50 150 100 0
50 150 100 0
50 150 100 0
50 150 100 0
50 150 100 0
50 150 100 0
50 150 100 0
50 150 100 0
50 150 100 0
50 150 100 0
50 150 100 0
50 150 100 0
 76 80 76 0
 104 100 91 1
 60 64 55 0
 63 74 65 0
 44 53 46 0
 46 56 46 0
 38 46 38 0
 46 52 45 0
 51 55 49 0
 54 58 53 0
 50 72 64 0
 37 49 45 0
 56 69 69 0
 50 67 65 0
 39 55 49 0
 51 68 66 0
 47 61 63 0
 71 80 74 0
 19 12 13 0
50 150 100 0
50 150 100 0
50 150 100 0
50 150 100 0
50 150 100 0
50 150 100 0
50 150 100 0
50 150 100 0
50 150 100 0
50 150 100 0
50 150 100 0
50 150 100 0
50 150 100 0
50 150 100 0
50 150 100 0
50 150 100 0
50 150 100 0
50 150 100 0
50 150 100 0
50 150 100 0
50 150 100 0
50 150 100 0
50 150 100 0
50 150 100 0
50 150 100 0
50 150 100 0
50 150 100 0
50 150 100 0
50 150 100 0
50 150 100 0
50 150 100 0
50 150 100 0
50 150 100 0
50 150 100 0
50 150 100 0
50 150 100 0
50 150 100 0
50 150 100 0
50 150 100 0
50 150 100 0
50 150 100 0
50 150 100 0
 82 79 71 0
 80 86 79 0
 52 63 54 0
 45 55 48 0
 42 50 37 0
 31 37 28 0
 40 46 38 0
 42 45 41 0
 63 70 66 0
 45 61 59 0
 48 56 57 0
 35 41 43 0
 44 54 51 0
 55 70 66 0
 63 78 87 0
 60 68 65 1
 127 116 113 1
50 150 100 0
50 150 100 0
50 150 100 0
50 150 100 0
50 150 100 0
50 150 100 0
50 150 100 0
50 150 100 0
50 150 100 0
50 150 100 0
50 150 100 0
50 150 100 0
50 150 100 0
50 150 100 0
50 150 100 0
50 150 100 0
50 150 100 0
50 150 100 0
50 150 100 0
50 150 100 0
50 150 100 0
50 150 100 0
50 150 100 0
50 150 100 0
50 150 100 0
50 150 100 0
50 150 100 0
50 150 100 0
50 150 100 0
50 150 100 0
50 150 100 0
50 150 100 0
50 150 100 0
50 150 100 0
50 150 100 0
50 150 100 0
50 150 100 0
50 150 100 0
50 150 100 0
50 150 100 0
50 150 100 0
50 150 100 0
50 150 100 0
 172 98 138 1
 52 58 51 0
 49 57 51 0
 42 48 42 0
 37 44 33 0
 37 42 33 0
 41 49 40 0
 30 35 29 0
 50 55 50 0
 39 47 46 0
 50 57 57 0
 64 77 76 0
 47 55 52 0
 50 63 61 0
 49 67 66 0
 83 103 114 0
50 150 100 0
50 150 100 0
50 150 100 0
50 150 100 0
50 150 100 0
50 150 100 0
50 150 100 0
50 150 100 0
50 150 100 0
50 150 100 0
50 150 100 0
50 150 100 0
50 150 100 0
50 150 100 0
50 150 100 0
50 150 100 0
50 150 100 0
50 150 100 0
50 150 100 0
50 150 100 0
50 150 100 0
50 150 100 0
50 150 100 0
50 150 100 0
50 150 100 0
50 150 100 0
50 150 100 0
50 150 100 0
50 150 100 0
50 150 100 0
50 150 100 0
50 150 100 0
50 150 100 0
50 150 100 0
50 150 100 0
50 150 100 0
50 150 100 0
50 150 100 0
50 150 100 0
50 150 100 0
50 150 100 0
50 150 100 0
50 150 100 0
50 150 100 0
 17 3 10 0
 60 65 60 0
 47 54 48 0
 39 41 36 0
 35 40 30 0
 43 49 36 0
 38 45 34 0
 41 49 44 0
 55 69 64 0
 51 61 59 0
 36 45 44 0
 48 58 57 0
 60 72 67 0
 47 55 54 0
 53 73 67 0
 82 87 86 0
50 150 100 0
50 150 100 0
50 150 100 0
50 150 100 0
50 150 100 0
50 150 100 0
50 150 100 0
50 150 100 0
50 150 100 0
50 150 100 0
50 150 100 0
50 150 100 0
50 150 100 0
50 150 100 0
50 150 100 0
50 150 100 0
50 150 100 0
50 150 100 0
50 150 100 0
50 150 100 0
50 150 100 0
50 150 100 0
50 150 100 0
50 150 100 0
50 150 100 0
50 150 100 0
50 150 100 0
50 150 100 0
50 150 100 0
50 150 100 0
50 150 100 0
50 150 100 0
50 150 100 0
50 150 100 0
50 150 100 0
50 150 100 0
50 150 100 0
50 150 100 0
50 150 100 0
50 150 100 0
50 150 100 0
50 150 100 0
50 150 100 0
50 150 100 0
50 150 100 0
50 150 100 0
50 150 100 0
50 150 100 0
50 150 100 0
50 150 100 0
50 150 100 0
50 150 100 0
50 150 100 0
50 150 100 0
50 150 100 0
50 150 100 0
50 150 100 0
50 150 100 0
50 150 100 0
50 150 100 0
50 150 100 0
50 150 100 0
50 150 100 0
50 150 100 0
50 150 100 0
50 150 100 0
50 150 100 0
50 150 100 0
50 150 100 0
50 150 100 0
50 150 100 0
50 150 100 0
50 150 100 0
50 150 100 0
50 150 100 0
50 150 100 0
50 150 100 0
50 150 100 0
50 150 100 0
50 150 100 0
50 150 100 0
50 150 100 0
50 150 100 0
50 150 100 0
50 150 100 0
50 150 100 0
50 150 100 0
50 150 100 0
50 150 100 0
50 150 100 0
50 150 100 0
50 150 100 0
50 150 100 0
50 150 100 0
50 150 100 0
50 150 100 0
50 150 100 0
50 150 100 0
50 150 100 0
50 150 100 0
50 150 100 0
50 150 100 0
50 150 100 0
50 150 100 0
50 150 100 0
50 150 100 0
50 150 100 0
50 150 100 0
50 150 100 0
50 150 100 0
50 150 100 0
50 150 100 0
50 150 100 0
50 150 100 0
50 150 100 0
50 150 100 0
50 150 100 0
50 150 100 0
50 150 100 0
50 150 100 0
50 150 100 0
50 150 100 0
50 150 100 0
50 150 100 0
50 150 100 0
50 150 100 0
50 150 100 0
50 150 100 0
50 150 100 0
50 150 100 0
50 150 100 0
50 150 100 0
50 150 100 0
50 150 100 0
50 150 100 0
50 150 100 0
50 150 100 0
50 150 100 0
50 150 100 0
50 150 100 0
50 150 100 0
50 150 100 0
50 150 100 0
50 150 100 0
50 150 100 0
50 150 100 0
50 150 100 0
50 150 100 0
50 150 100 0
50 150 100 0
50 150 100 0
50 150 100 0
50 150 100 0
50 150 100 0
50 150 100 0
50 150 100 0
50 150 100 0
50 150 100 0
50 150 100 0
50 150 100 0
50 150 100 0
50 150 100 0
50 150 100 0
50 150 100 0
50 150 100 0
50 150 100 0
50 150 100 0
50 150 100 0
50 150 100 0
50 150 100 0
50 150 100 0
50 150 100 0
50 150 100 0
50 150 100 0
50 150 100 0
50 150 100 0
50 150 100 0
50 150 100 0
50 150 100 0
50 150 100 0
50 150 100 0
50 150 100 0
50 150 100 0
50 150 100 0
50 150 100 0
50 150 100 0
50 150 100 0
50 150 100 0
50 150 100 0
50 150 100 0
50 150 100 0
50 150 100 0
50 150 100 0
50 150 100 0
50 150 100 0
50 150 100 0
50 150 100 0
50 150 100 0
50 150 100 0
50 150 100 0
50 150 100 0
50 150 100 0
50 150 100 0
50 150 100 0
50 150 100 0
50 150 100 0
50 150 100 0
50 150 100 0
50 150 100 0
50 150 100 0
50 150 100 0
50 150 100 0
50 150 100 0
50 150 100 0
50 150 100 0
50 150 100 0
50 150 100 0
50 150 100 0
50 150 100 0
50 150 100 0
50 150 100 0
50 150 100 0
50 150 100 0
50 150 100 0
50 150 100 0
50 150 100 0
50 150 100 0
50 150 100 0
50 150 100 0
50 150 100 0
50 150 100 0
50 150 100 0
50 150 100 0
50 150 100 0
50 150 100 0
50 150 100 0
50 150 100 0
50 150 100 0
50 150 100 0
50 150 100 0
50 150 100 0
50 150 100 0
50 150 100 0
50 150 100 0
50 150 100 0
50 150 100 0
50 150 100 0
50 150 100 0
50 150 100 0
50 150 100 0
50 150 100 0
50 150 100 0
50 150 100 0
50 150 100 0
50 150 100 0
50 150 100 0
50 150 100 0
50 150 100 0
50 150 100 0
50 150 100 0
50 150 100 0
50 150 100 0

